2585,2021/12/21,356.75,358.75,301.5,301.5,5089.2001953125
2585,2021/12/22,290.5,312.5,288.25,309.5,969.600036621094
2585,2021/12/23,307.5,331.5,305,330.5,435.200012207031
2585,2021/12/24,327.75,330,305,325,252.800003051758
2585,2021/12/27,322.5,322.5,305.5,308.75,162
2585,2021/12/28,308.5,314.25,288.5,298.5,451.600006103516
2585,2021/12/29,291.75,299.25,285,296.25,74.4000015258789
2585,2021/12/30,289.5,290.25,288.25,288.25,41.6000022888184
2585,2022/01/04,294.5,294.5,277.75,277.75,118.400001525879
2585,2022/01/05,276.5,284.5,260,260.5,269.200012207031
2585,2022/01/06,257.5,274.5,256.5,268.25,214
2585,2022/01/07,273.5,281.5,267.5,276.25,76
2585,2022/01/11,276.25,277.25,267.75,267.75,46.4000015258789
2585,2022/01/12,274.5,290.75,274.5,287.5,268.399993896484
2585,2022/01/13,287.5,299.25,273.75,280,285.200012207031
2585,2022/01/14,279.75,287.5,275,280.25,98.4000015258789
2585,2022/01/17,280.25,317.5,280,298.75,256.399993896484
2585,2022/01/18,300,300,290,293.5,56
2585,2022/01/19,288.5,296.5,282.75,286,96.8000030517578
2585,2022/01/20,291.5,291.5,275,275,88
2585,2022/01/21,273.25,278.5,263.75,267.5,35.6000022888184
2585,2022/01/24,261,273.5,260.75,264.75,62.7999992370605
2585,2022/01/25,261.25,272.25,251.5,251.5,46.4000015258789
2585,2022/01/26,252.75,261.25,252.5,252.75,104.800003051758
2585,2022/01/27,253.75,259,252.5,257,16.3999996185303
2585,2022/01/28,253.75,260.75,253.75,258,58
2585,2022/01/31,261.25,287.5,261.25,273.5,90.4000015258789
2585,2022/02/01,274.75,280,271.5,275,17.6000003814697
2585,2022/02/02,270.75,281.75,269.5,277.5,79.5999984741211
2585,2022/02/03,274.75,279.5,271.5,273.75,56.7999992370605
2585,2022/02/04,270.25,280,268.25,273.75,42.4000015258789
2585,2022/02/07,280.75,280.75,272.25,274.75,26
2585,2022/02/08,275.25,285.5,271.25,277.25,76.8000030517578
2585,2022/02/09,275,280.25,265,277.25,93.2000045776367
2585,2022/02/10,277.25,280.25,275,280,47.6000022888184
2585,2022/02/14,276,278,266.5,266.5,82
2585,2022/02/15,272.25,295.75,270,295.5,169.199996948242
2585,2022/02/16,307.5,314.25,291,292.25,132.400009155273
2585,2022/02/17,292.5,298,281.75,281.75,48.7999992370605
2585,2022/02/18,281.75,298,280.75,288.75,32.7999992370605
2585,2022/02/21,278.75,288.5,276,288.5,20.8000011444092
2585,2022/02/22,277.75,285,265,274.75,96.8000030517578
2585,2022/02/24,296.25,299.75,286.75,294,104
2585,2022/02/25,291.75,305,287.75,298.5,94
2585,2022/02/28,291,297.5,288.75,289,64.4000015258789
2585,2022/03/01,290.25,297.5,289.5,291.5,50.4000015258789
2585,2022/03/02,291.5,300.75,280.25,289.25,85.5999984741211
2585,2022/03/03,281.75,288.5,281.75,285.5,44
2585,2022/03/04,289.25,289.25,275.25,281,90.4000015258789
2585,2022/03/07,275.5,285.75,270.75,279.75,36.4000015258789
2585,2022/03/08,268.5,276.5,267,268.75,23.2000007629395
2585,2022/03/09,270,272.5,266.25,269.75,43.2000007629395
2585,2022/03/10,275,287,271.75,283.25,55.2000007629395
2585,2022/03/11,275.75,276.25,265.25,267.75,82
2585,2022/03/14,267.75,277.75,265,277.25,42
2585,2022/03/15,270,286,270,282.5,44
2585,2022/03/16,278,285.25,278,282.5,24.3999996185303
2585,2022/03/17,279.25,286,278.5,285.75,18
2585,2022/03/18,282,290,280,289.5,36.7999992370605
2585,2022/03/22,291.75,293.75,284,293.25,43.2000007629395
2585,2022/03/23,289.5,296.5,289,293.25,56.7999992370605
2585,2022/03/24,288,291.75,284.75,289.5,50.7999992370605
2585,2022/03/25,288,288,281,281.5,63.2000007629395
2585,2022/03/28,281.5,287,278.25,282.25,74
2585,2022/03/29,283.25,293,281.5,287,68.4000015258789
2585,2022/03/30,281,290.5,280.25,284.75,68
2585,2022/03/31,282.5,284.5,274.25,275,66.8000030517578
2585,2022/04/01,275.25,287.25,272.5,287.25,52
2585,2022/04/04,283,285.25,275.5,279,168.800003051758
2585,2022/04/05,282.5,289.25,280.5,282,215.199996948242
2585,2022/04/06,281,284,277.25,281,122.800003051758
2585,2022/04/07,276.75,286,276.75,284,95.2000045776367
2585,2022/04/08,285,304.25,280.25,295,151.199996948242
2585,2022/04/11,295,314.25,293.25,312,181.600006103516
2585,2022/04/12,312,330,312,328.75,268.800018310547
2585,2022/04/13,335.75,337.5,317,332.25,250
2585,2022/04/14,324.75,334,318.25,331.5,153.600006103516
2585,2022/04/15,325,325,312.5,317.75,233.199996948242
2585,2022/04/18,320.5,344.5,319.75,341.25,246.400009155273
2585,2022/04/19,342.5,346,324.5,328,202.400009155273
2585,2022/04/20,328.5,337.5,318,320.75,89.2000045776367
2585,2022/04/21,313.75,320.75,312.75,315.75,71.2000045776367
2585,2022/04/22,321,321,298.5,309.5,88
2585,2022/04/25,302,313.75,298.75,312.75,71.5999984741211
2585,2022/04/26,312.5,327.5,312.5,320.5,82
2585,2022/04/27,324.5,340.5,318,324.25,187.199996948242
2585,2022/04/28,322.5,333.75,312,326.75,220
2585,2022/05/02,322,328,317.5,318.75,102
2585,2022/05/06,325,326,316.25,321,90
2585,2022/05/09,321,321,295.75,302.5,245.600006103516
2585,2022/05/10,296.5,296.75,286.25,290.5,154
2585,2022/05/11,298,298,283.5,288,184
2585,2022/05/12,282.75,295,279,286.75,324
2585,2022/05/13,291,331.25,282.25,314.75,691.600036621094
2585,2022/05/16,302.75,330,290,317.5,342.800018310547
2585,2022/05/17,341.25,374.75,341.25,350,539.600036621094
2585,2022/05/18,345,355.5,342,347.25,179.600006103516
2585,2022/05/19,337.75,349.75,335.25,343.25,163.199996948242
2585,2022/05/20,341.5,365.75,340,353.25,288.800018310547
2585,2022/05/23,353.25,374.5,347.5,362.5,239.600006103516
2585,2022/05/24,359.25,386.75,351.25,386.75,385.200012207031
2585,2022/05/25,385,385,361.5,366.75,340
2585,2022/05/26,364,391.25,364,373.5,337.200012207031
2585,2022/05/27,392.5,403.75,382.75,392.5,660.799987792969
2585,2022/05/30,390,392.25,368.75,375,366
2585,2022/05/31,381.25,390.5,366,379.75,228.400009155273
2585,2022/06/01,386,403,380,398.75,452.399993896484
2585,2022/06/02,387.5,391.5,373,381.5,356.800018310547
2585,2022/06/03,383.25,383.75,372.75,375,50
2585,2022/06/06,385,410.5,385,403.25,579.200012207031
2585,2022/06/07,396.75,401.75,385.5,395.5,204
2585,2022/06/08,400,407.25,392.75,398,254.800003051758
2585,2022/06/09,400,408.5,395,406,211.199996948242
2585,2022/06/10,407.25,412.25,401.25,405.25,273.600006103516
2585,2022/06/13,410,445,410,422.75,1061.20007324219
2585,2022/06/14,421.25,421.25,405.25,415.5,295.600006103516
2585,2022/06/15,422.5,442,422.5,435,515.200012207031
2585,2022/06/16,435,438,415,423.25,474.399993896484
2585,2022/06/17,422,430,412.5,420.5,266.800018310547
2585,2022/06/20,419,419,393.75,410.5,319.600006103516
2585,2022/06/21,403,419.75,401.75,414.25,142
2585,2022/06/22,414.25,425.75,401,425,185.199996948242
2585,2022/06/23,425.25,439.25,417.25,428.75,297.200012207031
2585,2022/06/24,424,436.5,424,430.5,196
2585,2022/06/27,437.5,461.25,435,437.5,570.799987792969
2585,2022/06/28,444.25,450.25,432.75,446,284.399993896484
2585,2022/06/29,446.25,455.75,438.75,442.75,440.399993896484
2585,2022/06/30,449.5,464.5,447.25,459.25,580
2585,2022/07/01,468,487.5,448,455.25,478
2585,2022/07/04,459.5,459.5,438.75,454.75,339.200012207031
2585,2022/07/05,454.5,462,442.75,443.5,209.199996948242
2585,2022/07/06,442.5,442.5,421.25,426.75,306
2585,2022/07/07,425,425.5,410.25,420.25,327.200012207031
2585,2022/07/08,427.5,442.25,420,434.5,288.399993896484
2585,2022/07/11,441.25,451.75,440.5,450,287.600006103516
2585,2022/07/12,450,469.5,449.5,463.25,314.399993896484
2585,2022/07/13,462.75,465.25,448.25,457.5,169.199996948242
2585,2022/07/14,459.5,468.75,459.5,465,203.199996948242
2585,2022/07/15,467.25,484.5,460,481.25,432.399993896484
2585,2022/07/19,478.75,478.75,455.25,462.5,264
2585,2022/07/20,462.5,462.5,448.75,455.5,205.600006103516
2585,2022/07/21,449.5,455,446,446.25,109.599998474121
2585,2022/07/22,450,453.25,443.75,445.5,144.800003051758
2585,2022/07/25,449.5,462.25,446.75,460.75,266.399993896484
2585,2022/07/26,460,460,430.75,433.75,438.399993896484
2585,2022/07/27,437,437.75,425,432.75,212.400009155273
2585,2022/07/28,430,437.5,418.25,437,229.199996948242
2585,2022/07/29,442.25,456.5,438.25,453.5,348
2585,2022/08/01,450,456.75,435.5,437.25,261.600006103516
2585,2022/08/02,437.5,444.5,432.5,433,192.400009155273
2585,2022/08/03,432.5,433.5,420,427,229.600006103516
2585,2022/08/04,432.25,432.25,415,418.25,138.400009155273
2585,2022/08/05,418.25,418.25,406.25,414,216
2585,2022/08/08,408.25,435,408,434.75,297.600006103516
2585,2022/08/09,433.5,433.75,422.5,426.5,187.199996948242
2585,2022/08/10,434.75,434.75,412.5,418.5,420.800018310547
2585,2022/08/12,425,473.5,425,460.5,1184.40002441406
2585,2022/08/15,460.5,519.75,453.25,500.25,1209.59997558594
2585,2022/08/16,501.25,528.75,488,492,900
2585,2022/08/17,502,509.25,465.5,468.75,588
2585,2022/08/18,458.75,458.75,445,448,571.200012207031
2585,2022/08/19,457.5,474.75,448.75,471.25,530
2585,2022/08/22,462.5,471.25,454.75,459.5,130
2585,2022/08/23,462,468.75,453.75,460.75,114
2585,2022/08/24,464,464,450.5,458.5,98
2585,2022/08/25,458.5,458.5,434.75,443.75,476.800018310547
2585,2022/08/26,447.5,452.25,441.75,447.75,182
2585,2022/08/29,437.75,443.75,433.5,434.5,141.600006103516
2585,2022/08/30,436.25,447.25,434,443.5,143.199996948242
2585,2022/08/31,443.5,445,436.25,439,89.2000045776367
2585,2022/09/01,440.5,448.75,436.25,444.75,153.600006103516
2585,2022/09/02,443.75,443.75,431.25,435,216.800003051758
2585,2022/09/05,435,437.5,422.25,424,174.400009155273
2585,2022/09/06,428.25,428.25,413.75,422,150.800003051758
2585,2022/09/07,417.75,417.75,402.5,406.25,358
2585,2022/09/08,406.25,409.75,400.5,404,250.400009155273
2585,2022/09/09,407.5,408.25,398.5,403.5,276
2585,2022/09/12,401.5,404.25,389.25,400,383.600006103516
2585,2022/09/13,400,404.25,391.25,395.5,254
2585,2022/09/14,387,387.5,375,381.25,361.600006103516
2585,2022/09/15,383.25,386,371.5,373,374.800018310547
2585,2022/09/16,367.75,372.5,357.25,368.5,424.800018310547
2585,2022/09/20,375,381.75,365,378.75,271.200012207031
2585,2022/09/21,383,383,369.5,375.5,310.800018310547
2585,2022/09/22,358,368.5,357.75,367.25,237.199996948242
2585,2022/09/26,362.75,369.25,356.5,367.25,215.199996948242
2585,2022/09/27,371.75,381.25,365.75,375,193.199996948242
2585,2022/09/28,407.5,418,390.75,396.5,1168
2585,2022/09/29,394.25,413.25,388,407.75,511.200012207031
2585,2022/09/30,414.75,427.5,410.5,422.75,599.200012207031
2585,2022/10/03,425,432,417.25,425,276.800018310547
2585,2022/10/04,431.5,450,425.5,437.75,371.600006103516
2585,2022/10/05,450,457.5,436,436.75,304
2585,2022/10/06,440.25,451.25,432.5,436.75,226.800003051758
2585,2022/10/07,436,446.75,435.25,446.75,162.400009155273
2585,2022/10/11,446.75,452.5,426.25,450,265.200012207031
2585,2022/10/12,450,457,443.75,455.75,111.599998474121
2585,2022/10/13,459.25,459.25,447.75,458.25,198
2585,2022/10/14,461.5,465.25,455,459,180
2585,2022/10/17,458.75,465,456.75,462.5,143.199996948242
2585,2022/10/18,460,462.5,439.5,444,388.399993896484
2585,2022/10/19,439,448.75,434,444.25,157.600006103516
2585,2022/10/20,453.25,453.25,442.75,450.75,117.200004577637
2585,2022/10/21,450,450,438.25,441.25,144
2585,2022/10/24,446.75,451,434.5,450,281.200012207031
2585,2022/10/25,449.75,453.75,442.25,450,80
2585,2022/10/26,447,462.25,445.75,462.25,139.600006103516
2585,2022/10/27,458,471.25,451.25,462.75,247.600006103516
2585,2022/10/28,467.25,473.75,462,469,170.400009155273
2585,2022/10/31,474.25,477.5,467.75,475,174.800003051758
2585,2022/11/01,472,485.5,472,481.5,140.800003051758
2585,2022/11/02,480.75,488,479,481.75,170.400009155273
2585,2022/11/04,477.5,491.75,477,485.5,192.400009155273
2585,2022/11/07,487.75,487.75,458.25,461.25,158
2585,2022/11/08,461.25,461.25,447.75,452.5,334.399993896484
2585,2022/11/09,492.5,531.5,487.5,521.25,1524.80004882813
2585,2022/11/10,533.75,539.25,504.5,520,892
2585,2022/11/11,517.5,520.25,484.25,491.75,418.399993896484
2585,2022/11/14,488.75,495,480.75,481.5,244.400009155273
2585,2022/11/15,481.5,503.75,477,495.75,282
2585,2022/11/16,497.75,520.75,495,509.5,263.200012207031
2585,2022/11/17,520,533.5,517.5,529.5,309.200012207031
2585,2022/11/18,522.5,532.5,520.25,522.5,125.200004577637
2585,2022/11/21,522.5,530.5,503.75,510,175.600006103516
2585,2022/11/22,510.5,525.25,510.5,516.25,174
2585,2022/11/24,516.25,523.5,513.5,521.5,136
2585,2022/11/25,521.25,525,505,507.5,198.400009155273
2585,2022/11/28,506.25,522.5,499,512.75,294.399993896484
2585,2022/11/29,510.25,515.5,498.75,499,212
2585,2022/11/30,492.5,502.25,472.75,495.5,417.600006103516
2585,2022/12/01,495.5,504.5,492.25,495.75,247.199996948242
2585,2022/12/02,492.5,505,491,500.5,218.800003051758
2585,2022/12/05,523.5,523.75,499.25,506,200
2585,2022/12/06,506,514.5,500.25,514,181.600006103516
2585,2022/12/07,502.75,521.5,497,517.5,213.199996948242
2585,2022/12/08,527.5,537.25,510.25,512.5,527.600036621094
2585,2022/12/09,510.5,519.75,503.25,505.5,210.800003051758
2585,2022/12/12,512,552.5,503.5,506.25,639.600036621094
2585,2022/12/13,518.75,542.5,515.5,533.75,408
2585,2022/12/14,549.5,593.75,548.75,570.75,613.200012207031
2585,2022/12/15,564.25,580.5,559.25,576.75,271.600006103516
2585,2022/12/16,573.5,602.5,573.5,591.25,452.800018310547
2585,2022/12/19,587.5,604.5,570.5,596.25,334.800018310547
2585,2022/12/20,604.25,632.5,582.25,605,533.600036621094
2585,2022/12/21,605,622,600,612,456.399993896484
2585,2022/12/22,618.5,622.75,600.5,605.25,188
2585,2022/12/23,622.5,638.75,617.5,623.5,522.799987792969
2585,2022/12/26,618,631.5,612,625,172.400009155273
2585,2022/12/27,625.5,657.75,625.5,652.5,199.199996948242
2585,2022/12/28,652.5,660.25,636.75,646.5,182.400009155273
2585,2022/12/29,644.75,658,636.75,652.5,247.600006103516
2585,2022/12/30,651.25,663.75,629.5,655.75,178.800003051758
2585,2023/01/04,654,662,645.75,646.75,109.599998474121
2585,2023/01/05,649.25,653.25,620,620.5,154
2585,2023/01/06,614.5,630.75,607,623.75,222
2585,2023/01/10,625,625,596.5,602.25,172
2585,2023/01/11,597,609.5,589.75,593,130
2585,2023/01/12,596.25,615.5,592.5,611.5,149.600006103516
2585,2023/01/13,611.5,640.25,609.5,631.25,268.399993896484
2585,2023/01/16,636,657,624.25,648.25,239.600006103516
2585,2023/01/17,651.5,651.5,625.25,630,140.400009155273
2585,2023/01/18,630,632.5,612.5,625,108
2585,2023/01/19,630.75,641,618.5,624,117.200004577637
2585,2023/01/20,621,628.5,619,627.25,64
2585,2023/01/23,623.5,629.5,600,605.5,179.600006103516
2585,2023/01/24,603,609.5,575.5,583.75,288
2585,2023/01/25,578.5,589.75,575.5,584.5,172.800003051758
2585,2023/01/26,584.5,586.25,554,579.5,308.399993896484
2585,2023/01/27,576.5,594.75,576.5,584.5,157.199996948242
2585,2023/01/30,590.5,590.5,572.5,577.25,83.2000045776367
2585,2023/01/31,587.25,587.25,573.5,581.75,98
2585,2023/02/01,579.5,586.25,575,583,93.2000045776367
2585,2023/02/02,582.75,611.25,580.25,592.5,323.200012207031
2585,2023/02/03,597,603.75,582.75,587.25,112
2585,2023/02/06,587.25,589.25,572.75,575,146.800003051758
2585,2023/02/07,581.75,584.75,555.5,564.75,164
2585,2023/02/08,574.25,574.25,560,562.25,68.8000030517578
2585,2023/02/09,560.5,562.5,542.5,556.75,170.400009155273
2585,2023/02/10,556.75,559.75,550.75,558,82
2585,2023/02/13,569,596,561.75,588.25,272.800018310547
2585,2023/02/14,624.75,670,613,667.25,1082
2585,2023/02/15,698,743.75,642.25,671.5,720.400024414063
2585,2023/02/16,650.25,687.25,647.5,658,424
2585,2023/02/17,663.5,752.5,662.25,710.25,886.400024414063
2585,2023/02/20,700.75,720.75,689.25,708.75,274.800018310547
2585,2023/02/21,719.5,729.75,699.75,725,226
2585,2023/02/22,701.5,725,696,696.5,110.400001525879
2585,2023/02/24,696.5,707,663.5,674,271.200012207031
2585,2023/02/27,672.75,685.5,652.5,661.25,191.199996948242
2585,2023/02/28,663.75,680.5,653.25,668.25,248
2585,2023/03/01,668.25,685.75,654,675,170
2585,2023/03/02,670.75,697.75,670.75,690,162
2585,2023/03/03,700,707.25,687.25,694.5,127.200004577637
2585,2023/03/06,719.5,730,699,707.25,283.200012207031
2585,2023/03/07,707,739.75,702.75,725.5,169.199996948242
2585,2023/03/08,738,787.5,737,748.5,292.399993896484
2585,2023/03/09,787.5,816.25,745.25,746.25,207.600006103516
2585,2023/03/10,738,755,727.75,727.75,210.400009155273
2585,2023/03/13,717.5,737,709.25,733.5,159.199996948242
2585,2023/03/14,728,742.25,720,722.25,135.199996948242
2585,2023/03/15,713,720,664.25,699.75,531.600036621094
2585,2023/03/16,687.25,697.5,660,684.75,247.199996948242
2585,2023/03/17,682,687,662.5,683.75,233.600006103516
2585,2023/03/20,675.5,687,654.75,662.25,176
2585,2023/03/22,667.25,697.25,665,675.5,193.600006103516
2585,2023/03/23,666.75,678.25,661.25,673.25,136.400009155273
2585,2023/03/24,666.5,684.25,645,675.5,215.600006103516
2585,2023/03/27,676,687.25,673.5,684.5,96.4000015258789
2585,2023/03/28,684.5,687.5,672.5,672.5,133.199996948242
2585,2023/03/29,672.5,680.5,665,667,70.4000015258789
2585,2023/03/30,670.25,699.75,667,676.5,115.200004577637
2585,2023/03/31,802.5,802.5,802.5,802.5,153.199996948242
2585,2023/04/03,761.25,806.25,752.5,776.25,636.799987792969
2585,2023/04/04,771.25,806.25,771.25,792.5,300
2585,2023/04/05,800,812.5,752.5,752.5,228.400009155273
2585,2023/04/06,752.5,763.75,741.25,751.25,92
2585,2023/04/07,751.25,757.5,725.25,725.75,115.599998474121
2585,2023/04/10,738.25,763.75,736,757.5,96
2585,2023/04/11,775,817.5,772.5,803.75,152
2585,2023/04/12,812.5,827.5,800,805,163.199996948242
2585,2023/04/13,800,801.25,761.25,777.5,197.600006103516
2585,2023/04/14,795,821.25,791.25,793.75,160.800003051758
2585,2023/04/17,777.5,780,756.25,772.5,153.600006103516
2585,2023/04/18,766.25,778.75,765,771.25,48
2585,2023/04/19,771.25,812.5,771.25,808.75,104.800003051758
2585,2023/04/20,821.25,842.5,813.75,825,174.800003051758
2585,2023/04/21,823.75,828.75,802.5,802.5,96.8000030517578
2585,2023/04/24,820,820,800,820,66.4000015258789
2585,2023/04/25,812.5,820,788.75,788.75,151.199996948242
2585,2023/04/26,793.75,807.5,775,802.5,113.200004577637
2585,2023/04/27,811.25,821.25,796.25,805,80.8000030517578
2585,2023/04/28,815,817.5,781.25,791.25,115.200004577637
2585,2023/05/01,791.25,791.25,747.75,755,258.800018310547
2585,2023/05/02,746.5,755,715,752.5,442.399993896484
2585,2023/05/08,760,798.75,756.25,790,250.400009155273
2585,2023/05/09,807.5,836.25,785,785,260.399993896484
2585,2023/05/10,795,795,755,761.25,168.800003051758
2585,2023/05/11,762.5,773.75,760,768.75,78.8000030517578
2585,2023/05/12,772.5,781.25,762.5,780,216.800003051758
2585,2023/05/15,836.25,882.5,820,847.5,424.399993896484
2585,2023/05/16,871.25,926.25,870,878.75,487.200012207031
2585,2023/05/17,880,886.25,842.5,863.75,205.199996948242
2585,2023/05/18,893.75,893.75,836.25,852.5,188
2585,2023/05/19,847.5,870,841.25,856.25,149.199996948242
2585,2023/05/22,852.5,905,850,896.25,202.400009155273
2585,2023/05/23,902.5,916.25,891.25,898.75,217.600006103516
2585,2023/05/24,900,931.25,890,922.5,408.800018310547
2585,2023/05/25,953.75,973.75,913.75,925,454.399993896484
2585,2023/05/26,925,925,895,913.75,124
2585,2023/05/29,915,922.5,903.75,920,118.400001525879
2585,2023/05/30,920,923.75,902.5,910,158.400009155273
2585,2023/05/31,910,911.25,887.5,887.5,113.599998474121
2585,2023/06/01,905,906.25,885,888.75,76
2585,2023/06/02,787.5,861.25,750,820,1284
2585,2023/06/05,855,911.25,838.75,911.25,521.600036621094
2585,2023/06/06,938.75,987.5,913.75,935,453.600006103516
2585,2023/06/07,925,928.75,905,920,234
2585,2023/06/08,912.5,920,880,893.75,234.800003051758
2585,2023/06/09,900,908.75,871.25,875,219.199996948242
2585,2023/06/12,876.25,906.25,876.25,900,209.199996948242
2585,2023/06/13,886.25,917.5,853.75,911.25,573.200012207031
2585,2023/06/14,911.25,911.25,875,885,333.200012207031
2585,2023/06/15,878.75,911.25,878.75,890,415.200012207031
2585,2023/06/16,900,952.5,887.5,940,565.200012207031
2585,2023/06/19,948.75,981.25,941.25,962.5,458.399993896484
2585,2023/06/20,980,1020,970,1020,650
2585,2023/06/21,1090,1090,1021.25,1046.25,721.600036621094
2585,2023/06/22,1046.25,1082.5,1021.25,1028.75,632
2585,2023/06/23,1021.25,1027.5,925,926.25,912.799987792969
2585,2023/06/26,865,898.75,846.25,861.25,3261.19995117188
2585,2023/06/27,865,870,831.25,852.5,1052.40002441406
2585,2023/06/28,868.75,882.5,851.25,858.75,1257.20007324219
2585,2023/06/29,875,877.5,856.25,856.25,632
2585,2023/06/30,860,891.25,835,861.25,1332.80004882813
2585,2023/07/03,882.5,920,866.25,900,1888.80004882813
2585,2023/07/04,898.75,900,868.75,888.75,906.799987792969
2585,2023/07/05,896.25,897.5,853.75,861.25,906.400024414063
2585,2023/07/06,860,883.75,853.75,876.25,796.799987792969
2585,2023/07/07,860,917.5,860,911.25,1820
2585,2023/07/10,881.25,896.25,842.5,850,1338
2585,2023/07/11,840,852.5,812.5,842.5,1077.20007324219
2585,2023/07/12,837.5,850,803.75,810,1015.60003662109
2585,2023/07/13,825,850,822.5,830,504
2585,2023/07/14,827.5,863.75,827.5,856.25,620.799987792969
2585,2023/07/18,865,880,856.25,875,417.600006103516
2585,2023/07/19,860,866.25,840,862.5,564.400024414063
2585,2023/07/20,858.75,881.25,853.75,853.75,372.399993896484
2585,2023/07/21,857.5,875,857.5,860,514
2585,2023/07/24,856.25,873.75,856.25,867.5,318
2585,2023/07/25,865,877.5,856.25,857.5,345.600006103516
2585,2023/07/26,848.75,865,833.75,860,476
2585,2023/07/27,866.25,896.25,866.25,871.25,955.600036621094
2585,2023/07/28,867.5,885,847.5,848.75,1931.20007324219
2585,2023/07/31,852.5,885,841.25,848.75,665.200012207031
2585,2023/08/01,850,872.5,850,861.25,338
2585,2023/08/02,851.25,856.25,821.25,831.25,794.400024414063
2585,2023/08/03,825,831.25,815,820,463.600006103516
2585,2023/08/04,810,813.75,781.25,781.25,626
2585,2023/08/07,767.5,780,762.5,775,456.399993896484
2585,2023/08/08,777.5,782.5,756.25,756.25,393.600006103516
2585,2023/08/09,755,792.5,752.5,780,439.600006103516
2585,2023/08/10,797.5,815,793.75,808.75,556
2585,2023/08/14,983.75,983.75,902.5,932.5,6379.2001953125
2585,2023/08/15,926.25,978.75,922.5,966.25,3131.60009765625
2585,2023/08/16,966.25,975,933.75,972.5,1439.59997558594
2585,2023/08/17,942.5,952.5,917.5,943.75,1324.80004882813
2585,2023/08/18,920,953.75,892.5,901.25,1230
2585,2023/08/21,915,963.75,915,957.5,1244.40002441406
2585,2023/08/22,958.75,972.5,940,968.75,950.799987792969
2585,2023/08/23,972.5,1018.75,952.5,957.5,1852.40002441406
2585,2023/08/24,960,985,956.25,960,594.400024414063
2585,2023/08/25,950,985,945,978.75,864.400024414063
2585,2023/08/28,987.5,1000,972.5,1000,543.200012207031
2585,2023/08/29,1000,1018.75,993.75,1013.75,743.200012207031
2585,2023/08/30,1022.5,1053.75,1017.5,1051.25,894
2585,2023/08/31,1036.25,1053.75,1028.75,1030,518
2585,2023/09/01,1040,1053.75,1033.75,1041.25,390
2585,2023/09/04,1041.25,1065,1021.25,1047.5,510
2585,2023/09/05,1058.75,1080,1037.5,1045,520
2585,2023/09/06,1037.5,1042.5,1007.5,1011.25,526.799987792969
2585,2023/09/07,1003.75,1015,986.25,992.5,511.200012207031
2585,2023/09/08,991.25,1000,977.5,996.25,316.800018310547
2585,2023/09/11,1001.25,1010,957.5,983.75,594.799987792969
2585,2023/09/12,968.75,990,961.25,987.5,387.200012207031
2585,2023/09/13,1005,1027.5,991.25,1026.25,600.400024414063
2585,2023/09/14,1032.5,1072.5,1031.25,1057.5,741.200012207031
2585,2023/09/15,1053.75,1053.75,1005,1007.5,631.200012207031
2585,2023/09/19,1005,1005,966.25,973.75,540.400024414063
2585,2023/09/20,967.5,985,953.75,961.25,471.200012207031
2585,2023/09/21,960,966.25,946.25,965,256.399993896484
2585,2023/09/22,966.25,973.75,938.75,938.75,482
2585,2023/09/25,951.25,982.5,951.25,967.5,360.800018310547
2585,2023/09/26,962.5,962.5,941.25,941.25,232
2585,2023/09/27,941.25,981.25,940,967.5,348
2585,2023/09/28,967.5,986.25,956.25,968.75,270.800018310547
2585,2023/09/29,968.75,970,941.25,945,244.400009155273
2585,2023/10/02,950,961.25,938.75,942.5,228.800003051758
2585,2023/10/03,932.5,938.75,903.75,903.75,413.200012207031
2585,2023/10/04,888.75,903.75,862.5,886.25,563.200012207031
2585,2023/10/05,898.75,923.75,893.75,910,697.600036621094
2585,2023/10/06,902.5,907.5,878.75,895,390
2585,2023/10/10,912.5,927.5,896.25,896.25,353.200012207031
2585,2023/10/11,905,905,857.5,857.5,376
2585,2023/10/12,850,850,825,840,624.799987792969
2585,2023/10/13,833.75,853.75,826.25,843.75,617.200012207031
2585,2023/10/16,846.25,860,810,813.75,703.200012207031
2585,2023/10/17,831.25,837.5,800,807.5,480.800018310547
2585,2023/10/18,825,835,801.25,830,384.800018310547
2585,2023/10/19,813.75,830,802.5,821.25,308.399993896484
2585,2023/10/20,816.25,851.25,806.25,831.25,519.200012207031
2585,2023/10/23,837.5,850,817.5,820,486.399993896484
2585,2023/10/24,827.5,841.25,778.75,840,836.799987792969
2585,2023/10/25,872.5,892.5,863.75,887.5,644.400024414063
2585,2023/10/26,852.5,862.5,828.75,846.25,673.600036621094
2585,2023/10/27,838.75,867.5,837.5,867.5,274.399993896484
2585,2023/10/30,862.5,880,856.25,868.75,538.400024414063
2585,2023/10/31,880,940,868.75,935,805.200012207031
2585,2023/11/01,935,943.75,906.25,912.5,417.600006103516
2585,2023/11/02,935,957.5,906.25,908.75,542
2585,2023/11/06,926.25,927.5,882.5,893.75,548.799987792969
2585,2023/11/07,883.75,886.25,872.5,876.25,291.200012207031
2585,2023/11/08,876.25,888.75,868.75,881.25,335.200012207031
2585,2023/11/09,895,901.25,872.5,900,497.200012207031
2585,2023/11/10,902.5,902.5,872.5,891.25,712.400024414063
2585,2023/11/13,850,1015,837.5,1000,3924.40014648438
2585,2023/11/14,975,985,918.75,923.75,1457.20007324219
2585,2023/11/15,947.5,968.75,925,961.25,898
2585,2023/11/16,987.5,1060,986.25,1030,1943.20007324219
2585,2023/11/17,998.75,1001.25,962.5,993.75,920
2585,2023/11/20,988.75,988.75,967.5,981.25,458
2585,2023/11/21,975,996.25,965,990,290.800018310547
2585,2023/11/22,1000,1046.25,991.25,1025,603.600036621094
2585,2023/11/24,1038.75,1053.75,1020,1031.25,339.600006103516
2585,2023/11/27,1031.25,1031.25,1002.5,1011.25,238.800003051758
2585,2023/11/28,1012.5,1026.25,970,975,460
2585,2023/11/29,963.75,978.75,952.5,970,310
2585,2023/11/30,982.5,988.75,966.25,967.5,280.399993896484
2585,2023/12/01,962.5,966.25,945,946.25,292
2585,2023/12/04,953.75,958.75,935,942.5,332
2585,2023/12/05,942.5,948.75,930,930,192.400009155273
2585,2023/12/06,930,971.25,928.75,953.75,345.200012207031
2585,2023/12/07,946.25,975,940,970,306
2585,2023/12/08,972.5,982.5,950,968.75,464.800018310547
2585,2023/12/11,986.25,1027.5,980,1025,666.799987792969
2585,2023/12/12,1032.5,1105,1017.5,1103.75,1019.20001220703
2585,2023/12/13,1121.25,1151.25,1057.5,1068.75,1283.59997558594
2585,2023/12/14,1087.5,1106.25,1058.75,1077.5,346
2585,2023/12/15,1072.5,1072.5,1031.25,1040,332.399993896484
2585,2023/12/18,1027.5,1060,1025,1060,214
2585,2023/12/19,1075,1130,1057.5,1130,388.800018310547
2585,2023/12/20,1147.5,1172.5,1137.5,1160,496.800018310547
2585,2023/12/21,1136.25,1191.25,1136.25,1187.5,552.400024414063
2585,2023/12/22,1175,1202.5,1170,1186.25,332
2585,2023/12/25,1175,1200,1155,1181.25,242
2585,2023/12/26,1195,1202.5,1171.25,1171.25,224.800003051758
2585,2023/12/27,1188.75,1195,1150,1160,377.600006103516
2585,2023/12/28,1125,1156.25,1108.75,1155,270
2585,2023/12/29,1150,1167.5,1146.25,1163.75,200.400009155273
2585,2024/01/04,1175,1207.5,1173.75,1186.25,456
2585,2024/01/05,1200,1200,1160,1188.75,336
2585,2024/01/09,1223.75,1282.5,1223.75,1277.5,741.600036621094
2585,2024/01/10,1275,1317.5,1267.5,1307.5,425.600006103516
2585,2024/01/11,1307.5,1307.5,1252.5,1255,464
2585,2024/01/12,1250,1265,1240,1257.5,392
2585,2024/01/15,1260,1290,1252.5,1282.5,156.800003051758
2585,2024/01/16,1297.5,1297.5,1257.5,1275,248
2585,2024/01/17,1260,1312.5,1250,1285,407.600006103516
2585,2024/01/18,1272.5,1295,1260,1280,226
2585,2024/01/19,1287.5,1317.5,1275,1290,243.600006103516
2585,2024/01/22,1287.5,1300,1270,1290,194
2585,2024/01/23,1302.5,1335,1297.5,1332.5,281.200012207031
2585,2024/01/24,1312.5,1355,1307.5,1337.5,343.200012207031
2585,2024/01/25,1350,1387.5,1335,1372.5,303.200012207031
2585,2024/01/26,1387.5,1410,1342.5,1392.5,538
2585,2024/01/29,1395,1417.5,1387.5,1405,380.399993896484
2585,2024/01/30,1430,1452.5,1405,1407.5,346
2585,2024/01/31,1400,1437.5,1395,1430,370.399993896484
2585,2024/02/01,1420,1432.5,1392.5,1402.5,248.400009155273
2585,2024/02/02,1427.5,1460,1417.5,1440,355.600006103516
2585,2024/02/05,1450,1462.5,1425,1452.5,238
2585,2024/02/06,1465,1497.5,1457.5,1470,370
2585,2024/02/07,1465,1495,1462.5,1495,309.200012207031
2585,2024/02/08,1497.5,1510,1442.5,1452.5,525.600036621094
2585,2024/02/09,1440,1442.5,1395,1410,695.600036621094
2585,2024/02/13,1427.5,1427.5,1377.5,1417.5,746
2585,2024/02/14,1392.5,1477.5,1352.5,1422.5,1176.80004882813
2585,2024/02/15,1422.5,1432.5,1357.5,1420,746.799987792969
2585,2024/02/16,1412.5,1412.5,1340,1382.5,859.200012207031
2585,2024/02/19,1307.5,1325,1243.75,1277.5,1254.40002441406
2585,2024/02/20,1282.5,1290,1243.75,1252.5,635.600036621094
2585,2024/02/21,1252.5,1290,1252.5,1270,418
2585,2024/02/22,1277.5,1282.5,1245,1252.5,444.399993896484
2585,2024/02/26,1250,1260,1211.25,1211.25,555.600036621094
2585,2024/02/27,1193.75,1196.25,1161.25,1168.75,828.400024414063
2585,2024/02/28,1152.5,1187.5,1123.75,1132.5,699.600036621094
2585,2024/02/29,1137.5,1202.5,1133.75,1168.75,867.600036621094
2585,2024/03/01,1175,1216.25,1141.25,1152.5,847.600036621094
2585,2024/03/04,1157.5,1165,1127.5,1133.75,517.200012207031
2585,2024/03/05,1121.25,1148.75,1100,1140,605.200012207031
2585,2024/03/06,1150,1192.5,1140,1157.5,736
2585,2024/03/07,1157.5,1165,1130,1141.25,356.800018310547
2585,2024/03/08,1123.75,1142.5,1110,1115,532.400024414063
2585,2024/03/11,1097.5,1101.25,1072.5,1078.75,362.800018310547
2585,2024/03/12,1086.25,1115,1077.5,1098.75,585.200012207031
2585,2024/03/13,1122.5,1168.75,1101.25,1163.75,1046.80004882813
2585,2024/03/14,1181.25,1186.25,1132.5,1152.5,868.799987792969
2585,2024/03/15,1135,1151.25,1100,1100,1673.20007324219
2585,2024/03/18,1102.5,1145,1102.5,1125,602.400024414063
2585,2024/03/19,1125,1162.5,1118.75,1156.25,498.399993896484
2585,2024/03/21,1157.5,1162.5,1122.5,1141.25,622.799987792969
2585,2024/03/22,1141.25,1153.75,1125,1145,352.800018310547
2585,2024/03/25,1155,1187.5,1150,1150,498
2585,2024/03/26,1150,1215,1140,1187.5,700.799987792969
2585,2024/03/27,1193.75,1208.75,1162.5,1185,556
2585,2024/03/28,1211.25,1242.5,1201.25,1225,672.799987792969
2585,2024/03/29,1227.5,1260,1207.5,1252.5,553.200012207031
2585,2024/04/01,1275,1282.5,1232.5,1250,658.400024414063
2585,2024/04/02,1257.5,1260,1176.25,1181.25,511.600006103516
2585,2024/04/03,1157.5,1200,1152.5,1191.25,368.800018310547
2585,2024/04/04,1196.25,1206.25,1158.75,1187.5,506.800018310547
2585,2024/04/05,1170,1257.5,1170,1236.25,509.600006103516
2585,2024/04/08,1275,1277.5,1213.75,1218.75,441.200012207031
2585,2024/04/09,1221.25,1233.75,1208.75,1233.75,238
2585,2024/04/10,1227.5,1290,1227.5,1280,571.200012207031
2585,2024/04/11,1282.5,1310,1248.75,1267.5,510.800018310547
2585,2024/04/12,1275,1290,1255,1272.5,335.600006103516
2585,2024/04/15,1252.5,1275,1238.75,1275,224
2585,2024/04/16,1250,1255,1205,1227.5,559.600036621094
2585,2024/04/17,1227.5,1240,1151.25,1167.5,655.600036621094
2585,2024/04/18,1167.5,1205,1162.5,1202.5,260
2585,2024/04/19,1192.5,1202.5,1155,1176.25,269.200012207031
2585,2024/04/22,1186.25,1192.5,1165,1181.25,192
2585,2024/04/23,1210,1228.75,1192.5,1220,296
2585,2024/04/24,1275,1290,1240,1246.25,598.799987792969
2585,2024/04/25,1235,1255,1231.25,1243.75,262
2585,2024/04/26,1243.75,1262.5,1228.75,1246.25,738.400024414063
2585,2024/04/30,1272.5,1275,1241.25,1257.5,320
2585,2024/05/01,1250,1255,1215,1221.25,279.600006103516
2585,2024/05/02,1221.25,1265,1212.5,1265,366.800018310547
2585,2024/05/07,1272.5,1287.5,1265,1282.5,318.399993896484
2585,2024/05/08,1295,1317.5,1282.5,1287.5,359.600006103516
2585,2024/05/09,1300,1305,1285,1290,165.199996948242
2585,2024/05/10,1287.5,1305,1280,1302.5,228.800003051758
2585,2024/05/13,1302.5,1310,1285,1305,258
2585,2024/05/14,1302.5,1302.5,1260,1277.5,522.400024414063
2585,2024/05/15,1375,1475,1342.5,1447.5,2041.59997558594
2585,2024/05/16,1397.5,1465,1387.5,1400,625.200012207031
2585,2024/05/17,1387.5,1435,1380,1385,493.600006103516
2585,2024/05/20,1390,1425,1320,1327.5,739.600036621094
2585,2024/05/21,1367.5,1380,1330,1342.5,446
2585,2024/05/22,1342.5,1365,1337.5,1342.5,244.800003051758
2585,2024/05/23,1342.5,1345,1315,1340,232
2585,2024/05/24,1397.5,1417.5,1347.5,1387.5,665.200012207031
2585,2024/05/27,1402.5,1432.5,1382.5,1430,354.800018310547
2585,2024/05/28,1405,1407.5,1372.5,1400,596.400024414063
2585,2024/05/29,1395,1400,1325,1325,468
2585,2024/05/30,1312.5,1342.5,1302.5,1327.5,436
2585,2024/05/31,1325,1357.5,1325,1352.5,236.800003051758
2585,2024/06/03,1352.5,1365,1315,1317.5,296.399993896484
2585,2024/06/04,1332.5,1425,1325,1412.5,628
2585,2024/06/05,1407.5,1462.5,1405,1435,491.200012207031
2585,2024/06/06,1437.5,1462.5,1425,1462.5,350
2585,2024/06/07,1467.5,1480,1447.5,1480,351.600006103516
2585,2024/06/10,1482.5,1500,1467.5,1497.5,379.600006103516
2585,2024/06/11,1507.5,1545,1502.5,1537.5,380.800018310547
2585,2024/06/12,1585,1615,1547.5,1575,381.200012207031
2585,2024/06/13,1585,1592.5,1537.5,1567.5,466.800018310547
2585,2024/06/14,1592.5,1647.5,1592.5,1630,581.600036621094
2585,2024/06/17,1655,1672.5,1640,1670,372
2585,2024/06/18,1670,1675,1612.5,1655,431.600006103516
2585,2024/06/19,1655,1697.5,1635,1652.5,312
2585,2024/06/20,1677.5,1715,1677.5,1707.5,530
2585,2024/06/21,1707.5,1735,1625,1642.5,686
2585,2024/06/24,1592.5,1642.5,1550,1637.5,703.200012207031
2585,2024/06/25,1637.5,1650,1600,1645,262.800018310547
2585,2024/06/26,1692.5,1700,1670,1677.5,350.399993896484
2585,2024/06/27,1677.5,1695,1675,1692.5,230
2585,2024/06/28,1712.5,1742.5,1677.5,1680,344
2585,2024/07/01,1660,1677.5,1647.5,1670,320
2585,2024/07/02,1670,1750,1670,1737.5,370.800018310547
2585,2024/07/03,1750,1762.5,1690,1700,450
2585,2024/07/04,1652.5,1657.5,1592.5,1647.5,763.200012207031
2585,2024/07/05,1632.5,1697.5,1617.5,1685,430.800018310547
2585,2024/07/08,1697.5,1707.5,1652.5,1685,289.200012207031
2585,2024/07/09,1675,1710,1662.5,1690,312
2585,2024/07/10,1685,1730,1680,1682.5,265.200012207031
2585,2024/07/11,1635,1637.5,1585,1592.5,839.600036621094
2585,2024/07/12,1570,1630,1552.5,1577.5,627.200012207031
2585,2024/07/16,1577.5,1642.5,1575,1602.5,424
2585,2024/07/17,1602.5,1657.5,1595,1617.5,305.200012207031
2585,2024/07/18,1615,1677.5,1615,1677.5,390
2585,2024/07/19,1702.5,1705,1650,1662.5,348.800018310547
2585,2024/07/22,1662.5,1692.5,1640,1662.5,329.200012207031
2585,2024/07/23,1687.5,1702.5,1672.5,1697.5,212
2585,2024/07/24,1742.5,1785,1717.5,1730,637.600036621094
2585,2024/07/25,1692.5,1752.5,1680,1737.5,475.200012207031
2585,2024/07/26,1740,1775,1730,1772.5,358
2585,2024/07/29,1780,1805,1740,1742.5,361.200012207031
2585,2024/07/30,1737.5,1737.5,1692.5,1712.5,250.400009155273
2585,2024/07/31,1707.5,1760,1695,1757.5,270
2585,2024/08/01,1782.5,1782.5,1697.5,1722.5,272
2585,2024/08/02,1675,1682.5,1607.5,1612.5,580.400024414063
2585,2024/08/05,1562.5,1640,1512.5,1522.5,833.200012207031
2585,2024/08/06,1547.5,1645,1547.5,1607.5,554
2585,2024/08/07,1605,1645,1567.5,1622.5,380.800018310547
2585,2024/08/08,1622.5,1670,1592.5,1597.5,394.800018310547
2585,2024/08/09,1632.5,1710,1580,1600,584
2585,2024/08/13,1650,1692.5,1625,1692.5,834
2585,2024/08/14,1550,1677.5,1497.5,1577.5,2483.19995117188
2585,2024/08/15,1580,1657.5,1562.5,1655,691.600036621094
2585,2024/08/16,1705,1842.5,1705,1835,870
2585,2024/08/19,1797.5,1842.5,1750,1812.5,616
2585,2024/08/20,1837.5,1897.5,1817.5,1892.5,419.600006103516
2585,2024/08/21,1882.5,1902.5,1812.5,1822.5,573.200012207031
2585,2024/08/22,1822.5,1900,1810,1900,448.399993896484
2585,2024/08/23,1902.5,1915,1832.5,1860,411.600006103516
2585,2024/08/26,1860,1882.5,1840,1867.5,288.399993896484
2585,2024/08/27,1875,1875,1797.5,1827.5,434.399993896484
2585,2024/08/28,1830,1852.5,1815,1840,184
2585,2024/08/29,1850,1850,1800,1820,196
2585,2024/08/30,1800,1837.5,1795,1830,267.600006103516
2585,2024/09/02,1860,1950,1837.5,1950,573.600036621094
2585,2024/09/03,1960,1987.5,1887.5,1910,630
2585,2024/09/04,1885,1947.5,1872.5,1897.5,308.399993896484
2585,2024/09/05,1892.5,1947.5,1892.5,1925,262
2585,2024/09/06,1900,1900,1725,1737.5,1112.40002441406
2585,2024/09/09,1687.5,1727.5,1682.5,1707.5,523.200012207031
2585,2024/09/10,1747.5,1842.5,1727.5,1837.5,630.400024414063
2585,2024/09/11,1857.5,1860,1817.5,1825,531.200012207031
2585,2024/09/12,1862.5,1902.5,1847.5,1895,406.800018310547
2585,2024/09/13,1902.5,1912.5,1830,1845,474.800018310547
2585,2024/09/17,1870,1945,1857.5,1900,482.800018310547
2585,2024/09/18,1902.5,1945,1892.5,1930,365.600006103516
2585,2024/09/19,1937.5,1975,1925,1960,351.600006103516
2585,2024/09/20,1987.5,1995,1932.5,1950,617.200012207031
2585,2024/09/24,2012.5,2030,1957.5,2005,975.600036621094
2585,2024/09/25,2070,2075,1992.5,2002.5,980
2585,2024/09/26,2007.5,2102.5,1997.5,2090,860
2585,2024/09/27,2115,2194,1915,1919,679.5
2585,2024/09/30,1884,2038,1880,1917,739.299987792969
2585,2024/10/01,1955,1995,1874,1895,475.300018310547
2585,2024/10/02,1800,1815,1756,1789,742.799987792969
2585,2024/10/03,1772,1797,1722,1766,668.400024414063
2585,2024/10/04,1751,1797,1680,1709,891.100036621094
2585,2024/10/07,1692,1780,1671,1718,713.299987792969
2585,2024/10/08,1770,1867,1768,1784,936.700012207031
2585,2024/10/09,1783,1836,1747,1754,600.900024414063
2585,2024/10/10,1725,1741,1685,1709,436.5
2585,2024/10/11,1730,1854,1710,1777,691.799987792969
2585,2024/10/15,1781,1812,1739,1752,389.300018310547
2585,2024/10/16,1750,1827,1743,1804,422.300018310547
2585,2024/10/17,1798,1812,1720,1733,358.399993896484
2585,2024/10/18,1710,1739,1682,1734,443.300018310547
2585,2024/10/21,1708,1721,1671,1707,389.200012207031
2585,2024/10/22,1701,1707,1659,1681,283.899993896484
2585,2024/10/23,1721,1788,1712,1737,575.900024414063
2585,2024/10/24,1710,1755,1701,1706,280.399993896484
2585,2024/10/25,1706,1724,1680,1695,238.300003051758
2585,2024/10/28,1700,1765,1700,1764,197.5
2585,2024/10/29,1788,1829,1780,1813,439.300018310547
2585,2024/10/30,1823,1844,1798,1844,3331.80004882813
2585,2024/10/31,1835,1839,1762,1773,401.899993896484
2585,2024/11/01,1782,1803,1754,1771,235.600006103516
2585,2024/11/05,1770,1779,1700,1747,326.899993896484
2585,2024/11/06,1785,1811,1747,1789,277.200012207031
2585,2024/11/07,1839,1882,1789,1845,335.899993896484
2585,2024/11/08,1867,1891,1851,1886,294.700012207031
2585,2024/11/11,1846,1945,1830,1945,351
2585,2024/11/12,1946,1972,1922,1972,364.899993896484
2585,2024/11/13,1999,2004,1943,1947,517.299987792969
2585,2024/11/14,2209,2347,2207,2347,1435
2585,2024/11/15,2363,2455,2281,2349,992.5
2585,2024/11/18,2343,2366,2270,2333,467.399993896484
2585,2024/11/19,2380,2428,2328,2417,416.600006103516
2585,2024/11/20,2410,2453,2353,2420,444.5
2585,2024/11/21,2450,2492,2388,2413,392.899993896484
2585,2024/11/22,2459,2465,2392,2425,346.5
2585,2024/11/25,2380,2495,2323,2492,583.200012207031
2585,2024/11/26,2500,2531,2420,2446,380.399993896484
2585,2024/11/27,2532,2540,2442,2461,308.5
2585,2024/11/28,2430,2454,2381,2448,368.600006103516
2585,2024/11/29,2465,2505,2430,2492,257.5
2585,2024/12/02,2475,2477,2385,2425,377
2585,2024/12/03,2441,2535,2419,2527,477.200012207031
2585,2024/12/04,2533,2537,2419,2460,376.300018310547
2585,2024/12/05,2477,2520,2433,2481,410.800018310547
2585,2024/12/06,2453,2470,2406,2418,198.600006103516
2585,2024/12/09,2423,2475,2402,2440,218.900009155273
2585,2024/12/10,2399,2439,2313,2335,330.600006103516
2585,2024/12/11,2343,2414,2330,2354,395.800018310547
2585,2024/12/12,2367,2430,2341,2354,270.600006103516
2585,2024/12/13,2321,2345,2278,2301,403
2585,2024/12/16,2301,2306,2237,2259,382.600006103516
2585,2024/12/17,2251,2267,2201,2208,350.100006103516
2585,2024/12/18,2215,2219,2115,2138,566
2585,2024/12/19,2115,2238,2101,2200,316
2585,2024/12/20,2219,2338,2219,2312,588.600036621094
2585,2024/12/23,2293,2324,2234,2277,252.600006103516
2585,2024/12/24,2246,2279,2195,2252,210.600006103516
2585,2024/12/25,2253,2265,2181,2194,222.900009155273
2585,2024/12/26,2209,2209,2157,2189,223.900009155273
2585,2024/12/27,2283,2306,2229,2297,479.5
2585,2024/12/30,2312,2335,2272,2274,266.399993896484
2585,2025/01/06,2324,2324,2236,2266,265.300018310547
2585,2025/01/07,2316,2316,2248,2253,182.100006103516
2585,2025/01/08,2255,2350,2230,2331,283.600006103516
2585,2025/01/09,2344,2354,2287,2306,255.5
2585,2025/01/10,2310,2349,2288,2327,208
2585,2025/01/14,2347,2378,2291,2326,295.899993896484
2585,2025/01/15,2295,2358,2283,2324,247
2585,2025/01/16,2343,2398,2324,2328,295.800018310547
2585,2025/01/17,2301,2328,2213,2307,358.600006103516
2585,2025/01/20,2299,2330,2261,2265,163
2585,2025/01/21,2286,2286,2228,2236,127.700004577637
2585,2025/01/22,2250,2280,2243,2253,140.300003051758
2585,2025/01/23,2273,2293,2214,2275,197
2585,2025/01/24,2294,2300,2236,2259,148.600006103516
2585,2025/01/27,2280,2288,2223,2226,173.600006103516
2585,2025/01/28,2218,2259,2210,2248,134.699996948242
2585,2025/01/29,2221,2286,2218,2274,218.400009155273
2585,2025/01/30,2274,2288,2205,2206,172.400009155273
2585,2025/01/31,2163,2205,2123,2147,277.200012207031
2585,2025/02/03,2132,2150,2104,2117,226
2585,2025/02/04,2117,2150,2104,2118,155.800003051758
2585,2025/02/05,2140,2173,2127,2146,206.900009155273
2585,2025/02/06,2146,2195,2105,2129,172.100006103516
2585,2025/02/07,2145,2170,2121,2121,121.700004577637
2585,2025/02/10,2092,2118,2062,2101,165.400009155273
2585,2025/02/12,2100,2172,2084,2172,311.300018310547
2585,2025/02/13,2200,2210,2130,2149,322.899993896484
2585,2025/02/14,1935,1993,1850,1909,1081.40002441406
2585,2025/02/17,1829,1858,1770,1798,861.799987792969
2585,2025/02/18,1768,1790,1720,1730,526.5
2585,2025/02/19,1714,1759,1660,1697,665.700012207031
2585,2025/02/20,1814,1867,1767,1859,780.200012207031
2585,2025/02/21,1832,1858,1773,1816,474.300018310547
2585,2025/02/25,1800,1816,1629,1633,922.200012207031
2585,2025/02/26,1673,1686,1603,1633,540.700012207031
2585,2025/02/27,1632,1642,1573,1611,566.5
2585,2025/02/28,1627,1639,1544,1561,1639.70007324219
2585,2025/03/03,1649,1679,1622,1634,621.200012207031
2585,2025/03/04,1616,1624,1554,1564,510.399993896484
2585,2025/03/05,1576,1595,1515,1528,472.600006103516
2585,2025/03/06,1528,1563,1466,1470,466.399993896484
2585,2025/03/07,1455,1498,1450,1474,460.300018310547
2585,2025/03/10,1472,1490,1398,1419,446
2585,2025/03/11,1423,1509,1423,1495,574.200012207031
2585,2025/03/12,1478,1621,1478,1575,854.400024414063
2585,2025/03/13,1603,1619,1521,1536,462.5
2585,2025/03/14,1503,1611,1492,1605,458.5
2585,2025/03/17,1607,1623,1555,1568,408.100006103516
2585,2025/03/18,1570,1570,1520,1529,416.100006103516
2585,2025/03/19,1569,1594,1540,1564,276.800018310547
2585,2025/03/21,1588,1648,1582,1612,513.799987792969
2585,2025/03/24,1645,1650,1589,1601,315
2585,2025/03/25,1605,1634,1598,1608,260.700012207031
2585,2025/03/26,1620,1628,1585,1600,353.800018310547
2585,2025/03/27,1610,1617,1570,1593,234.5
2585,2025/03/28,1569,1590,1523,1540,420.600006103516
2585,2025/03/31,1540,1567,1502,1509,445.700012207031
2585,2025/04/01,1500,1562,1480,1520,270.100006103516
2585,2025/04/02,1555,1565,1527,1530,299
2585,2025/04/03,1490,1555,1490,1513,412.300018310547
2585,2025/04/04,1521,1618,1521,1611,888.100036621094
2585,2025/04/07,1491,1538,1429,1436,856.200012207031
2585,2025/04/08,1526,1636,1526,1584,511.899993896484
2585,2025/04/09,1590,1677,1569,1664,784.400024414063
2585,2025/04/10,1697,1736,1649,1730,704.100036621094
2585,2025/04/11,1734,1799,1714,1795,616.299987792969
2585,2025/04/14,1807,1854,1780,1787,479
2585,2025/04/15,1809,1868,1794,1798,398.300018310547
2585,2025/04/16,1800,1837,1761,1785,452.600006103516
2585,2025/04/17,1790,1800,1720,1731,477.5
2585,2025/04/18,1724,1755,1710,1753,330.200012207031
2585,2025/04/21,1720,1795,1717,1790,333.600006103516
2585,2025/04/22,1800,1811,1777,1796,243.100006103516
2585,2025/04/23,1820,1835,1786,1795,267
2585,2025/04/24,1781,1781,1657,1677,659.5
2585,2025/04/25,1699,1748,1681,1715,488.800018310547
2585,2025/04/28,1738,1754,1680,1689,358.399993896484
2585,2025/04/30,1699,1747,1693,1699,288
2585,2025/05/01,1669,1692,1657,1662,238.300003051758
2585,2025/05/02,1650,1657,1608,1629,315.899993896484
2585,2025/05/07,1617,1690,1610,1685,296.700012207031
2585,2025/05/08,1670,1693,1621,1680,237
2585,2025/05/09,1644,1684,1642,1661,344
2585,2025/05/12,1660,1693,1647,1683,270
2585,2025/05/13,1705,1707,1622,1627,522.200012207031
2585,2025/05/14,1850,1912,1690,1751,1598.40002441406
2585,2025/05/15,1753,1776,1698,1729,850.299987792969
2585,2025/05/16,1746,1829,1740,1820,635.900024414063
2585,2025/05/19,1910,1960,1813,1825,602.799987792969
2585,2025/05/20,1850,1863,1792,1820,469.600006103516
2585,2025/05/21,1820,1823,1789,1790,392.800018310547
2585,2025/05/22,1830,1840,1790,1815,357.700012207031
2585,2025/05/23,1837,1850,1787,1838,433.200012207031
2585,2025/05/26,1840,1939,1835,1925,432.100006103516
2585,2025/05/27,1964,2031,1941,1967,602.700012207031
2585,2025/05/28,1980,2005,1962,1982,342.5
2585,2025/05/29,2022,2022,1976,2002,313.399993896484
2585,2025/05/30,2002,2035,1951,2023,496.100006103516
2585,2025/06/02,2060,2065,2021,2036,261.300018310547
2585,2025/06/03,2039,2150,2037,2074,452.800018310547
2585,2025/06/04,2048,2081,2021,2031,361.700012207031
2585,2025/06/05,2030,2072,1966,2050,400.700012207031
2585,2025/06/06,2046,2053,1982,2019,383.700012207031
2585,2025/06/09,2039,2064,1994,2031,406.700012207031
2585,2025/06/10,2044,2069,2016,2037,213.699996948242
2585,2025/06/11,2028,2050,1999,2004,361.600006103516
2585,2025/06/12,1995,2037,1972,2016,242.400009155273
2585,2025/06/13,2020,2031,1981,2014,260.200012207031
2585,2025/06/16,2019,2063,1989,2009,351.800018310547
2585,2025/06/17,2045,2080,1999,2078,394.5
2585,2025/06/18,2100,2175,2077,2150,566.400024414063
2585,2025/06/19,2166,2270,2155,2253,645.600036621094
2585,2025/06/20,2236,2249,2185,2213,1079.30004882813
2585,2025/06/23,2185,2198,2152,2170,353.800018310547
2585,2025/06/24,2210,2223,2147,2187,304.399993896484
2585,2025/06/25,2167,2194,2114,2137,349
2585,2025/06/26,2113,2162,2080,2115,331.5
2585,2025/06/27,2129,2134,2070,2108,376.100006103516
2585,2025/06/30,2123,2154,2092,2118,431.100006103516
2585,2025/07/01,2105,2138,2067,2067,257.800018310547
2585,2025/07/02,2027,2093,2008,2036,283.800018310547
2585,2025/07/03,2003,2025,1991,2004,366.700012207031
2585,2025/07/04,1990,2012,1965,1999,354.200012207031
2585,2025/07/07,1999,2047,1990,2038,304.200012207031
2585,2025/07/08,2054,2085,2027,2047,286.100006103516
2585,2025/07/09,2047,2080,2008,2015,263.700012207031
2585,2025/07/10,2010,2024,1961,2002,379.5
2585,2025/07/11,2002,2034,1970,1976,250.300003051758
2585,2025/07/14,1971,1987,1941,1965,239.100006103516
2585,2025/07/15,1965,1969,1928,1937,195.600006103516
2585,2025/07/16,2117,2209,2030,2185,1397.90002441406
2585,2025/07/17,2198,2220,2130,2144,585.5
2585,2025/07/18,2162,2198,2129,2154,451
2585,2025/07/22,2133,2163,2110,2117,312.100006103516
2585,2025/07/23,2098,2098,2021,2046,471.800018310547
2585,2025/07/24,2040,2065,2022,2048,383.800018310547
2585,2025/07/25,2084,2131,2041,2041,485.800018310547
2585,2025/07/28,2027,2046,2002,2002,303.300018310547
2585,2025/07/29,2016,2023,1976,1986,220.800003051758
2585,2025/07/30,2005,2049,1989,2031,299.5
2585,2025/07/31,2200,2264,2139,2249,1450.20007324219
2585,2025/08/01,2223,2242,2171,2220,498
2585,2025/08/04,2200,2280,2186,2260,351
2585,2025/08/05,2310,2365,2251,2341,670.100036621094
2585,2025/08/06,2391,2430,2362,2409,470
2585,2025/08/07,2450,2489,2427,2458,494.700012207031
2585,2025/08/08,2457,2518,2444,2479,482.600006103516
2585,2025/08/12,2500,2546,2475,2545,554.299987792969
2585,2025/08/13,2550,2595,2513,2570,662.200012207031
2585,2025/08/14,2560,2885,2552,2746,1806.09997558594
2585,2025/08/15,2867,2979,2777,2959,1148.90002441406
2585,2025/08/18,2843,2996,2836,2955,1037
2585,2025/08/19,2996,2999,2895,2900,572.200012207031
2585,2025/08/20,2885,3015,2867,2991,675.100036621094
2585,2025/08/21,2959,3000,2893,2920,430.700012207031
2585,2025/08/22,2920,2924,2804,2804,596.700012207031
2585,2025/08/25,2704,2783,2702,2737,862.400024414063
2585,2025/08/26,2687,2720,2627,2665,616.600036621094
2585,2025/08/27,2630,2661,2621,2626,347.200012207031
2585,2025/08/28,2600,2664,2559,2635,536
2585,2025/08/29,2648,2710,2614,2617,391
2585,2025/09/01,2606,2677,2581,2605,257.100006103516
2585,2025/09/02,2405,2417,2340,2386,5710.2001953125
2585,2025/09/03,2414,2512,2405,2461,1756.09997558594
2585,2025/09/04,2570,2690,2558,2677,2856.90014648438
2585,2025/09/05,2627,2641,2491,2498,1299
2585,2025/09/08,2548,2603,2519,2534,1258.80004882813
2585,2025/09/09,2520,2539,2349,2349,3847.80004882813
2585,2025/09/10,2344,2364,2317,2329,4953.89990234375
2585,2025/09/11,2334,2337,2291,2305,2031.5
2585,2025/09/12,2288,2292,2237,2271,2295
2585,2025/09/16,2260,2282,2251,2273,1212.20007324219
2585,2025/09/17,2264,2284,2236,2254,5318.30029296875
2585,2025/09/18,2274,2331,2258,2265,2998.80004882813
2585,2025/09/19,2310,2345,2265,2299,3005.10009765625
2585,2025/09/22,2311,2336,2286,2311,1309.20007324219
2585,2025/09/24,2270,2290,2239,2273,1451.70007324219
2585,2025/09/25,2261,2313,2254,2312,659.700012207031
2585,2025/09/26,2312,2433,2310,2386,1529.40002441406
2585,2025/09/29,2396,2410,2282,2306,640.400024414063
2585,2025/09/30,2281,2312,2246,2275,785.400024414063
2585,2025/10/01,2275,2294,2261,2275,540.400024414063
2585,2025/10/02,2280,2295,2256,2266,486.399993896484
2585,2025/10/03,2280,2306,2201,2232,1145.20007324219
2585,2025/10/06,2265,2265,2157,2232,684.299987792969
2585,2025/10/07,2244,2258,2197,2214,833.200012207031
2585,2025/10/08,2213,2274,2207,2244,512.400024414063
2585,2025/10/09,2201,2223,2073,2073,1522.40002441406
2585,2025/10/10,2080,2088,2038,2083,557.799987792969
2585,2025/10/14,2052,2080,2050,2064,398.100006103516
2585,2025/10/15,2081,2178,2067,2138,629.100036621094
2585,2025/10/16,2118,2158,2070,2086,410.399993896484
2585,2025/10/17,2082,2124,2080,2124,523.900024414063
2585,2025/10/20,2155,2176,2074,2124,335
2585,2025/10/21,2104,2121,2073,2089,282.800018310547
2585,2025/10/22,2081,2115,2079,2096,230.5
2585,2025/10/23,2101,2187,2101,2151,455.300018310547
2585,2025/10/24,2125,2139,2097,2116,365.800018310547
2585,2025/10/27,2092,2104,2077,2081,397.300018310547
2585,2025/10/28,2055,2077,2000,2044,585.5
2585,2025/10/29,2037,2050,2014,2035,356.700012207031
2585,2025/10/30,2035,2040,1972,1992,972.900024414063
2585,2025/10/31,2018,2028,1988,2007,330
2585,2025/11/04,1979,2000,1948,1950,406.800018310547
2585,2025/11/05,1959,1978,1921,1953,380.700012207031
2585,2025/11/06,1936,1953,1898,1910,326.5
2585,2025/11/07,1946,2007,1943,1995,453.200012207031
2585,2025/11/10,2007,2014,1955,1989,365.100006103516
2585,2025/11/11,2015,2049,1990,2049,464.899993896484
2585,2025/11/12,2067,2099,2053,2056,670.5
2585,2025/11/13,2095,2106,2048,2067,617.900024414063
2585,2025/11/14,2003,2046,1912,2001,1441
2585,2025/11/17,2000,2011,1933,1987,455.899993896484
2585,2025/11/18,2000,2011,1957,1966,398.200012207031
2585,2025/11/19,2005,2080,1986,2034,545.200012207031
2585,2025/11/20,2047,2056,1957,1970,504.700012207031
2585,2025/11/21,2083,2170,2076,2153,1132.40002441406
2585,2025/11/25,2193,2219,2143,2155,761.200012207031
2585,2025/11/26,2190,2219,2156,2215,550.5
2585,2025/11/27,2223,2227,2076,2085,858.299987792969
2585,2025/11/28,2062,2084,2029,2078,539.100036621094
2585,2025/12/01,2053,2096,2010,2021,392.5
2585,2025/12/02,2000,2021,1922,1922,515.299987792969
2585,2025/12/03,1910,1916,1849,1879,628
2585,2025/12/04,1862,1899,1857,1879,461.100006103516
2585,2025/12/05,1899,1941,1860,1865,306.800018310547
2585,2025/12/08,1850,1864,1797,1811,553.299987792969
2585,2025/12/09,1830,1840,1780,1780,409.300018310547
2585,2025/12/10,1750,1757,1670,1719,983.100036621094
2585,2025/12/11,1781,1843,1764,1786,1070.20007324219
2585,2025/12/12,1760,1780,1703,1710,641.700012207031
2585,2025/12/15,1725,1776,1712,1766,426.800018310547
2585,2025/12/16,1764,1782,1741,1743,329.200012207031
2585,2025/12/17,1740,1812,1732,1759,597.299987792969
2585,2025/12/18,1773,1802,1757,1767,454.700012207031
2585,2025/12/19,1840,1848,1775,1847,1287.70007324219
2585,2025/12/22,1820,1853,1782,1800,448.600006103516
2585,2025/12/23,1824,1892,1806,1843,496
2585,2025/12/24,1808,1836,1793,1795,344.800018310547
2585,2025/12/25,1802,1823,1787,1810,246
2585,2025/12/26,1820,1820,1759,1771,480.600006103516
2585,2025/12/29,1811,1829,1740,1759,481.899993896484
2585,2025/12/30,1766,1773,1739,1739,197.199996948242
