268A,2024/10/25,1205,1260,1067,1130,38099
268A,2024/10/28,1080,1150,1078,1097,5513.89990234375
268A,2024/10/29,1115,1213,1110,1210,3755.69995117188
268A,2024/10/30,1240,1255,1204,1252,3638.80004882813
268A,2024/10/31,1259,1265,1222,1259,2733.40014648438
268A,2024/11/01,1246,1259,1215,1250,1355.40002441406
268A,2024/11/05,1245,1245,1178,1200,1322.80004882813
268A,2024/11/06,1225,1228,1168,1187,1384.90002441406
268A,2024/11/07,1170,1175,1113,1151,1942.59997558594
268A,2024/11/08,1125,1147,1101,1139,1794.70007324219
268A,2024/11/11,1125,1198,1122,1185,1176.59997558594
268A,2024/11/12,1189,1229,1185,1198,1618.90002441406
268A,2024/11/13,1175,1229,1174,1189,1311.70007324219
268A,2024/11/14,1186,1202,1122,1160,1886.80004882813
268A,2024/11/15,1123,1149,1106,1129,2243
268A,2024/11/18,1116,1155,1094,1095,1463.09997558594
268A,2024/11/19,1082,1121,1076,1110,1193.30004882813
268A,2024/11/20,1100,1120,1087,1103,1629.59997558594
268A,2024/11/21,1085,1109,1085,1098,791.700012207031
268A,2024/11/22,1087,1152,1087,1139,1674.20007324219
268A,2024/11/25,1161,1177,1145,1145,1480.40002441406
268A,2024/11/26,1159,1168,1141,1158,1110.90002441406
268A,2024/11/27,1158,1178,1141,1154,1586.40002441406
268A,2024/11/28,1214,1220,1157,1160,12838.2998046875
268A,2024/11/29,1149,1149,1091,1109,1823.80004882813
268A,2024/12/02,1092,1092,1061,1061,1859.30004882813
268A,2024/12/03,1055,1074,1038,1073,1464.30004882813
268A,2024/12/04,1056,1077,1007,1007,1749.5
268A,2024/12/05,1013,1037,969,970,2265
268A,2024/12/06,970,984,951,975,1650.90002441406
268A,2024/12/09,990,1012,973,980,1786.5
268A,2024/12/10,980,994,961,967,1454.80004882813
268A,2024/12/11,962,980,945,960,1590.59997558594
268A,2024/12/12,960,974,940,947,1699.30004882813
268A,2024/12/13,938,947,926,930,1755.59997558594
268A,2024/12/16,928,949,916,916,1505.59997558594
268A,2024/12/17,912,921,883,887,2650.5
268A,2024/12/18,884,894,876,883,2241.40014648438
268A,2024/12/19,872,909,872,894,2084.90014648438
268A,2024/12/20,911,934,898,921,1998.5
268A,2024/12/23,921,921,900,903,1236.20007324219
268A,2024/12/24,900,915,888,910,1328.80004882813
268A,2024/12/25,905,910,880,889,1477.80004882813
268A,2024/12/26,881,890,873,886,1931.20007324219
268A,2024/12/27,896,922,888,909,1104.90002441406
268A,2024/12/30,900,920,898,920,578.100036621094
268A,2025/01/06,920,924,890,890,1135.59997558594
268A,2025/01/07,905,925,900,900,870.799987792969
268A,2025/01/08,900,969,900,962,2055.60009765625
268A,2025/01/09,977,985,939,958,1960.90002441406
268A,2025/01/10,958,989,950,989,1273
268A,2025/01/14,980,984,946,962,1528.59997558594
268A,2025/01/15,966,971,933,940,1378
268A,2025/01/16,934,940,924,929,973.200012207031
268A,2025/01/17,920,924,909,915,1071.70007324219
268A,2025/01/20,930,963,929,939,997.5
268A,2025/01/21,939,944,918,933,603.5
268A,2025/01/22,938,953,934,941,901.299987792969
268A,2025/01/23,947,949,922,930,601.100036621094
268A,2025/01/24,918,926,905,909,980.700012207031
268A,2025/01/27,910,915,893,893,955.400024414063
268A,2025/01/28,888,896,876,880,946.5
268A,2025/01/29,884,898,879,894,690
268A,2025/01/30,887,891,879,883,744.400024414063
268A,2025/01/31,883,919,876,914,1717.90002441406
268A,2025/02/03,921,937,917,925,1324.80004882813
268A,2025/02/04,940,960,934,955,1236.90002441406
268A,2025/02/05,980,990,953,956,1676.20007324219
268A,2025/02/06,971,978,957,975,741.400024414063
268A,2025/02/07,990,994,971,975,1036
268A,2025/02/10,960,964,947,957,508.700012207031
268A,2025/02/12,972,976,959,976,906.5
268A,2025/02/13,971,985,959,985,845.600036621094
268A,2025/02/14,985,1022,942,997,1928
268A,2025/02/17,1050,1138,1040,1103,3360.30004882813
268A,2025/02/18,1112,1144,1104,1121,1457.09997558594
268A,2025/02/19,1115,1154,1094,1150,1417.90002441406
268A,2025/02/20,1140,1171,1109,1133,1194.70007324219
268A,2025/02/21,1163,1168,1094,1103,1115.70007324219
268A,2025/02/25,1050,1111,1050,1089,838.200012207031
268A,2025/02/26,1151,1158,1112,1123,1345.70007324219
268A,2025/02/27,1111,1135,1091,1126,1290.09997558594
268A,2025/02/28,1133,1142,1071,1072,3725.90014648438
268A,2025/03/03,1086,1093,1063,1072,851.100036621094
268A,2025/03/04,1066,1087,1061,1069,588.600036621094
268A,2025/03/05,1050,1065,1030,1056,947.799987792969
268A,2025/03/06,1055,1079,1050,1070,617.200012207031
268A,2025/03/07,1060,1093,1044,1083,1146.70007324219
268A,2025/03/10,1053,1060,1030,1040,1078.20007324219
268A,2025/03/11,1030,1048,1018,1030,1202
268A,2025/03/12,1020,1053,1019,1038,1219.30004882813
268A,2025/03/13,1025,1065,1025,1043,884.600036621094
268A,2025/03/14,1037,1070,1032,1061,956.400024414063
268A,2025/03/17,1075,1115,1073,1100,1024.09997558594
268A,2025/03/18,1111,1118,1082,1088,880.200012207031
268A,2025/03/19,1083,1108,1083,1087,950.200012207031
268A,2025/03/21,1083,1083,1028,1039,1265.5
268A,2025/03/24,1021,1031,1008,1019,901.700012207031
268A,2025/03/25,1035,1037,1016,1020,546.799987792969
268A,2025/03/26,1018,1021,1006,1015,774.600036621094
268A,2025/03/27,1012,1013,983,995,664.600036621094
268A,2025/03/28,985,998,977,978,706.799987792969
268A,2025/03/31,951,960,940,945,825.900024414063
268A,2025/04/01,945,951,930,932,684.5
268A,2025/04/02,927,933,908,915,908.5
268A,2025/04/03,865,891,864,873,1180.70007324219
268A,2025/04/04,839,844,768,782,1685
268A,2025/04/07,673,687,643,649,2458.60009765625
268A,2025/04/08,739,744,695,708,1648.40002441406
268A,2025/04/09,677,677,641,655,2076.40014648438
268A,2025/04/10,750,755,726,755,1004.70001220703
268A,2025/04/11,700,726,692,721,1585.80004882813
268A,2025/04/14,727,803,725,788,2210.10009765625
268A,2025/04/15,818,839,802,806,2521.60009765625
268A,2025/04/16,811,818,782,789,1403.70007324219
268A,2025/04/17,800,802,775,784,789.700012207031
268A,2025/04/18,827,833,801,801,1395.40002441406
268A,2025/04/21,809,825,793,798,936.100036621094
268A,2025/04/22,799,813,794,811,606.400024414063
268A,2025/04/23,841,848,823,839,933.200012207031
268A,2025/04/24,880,897,843,845,1952.30004882813
268A,2025/04/25,845,867,837,840,1058
268A,2025/04/28,855,856,828,843,4445.39990234375
268A,2025/04/30,839,881,832,881,1494.40002441406
268A,2025/05/01,876,889,869,885,716
268A,2025/05/02,885,904,877,896,703.299987792969
268A,2025/05/07,934,934,911,927,1117.30004882813
268A,2025/05/08,927,930,912,916,876.200012207031
268A,2025/05/09,928,929,913,918,775.299987792969
268A,2025/05/12,920,927,909,927,637.299987792969
268A,2025/05/13,952,958,926,937,860.700012207031
268A,2025/05/14,940,947,924,945,989.900024414063
268A,2025/05/15,937,944,843,860,1597.40002441406
268A,2025/05/16,860,861,766,789,2612
268A,2025/05/19,791,803,789,790,777.5
268A,2025/05/20,771,771,737,753,1750.40002441406
268A,2025/05/21,760,761,739,742,994
268A,2025/05/22,735,739,727,729,833.799987792969
268A,2025/05/23,725,730,719,722,1083.90002441406
268A,2025/05/26,711,714,703,704,1484.80004882813
268A,2025/05/27,700,734,698,728,2065.30004882813
268A,2025/05/28,743,746,714,715,1221.90002441406
268A,2025/05/29,732,742,720,734,1507
268A,2025/05/30,729,741,724,730,967.400024414063
268A,2025/06/02,729,729,706,706,1099.40002441406
268A,2025/06/03,708,719,704,714,853.700012207031
268A,2025/06/04,720,727,714,718,719.299987792969
268A,2025/06/05,711,727,707,712,882.799987792969
268A,2025/06/06,710,711,699,704,1357.59997558594
268A,2025/06/09,716,737,716,720,1056.09997558594
268A,2025/06/10,720,749,720,726,1489.30004882813
268A,2025/06/11,728,737,720,730,924.400024414063
268A,2025/06/12,731,737,725,729,925.200012207031
268A,2025/06/13,730,734,704,704,1260.40002441406
268A,2025/06/16,700,711,696,709,946
268A,2025/06/17,700,719,700,719,934.100036621094
268A,2025/06/18,713,725,711,715,824.5
268A,2025/06/19,714,720,706,715,920.200012207031
268A,2025/06/20,711,747,711,732,6545.60009765625
268A,2025/06/23,725,736,708,731,1247.5
268A,2025/06/24,746,754,734,738,1065.90002441406
268A,2025/06/25,740,743,730,739,810.200012207031
268A,2025/06/26,740,749,732,747,791.5
268A,2025/06/27,753,764,744,757,1675.09997558594
268A,2025/06/30,772,784,769,770,1415.30004882813
268A,2025/07/01,785,799,773,794,2168.10009765625
268A,2025/07/02,764,770,741,755,2494.19995117188
268A,2025/07/03,757,784,757,781,1176.20007324219
268A,2025/07/04,795,798,774,775,1182.40002441406
268A,2025/07/07,769,775,729,731,1749.5
268A,2025/07/08,720,752,717,734,1029.30004882813
268A,2025/07/09,748,758,732,756,956.299987792969
268A,2025/07/10,763,771,735,738,1120.09997558594
268A,2025/07/11,741,745,733,739,646.799987792969
268A,2025/07/14,733,740,728,736,660.299987792969
268A,2025/07/15,734,744,730,735,663.100036621094
268A,2025/07/16,730,766,728,749,1571.30004882813
268A,2025/07/17,750,757,746,749,1043.70007324219
268A,2025/07/18,754,755,730,731,863
268A,2025/07/22,730,742,728,730,685.100036621094
268A,2025/07/23,740,763,736,757,1136.09997558594
268A,2025/07/24,759,777,757,770,983.700012207031
268A,2025/07/25,770,774,761,766,573.799987792969
268A,2025/07/28,774,785,768,783,578.700012207031
268A,2025/07/29,778,784,762,774,1234.90002441406
268A,2025/07/30,778,784,771,776,2169.30004882813
268A,2025/07/31,777,782,768,778,737.100036621094
268A,2025/08/01,771,783,769,772,827
268A,2025/08/04,744,765,742,765,770.799987792969
268A,2025/08/05,772,786,769,785,805.400024414063
268A,2025/08/06,780,787,779,782,539.600036621094
268A,2025/08/07,779,791,770,786,1134.09997558594
268A,2025/08/08,831,860,794,815,3657.19995117188
268A,2025/08/12,816,829,810,815,1604.59997558594
268A,2025/08/13,814,820,797,799,1085.09997558594
268A,2025/08/14,795,818,794,818,898.100036621094
268A,2025/08/15,813,822,811,817,691
268A,2025/08/18,815,830,813,820,958.700012207031
268A,2025/08/19,829,848,828,833,955.100036621094
268A,2025/08/20,829,831,808,819,992.900024414063
268A,2025/08/21,817,820,808,810,677
268A,2025/08/22,805,813,801,807,660.400024414063
268A,2025/08/25,843,854,829,832,1172.80004882813
268A,2025/08/26,828,830,816,825,823
268A,2025/08/27,825,826,808,815,945.299987792969
268A,2025/08/28,820,842,820,841,1061.5
268A,2025/08/29,841,846,830,834,845
268A,2025/09/01,830,835,818,821,718.900024414063
268A,2025/09/02,822,850,822,838,970.200012207031
268A,2025/09/03,831,832,806,809,1212.80004882813
268A,2025/09/04,865,876,843,858,2205.30004882813
268A,2025/09/05,869,876,862,874,1349.30004882813
268A,2025/09/08,934,934,895,911,1597.70007324219
268A,2025/09/09,912,923,896,902,1181
268A,2025/09/10,904,914,904,906,827.100036621094
268A,2025/09/11,907,921,907,918,1037.59997558594
268A,2025/09/12,928,950,926,940,1541.70007324219
268A,2025/09/16,945,948,932,940,1041.40002441406
268A,2025/09/17,938,939,901,901,960.200012207031
268A,2025/09/18,905,958,902,945,1516.20007324219
268A,2025/09/19,954,968,932,945,2199.69995117188
268A,2025/09/22,937,945,931,935,720
268A,2025/09/24,935,941,919,933,850.700012207031
268A,2025/09/25,928,935,921,935,658.600036621094
268A,2025/09/26,923,927,911,915,888.5
268A,2025/09/29,911,913,898,903,833.400024414063
268A,2025/09/30,899,911,898,901,592.600036621094
268A,2025/10/01,896,903,881,887,1016.90002441406
268A,2025/10/02,894,911,894,905,807.100036621094
268A,2025/10/03,910,920,908,917,715.799987792969
268A,2025/10/06,943,948,910,919,1125
268A,2025/10/07,933,933,911,915,781.799987792969
268A,2025/10/08,930,935,915,926,926.400024414063
268A,2025/10/09,949,959,932,943,1162.30004882813
268A,2025/10/10,935,939,919,927,876.799987792969
268A,2025/10/14,912,921,883,885,893.700012207031
268A,2025/10/15,886,902,885,900,630.400024414063
268A,2025/10/16,915,927,914,927,727.100036621094
268A,2025/10/17,936,941,915,921,673.900024414063
268A,2025/10/20,932,945,927,945,905.299987792969
268A,2025/10/21,948,955,935,953,1163.70007324219
268A,2025/10/22,962,983,952,977,1298.70007324219
268A,2025/10/23,962,967,948,956,631.200012207031
268A,2025/10/24,960,980,960,974,1037.5
268A,2025/10/27,995,1002,987,999,1034.5
268A,2025/10/28,1000,1008,980,980,876.5
268A,2025/10/29,974,989,961,973,861.700012207031
268A,2025/10/30,979,993,972,981,1064.70007324219
268A,2025/10/31,981,999,975,989,890.299987792969
268A,2025/11/04,976,1010,973,992,835.799987792969
268A,2025/11/05,980,986,946,969,972.200012207031
268A,2025/11/06,976,991,969,985,816.100036621094
268A,2025/11/07,980,990,957,965,765.299987792969
268A,2025/11/10,976,981,967,977,710.200012207031
268A,2025/11/11,985,993,962,966,898.299987792969
268A,2025/11/12,921,957,913,957,1943.5
268A,2025/11/13,962,988,957,984,821.700012207031
268A,2025/11/14,947,993,946,986,1065.59997558594
268A,2025/11/17,982,993,964,970,898.900024414063
268A,2025/11/18,967,969,932,934,616.799987792969
268A,2025/11/19,931,937,886,909,1353.20007324219
268A,2025/11/20,927,943,890,901,797.700012207031
268A,2025/11/21,890,914,890,910,753.900024414063
268A,2025/11/25,924,931,912,917,621.900024414063
268A,2025/11/26,925,932,920,930,704.700012207031
268A,2025/11/27,935,952,935,951,683.299987792969
268A,2025/11/28,951,957,944,957,621.100036621094
268A,2025/12/01,965,982,955,960,769.100036621094
268A,2025/12/02,960,962,935,949,628.900024414063
268A,2025/12/03,958,978,946,962,893.900024414063
268A,2025/12/04,976,1022,967,1019,1753.20007324219
268A,2025/12/05,1139,1182,1065,1140,6899.30029296875
268A,2025/12/08,1230,1310,1138,1152,6511.60009765625
268A,2025/12/09,1140,1177,1130,1151,1840.90002441406
268A,2025/12/10,1233,1237,1170,1182,2742.40014648438
268A,2025/12/11,1195,1199,1126,1153,1868
268A,2025/12/12,1180,1183,1153,1176,1233.30004882813
268A,2025/12/15,1171,1186,1158,1172,1074.20007324219
268A,2025/12/16,1160,1170,1141,1147,1017.5
268A,2025/12/17,1143,1148,1124,1129,957
268A,2025/12/18,1120,1138,1107,1114,680.100036621094
268A,2025/12/19,1120,1177,1120,1174,1762.90002441406
268A,2025/12/22,1190,1233,1183,1220,1861.70007324219
268A,2025/12/23,1220,1224,1189,1199,1062.80004882813
268A,2025/12/24,1197,1213,1193,1200,809.700012207031
268A,2025/12/25,1206,1270,1202,1257,1567.5
268A,2025/12/26,1260,1262,1213,1240,1419
268A,2025/12/29,1250,1253,1226,1234,821.400024414063
268A,2025/12/30,1226,1245,1211,1227,727.700012207031
