4180,2021/03/30,2030,2198,1740,1900,13277.5
4180,2021/03/31,1780,1800,1595,1610,5830.10009765625
4180,2021/04/01,1730,1970,1700,1900,16334.5
4180,2021/04/02,1930,2300,1900,2300,15868.400390625
4180,2021/04/05,2341,2559,2027,2060,14498.7001953125
4180,2021/04/06,2120,2150,1905,1952,5055.5
4180,2021/04/07,1960,2139,1922,2050,6457
4180,2021/04/08,2080,2207,2031,2167,4022.10009765625
4180,2021/04/09,2150,2216,2106,2150,2062.69995117188
4180,2021/04/12,2195,2258,2146,2154,2428.19995117188
4180,2021/04/13,2128,2135,1992,1995,2611.40014648438
4180,2021/04/14,1998,2035,1965,2000,1133.40002441406
4180,2021/04/15,1976,1977,1862,1872,1407.20007324219
4180,2021/04/16,1912,1985,1882,1980,1705.40002441406
4180,2021/04/19,2001,2099,1970,2040,2110
4180,2021/04/20,2000,2018,1972,2008,733.700012207031
4180,2021/04/21,1970,2005,1904,1912,1137.5
4180,2021/04/22,1931,1998,1922,1995,518.200012207031
4180,2021/04/23,1970,1995,1966,1980,324.899993896484
4180,2021/04/26,2010,2077,2003,2018,1034.80004882813
4180,2021/04/27,2028,2028,1967,1990,381.800018310547
4180,2021/04/28,1975,1994,1951,1951,813.5
4180,2021/04/30,1930,1936,1888,1911,710.900024414063
4180,2021/05/06,1954,1988,1938,1964,629.600036621094
4180,2021/05/07,1950,1965,1920,1921,335.100006103516
4180,2021/05/10,1944,1975,1919,1935,383.899993896484
4180,2021/05/11,1907,1929,1775,1785,960.200012207031
4180,2021/05/12,1782,1793,1599,1620,1527.80004882813
4180,2021/05/13,1580,1616,1440,1473,2322.69995117188
4180,2021/05/14,1492,1502,1409,1459,1073.90002441406
4180,2021/05/17,1456,1468,1336,1374,1306.5
4180,2021/05/18,1360,1418,1358,1391,1137.09997558594
4180,2021/05/19,1392,1538,1392,1535,1702.30004882813
4180,2021/05/20,1525,1624,1501,1618,1521.90002441406
4180,2021/05/21,1737,1755,1661,1681,1661.70007324219
4180,2021/05/24,1686,1691,1600,1609,543.299987792969
4180,2021/05/25,1689,1850,1661,1840,1947.5
4180,2021/05/26,1803,1880,1773,1862,1104.09997558594
4180,2021/05/27,1833,1862,1797,1804,531.5
4180,2021/05/28,1824,1840,1754,1766,488.300018310547
4180,2021/05/31,1743,1759,1659,1684,626.5
4180,2021/06/01,1667,1674,1625,1628,414.800018310547
4180,2021/06/02,1621,1708,1617,1646,356.300018310547
4180,2021/06/03,1647,1659,1582,1600,348.600006103516
4180,2021/06/04,1590,1592,1518,1524,309.899993896484
4180,2021/06/07,1545,1608,1545,1552,250.400009155273
4180,2021/06/08,1553,1634,1553,1621,383
4180,2021/06/09,1621,1655,1585,1608,259.800018310547
4180,2021/06/10,1587,1597,1562,1570,289.899993896484
4180,2021/06/11,1600,1659,1587,1659,424.300018310547
4180,2021/06/14,1681,1765,1641,1751,667.600036621094
4180,2021/06/15,1778,1810,1751,1797,535
4180,2021/06/16,1744,1750,1692,1746,442
4180,2021/06/17,1706,1713,1598,1633,669.5
4180,2021/06/18,1668,1708,1618,1620,307.100006103516
4180,2021/06/21,1590,1655,1581,1638,359.100006103516
4180,2021/06/22,1639,1676,1613,1626,203.300003051758
4180,2021/06/23,1658,1698,1628,1687,257.5
4180,2021/06/24,1671,1679,1620,1627,247.800003051758
4180,2021/06/25,1631,1650,1606,1606,156.900009155273
4180,2021/06/28,1610,1635,1586,1618,183.900009155273
4180,2021/06/29,1630,1657,1570,1575,270.600006103516
4180,2021/06/30,1600,1602,1563,1579,224.100006103516
4180,2021/07/01,1575,1582,1524,1538,307.800018310547
4180,2021/07/02,1518,1546,1515,1539,109.200004577637
4180,2021/07/05,1535,1562,1514,1547,190.199996948242
4180,2021/07/06,1525,1616,1525,1609,334.200012207031
4180,2021/07/07,1620,1638,1565,1575,250.699996948242
4180,2021/07/08,1570,1574,1500,1517,212.5
4180,2021/07/09,1498,1525,1487,1520,132.300003051758
4180,2021/07/12,1549,1549,1504,1518,138.900009155273
4180,2021/07/13,1518,1545,1512,1541,115.900001525879
4180,2021/07/14,1525,1575,1523,1571,98.8000030517578
4180,2021/07/15,1571,1585,1542,1568,91.4000015258789
4180,2021/07/16,1530,1551,1524,1536,63.1000022888184
4180,2021/07/19,1530,1549,1496,1506,108
4180,2021/07/20,1490,1527,1475,1477,151
4180,2021/07/21,1507,1533,1476,1483,146.400009155273
4180,2021/07/26,1500,1517,1456,1469,92.3000030517578
4180,2021/07/27,1451,1500,1413,1430,194.400009155273
4180,2021/07/28,1401,1430,1331,1343,495.300018310547
4180,2021/07/29,1345,1445,1345,1421,255.699996948242
4180,2021/07/30,1430,1448,1373,1380,233.100006103516
4180,2021/08/02,1385,1429,1373,1419,167.5
4180,2021/08/03,1450,1488,1406,1418,323.800018310547
4180,2021/08/04,1430,1435,1350,1360,205.699996948242
4180,2021/08/05,1343,1345,1265,1298,517.100036621094
4180,2021/08/06,1430,1598,1430,1569,1881.80004882813
4180,2021/08/10,1559,1650,1526,1607,941.799987792969
4180,2021/08/11,1635,1677,1607,1608,497.600006103516
4180,2021/08/12,1552,1585,1492,1500,298
4180,2021/08/13,1484,1665,1458,1650,539.100036621094
4180,2021/08/16,1689,1709,1601,1630,535.700012207031
4180,2021/08/17,1601,1655,1542,1600,179.100006103516
4180,2021/08/18,1600,1684,1543,1620,276.800018310547
4180,2021/08/19,1580,1698,1576,1683,314.200012207031
4180,2021/08/20,1683,1783,1678,1772,546.400024414063
4180,2021/08/23,1790,1850,1788,1840,598.700012207031
4180,2021/08/24,1840,1872,1755,1777,425.399993896484
4180,2021/08/25,1783,1881,1777,1801,591.299987792969
4180,2021/08/26,1785,1837,1757,1822,402
4180,2021/08/27,1796,1801,1685,1700,491.800018310547
4180,2021/08/30,1750,1813,1732,1785,361.899993896484
4180,2021/08/31,1757,1819,1755,1782,229.800003051758
4180,2021/09/01,1774,1819,1750,1805,312.399993896484
4180,2021/09/02,1835,1940,1824,1920,903.5
4180,2021/09/03,1885,1972,1868,1943,634.600036621094
4180,2021/09/06,1931,1959,1872,1900,375.800018310547
4180,2021/09/07,1935,1935,1854,1895,357.899993896484
4180,2021/09/08,1896,1919,1861,1905,227.199996948242
4180,2021/09/09,1876,1927,1875,1882,167.100006103516
4180,2021/09/10,1922,1922,1792,1800,479.800018310547
4180,2021/09/13,1800,1832,1790,1826,230.900009155273
4180,2021/09/14,1802,1815,1734,1801,324.399993896484
4180,2021/09/15,1792,1795,1714,1757,294.800018310547
4180,2021/09/16,1751,1809,1713,1724,217.199996948242
4180,2021/09/17,1714,1805,1692,1799,306.800018310547
4180,2021/09/21,1710,1737,1689,1710,149.900009155273
4180,2021/09/22,1716,1730,1667,1689,214.900009155273
4180,2021/09/24,1689,1733,1688,1725,246.900009155273
4180,2021/09/27,1715,1758,1677,1683,283.200012207031
4180,2021/09/28,1610,1620,1551,1566,548.900024414063
4180,2021/09/29,1555,1562,1497,1515,661.799987792969
4180,2021/09/30,1480,1499,1430,1445,1274.5
4180,2021/10/01,1447,1480,1439,1457,713.100036621094
4180,2021/10/04,1480,1489,1435,1451,975.200012207031
4180,2021/10/05,1401,1427,1294,1337,1333.30004882813
4180,2021/10/06,1392,1393,1231,1270,1650.5
4180,2021/10/07,1300,1329,1253,1255,765.600036621094
4180,2021/10/08,1285,1303,1210,1239,933.799987792969
4180,2021/10/11,1244,1325,1230,1309,464.300018310547
4180,2021/10/12,1296,1309,1252,1262,391.100006103516
4180,2021/10/13,1264,1281,1213,1239,347.899993896484
4180,2021/10/14,1251,1273,1226,1234,247.800003051758
4180,2021/10/15,1252,1277,1231,1274,335.100006103516
4180,2021/10/18,1260,1277,1219,1276,484.300018310547
4180,2021/10/19,1255,1332,1255,1313,524.799987792969
4180,2021/10/20,1315,1364,1302,1319,638.799987792969
4180,2021/10/21,1298,1319,1266,1284,402.800018310547
4180,2021/10/22,1288,1321,1276,1291,278.5
4180,2021/10/25,1271,1292,1245,1265,226.5
4180,2021/10/26,1275,1286,1236,1241,224.5
4180,2021/10/27,1240,1253,1171,1176,689.5
4180,2021/10/28,1191,1221,1185,1210,456.899993896484
4180,2021/10/29,1213,1230,1192,1210,310.700012207031
4180,2021/11/01,1218,1220,1174,1197,425.300018310547
4180,2021/11/02,1204,1227,1198,1201,233.5
4180,2021/11/04,1214,1218,1185,1192,260.200012207031
4180,2021/11/05,1192,1200,1157,1183,442.300018310547
4180,2021/11/08,1199,1208,1157,1168,346.300018310547
4180,2021/11/09,1188,1205,1177,1195,502.5
4180,2021/11/10,1222,1249,1199,1216,411.5
4180,2021/11/11,1186,1275,1165,1258,695.200012207031
4180,2021/11/12,1468,1530,1407,1419,2539.40014648438
4180,2021/11/15,1430,1499,1407,1415,887.799987792969
4180,2021/11/16,1461,1548,1440,1518,1023.29998779297
4180,2021/11/17,1598,1665,1570,1612,1666.90002441406
4180,2021/11/18,1717,1730,1663,1677,1362.09997558594
4180,2021/11/19,1717,1779,1717,1759,1352.20007324219
4180,2021/11/22,1707,1813,1645,1812,1451.80004882813
4180,2021/11/24,1733,1758,1680,1713,833.299987792969
4180,2021/11/25,1696,1733,1646,1685,888
4180,2021/11/26,1671,1699,1617,1659,836.700012207031
4180,2021/11/29,1619,1729,1595,1724,1508.20007324219
4180,2021/11/30,1725,1732,1597,1601,632.299987792969
4180,2021/12/01,1650,1656,1594,1609,616.299987792969
4180,2021/12/02,1569,1611,1551,1568,370.899993896484
4180,2021/12/03,1569,1644,1525,1630,423
4180,2021/12/06,1576,1577,1465,1514,570.400024414063
4180,2021/12/07,1548,1575,1507,1548,266.200012207031
4180,2021/12/08,1600,1647,1586,1624,586.700012207031
4180,2021/12/09,1602,1645,1582,1599,251.400009155273
4180,2021/12/10,1551,1580,1529,1530,278.700012207031
4180,2021/12/13,1515,1538,1490,1502,264.100006103516
4180,2021/12/14,1501,1529,1487,1511,305.399993896484
4180,2021/12/15,1505,1529,1478,1490,288.399993896484
4180,2021/12/16,1500,1526,1481,1481,382.399993896484
4180,2021/12/17,1391,1421,1315,1330,793.100036621094
4180,2021/12/20,1330,1367,1300,1312,574
4180,2021/12/21,1342,1353,1298,1320,548.200012207031
4180,2021/12/22,1355,1362,1331,1339,487.5
4180,2021/12/23,1360,1360,1331,1346,318.899993896484
4180,2021/12/24,1368,1375,1328,1338,449.300018310547
4180,2021/12/27,1339,1344,1309,1334,252.400009155273
4180,2021/12/28,1350,1352,1321,1338,282.300018310547
4180,2021/12/29,1352,1369,1334,1350,241.800003051758
4180,2021/12/30,1339,1341,1310,1333,204.199996948242
4180,2022/01/04,1350,1352,1303,1312,233.600006103516
4180,2022/01/05,1252,1272,1195,1206,968.5
4180,2022/01/06,1168,1177,1104,1135,1032.59997558594
4180,2022/01/07,1155,1162,1089,1120,587.400024414063
4180,2022/01/11,1121,1176,1083,1155,494.200012207031
4180,2022/01/12,1181,1218,1165,1201,599.100036621094
4180,2022/01/13,1177,1182,1142,1146,299.300018310547
4180,2022/01/14,1104,1132,1098,1119,512.5
4180,2022/01/17,1107,1118,1042,1061,829.400024414063
4180,2022/01/18,1062,1100,1049,1061,635
4180,2022/01/19,1051,1085,998,1006,963.5
4180,2022/01/20,1006,1056,1005,1049,286.300018310547
4180,2022/01/21,1039,1055,1020,1040,314.800018310547
4180,2022/01/24,1001,1040,980,1037,339.800018310547
4180,2022/01/25,1102,1128,1000,1013,533.700012207031
4180,2022/01/26,1005,1085,1005,1067,398.200012207031
4180,2022/01/27,1060,1060,959,984,616.299987792969
4180,2022/01/28,985,985,917,942,923.799987792969
4180,2022/01/31,957,988,935,973,513.400024414063
4180,2022/02/01,1022,1084,1003,1016,508.899993896484
4180,2022/02/02,1076,1096,1045,1090,363.5
4180,2022/02/03,1036,1077,1008,1034,380.399993896484
4180,2022/02/04,1004,1051,980,1050,429.800018310547
4180,2022/02/07,1054,1054,1004,1020,275.100006103516
4180,2022/02/08,1042,1060,1008,1012,362.5
4180,2022/02/09,1025,1032,995,1030,328.100006103516
4180,2022/02/10,1090,1101,1062,1065,281.399993896484
4180,2022/02/14,1021,1027,987,1007,653.799987792969
4180,2022/02/15,1090,1134,990,1020,1637.5
4180,2022/02/16,1050,1088,1003,1004,719.600036621094
4180,2022/02/17,1006,1008,946,946,654.900024414063
4180,2022/02/18,923,998,903,987,743.900024414063
4180,2022/02/21,957,971,921,922,379.600006103516
4180,2022/02/22,900,933,870,900,493.399993896484
4180,2022/02/24,885,903,869,877,411.100006103516
4180,2022/02/25,913,972,912,970,518.400024414063
4180,2022/02/28,940,995,925,990,344.200012207031
4180,2022/03/01,1011,1092,998,1079,569.100036621094
4180,2022/03/02,1050,1088,1035,1061,429.600006103516
4180,2022/03/03,1076,1087,1022,1025,397.700012207031
4180,2022/03/04,1005,1029,965,972,305.899993896484
4180,2022/03/07,912,936,888,888,353.800018310547
4180,2022/03/08,870,895,839,840,505.5
4180,2022/03/09,846,850,815,820,384
4180,2022/03/10,861,881,823,830,1160.70007324219
4180,2022/03/11,810,822,757,765,691.299987792969
4180,2022/03/14,756,770,733,744,569.799987792969
4180,2022/03/15,719,730,698,722,452.300018310547
4180,2022/03/16,752,758,718,750,690
4180,2022/03/17,819,868,810,849,917
4180,2022/03/18,843,895,843,886,522.100036621094
4180,2022/03/22,886,886,820,842,609.600036621094
4180,2022/03/23,880,907,856,898,610.200012207031
4180,2022/03/24,868,925,865,907,389.200012207031
4180,2022/03/25,898,917,866,874,465.700012207031
4180,2022/03/28,859,878,841,844,279.399993896484
4180,2022/03/29,870,933,852,920,463.399993896484
4180,2022/03/30,962,993,961,987,402.800018310547
4180,2022/03/31,984,1022,936,1016,614.700012207031
4180,2022/04/01,986,1048,973,1035,410.100006103516
4180,2022/04/04,1043,1081,1019,1080,394.5
4180,2022/04/05,1121,1145,1060,1076,617.600036621094
4180,2022/04/06,1053,1085,1036,1067,587.200012207031
4180,2022/04/07,1055,1096,1044,1061,711.299987792969
4180,2022/04/08,1083,1093,1055,1075,469.200012207031
4180,2022/04/11,1051,1057,996,996,614.100036621094
4180,2022/04/12,996,1046,986,1027,436.200012207031
4180,2022/04/13,1030,1092,1020,1077,519.100036621094
4180,2022/04/14,1067,1084,1035,1062,195.400009155273
4180,2022/04/15,1044,1046,1016,1020,164.199996948242
4180,2022/04/18,1003,1020,984,1005,181
4180,2022/04/19,1001,1005,986,993,229.199996948242
4180,2022/04/20,1014,1023,992,994,268.100006103516
4180,2022/04/21,979,988,941,944,438
4180,2022/04/22,900,922,867,886,473.800018310547
4180,2022/04/25,879,911,872,905,337.200012207031
4180,2022/04/26,907,956,897,952,309.899993896484
4180,2022/04/27,904,907,884,887,644.799987792969
4180,2022/04/28,882,897,855,864,491
4180,2022/05/02,890,891,858,860,228.600006103516
4180,2022/05/06,815,830,787,793,643.799987792969
4180,2022/05/09,777,792,767,781,778.600036621094
4180,2022/05/10,826,850,723,776,3030.10009765625
4180,2022/05/11,791,801,751,784,1785.59997558594
4180,2022/05/12,750,754,695,709,1572.90002441406
4180,2022/05/13,754,772,725,759,1688.5
4180,2022/05/16,797,801,763,772,1069
4180,2022/05/17,740,750,718,725,1416.30004882813
4180,2022/05/18,740,761,730,750,741.299987792969
4180,2022/05/19,720,739,709,723,990.900024414063
4180,2022/05/20,734,783,725,777,602.400024414063
4180,2022/05/23,788,821,781,820,853.100036621094
4180,2022/05/24,814,829,783,783,617.900024414063
4180,2022/05/25,781,783,746,754,513.100036621094
4180,2022/05/26,780,805,771,777,558.5
4180,2022/05/27,817,822,790,798,481.399993896484
4180,2022/05/30,840,871,826,860,850.600036621094
4180,2022/05/31,852,878,838,866,2612
4180,2022/06/01,876,897,830,863,977
4180,2022/06/02,833,847,816,819,556.799987792969
4180,2022/06/03,848,860,822,848,919.5
4180,2022/06/06,833,839,805,826,478.600006103516
4180,2022/06/07,814,817,780,781,571.600036621094
4180,2022/06/08,819,863,811,853,1018.70001220703
4180,2022/06/09,850,924,842,918,1001.20001220703
4180,2022/06/10,881,899,863,877,579
4180,2022/06/13,833,846,805,808,642.700012207031
4180,2022/06/14,778,792,761,789,687.299987792969
4180,2022/06/15,785,790,755,770,462.100006103516
4180,2022/06/16,827,827,781,783,487.600006103516
4180,2022/06/17,753,766,740,754,531.299987792969
4180,2022/06/20,784,796,747,769,366.100006103516
4180,2022/06/21,756,804,756,801,380.700012207031
4180,2022/06/22,793,796,761,778,384.800018310547
4180,2022/06/23,763,782,755,755,300.5
4180,2022/06/24,769,839,769,835,1018.70001220703
4180,2022/06/27,826,884,822,863,929.700012207031
4180,2022/06/28,818,898,817,893,762
4180,2022/06/29,837,859,819,835,693.299987792969
4180,2022/06/30,810,880,810,851,1424.90002441406
4180,2022/07/01,878,888,845,879,895.600036621094
4180,2022/07/04,900,930,893,926,1181.80004882813
4180,2022/07/05,928,959,900,925,1221.30004882813
4180,2022/07/06,921,986,921,983,998.100036621094
4180,2022/07/07,968,992,926,929,769.799987792969
4180,2022/07/08,950,958,920,934,477.5
4180,2022/07/11,935,948,864,869,754.799987792969
4180,2022/07/12,869,904,858,901,636.299987792969
4180,2022/07/13,872,904,860,901,562.200012207031
4180,2022/07/14,877,917,872,910,375
4180,2022/07/15,890,933,876,881,515.100036621094
4180,2022/07/19,896,896,858,865,370.800018310547
4180,2022/07/20,879,923,872,921,594
4180,2022/07/21,917,981,913,977,723.400024414063
4180,2022/07/22,960,970,925,926,592.200012207031
4180,2022/07/25,896,897,837,840,1292.5
4180,2022/07/26,829,847,811,837,599.700012207031
4180,2022/07/27,825,858,825,846,467.100006103516
4180,2022/07/28,863,877,846,875,573.900024414063
4180,2022/07/29,880,903,860,866,704.200012207031
4180,2022/08/01,860,885,836,874,434.600006103516
4180,2022/08/02,871,895,848,853,322.399993896484
4180,2022/08/03,874,892,865,883,411.100006103516
4180,2022/08/04,910,945,906,934,524.900024414063
4180,2022/08/05,954,954,934,937,332.300018310547
4180,2022/08/08,935,935,882,907,436.100006103516
4180,2022/08/09,922,941,895,932,240.100006103516
4180,2022/08/10,913,917,889,901,484.100006103516
4180,2022/08/12,930,937,909,935,788.600036621094
4180,2022/08/15,1039,1085,990,1085,1902.90002441406
4180,2022/08/16,1099,1259,1098,1180,3191.19995117188
4180,2022/08/17,1162,1306,1111,1279,2708.60009765625
4180,2022/08/18,1219,1236,1155,1195,2077.40014648438
4180,2022/08/19,1221,1267,1183,1195,1320.30004882813
4180,2022/08/22,1220,1247,1117,1136,2684.90014648438
4180,2022/08/23,1148,1182,1121,1176,1074.09997558594
4180,2022/08/24,1166,1216,1151,1203,949.799987792969
4180,2022/08/25,1239,1239,1189,1207,1002.90002441406
4180,2022/08/26,1230,1290,1210,1225,1206.80004882813
4180,2022/08/29,1152,1190,1152,1171,856.299987792969
4180,2022/08/30,1178,1239,1178,1236,942.299987792969
4180,2022/08/31,1227,1257,1177,1215,932
4180,2022/09/01,1194,1194,1137,1142,804.5
4180,2022/09/02,1145,1173,1107,1160,987.299987792969
4180,2022/09/05,1131,1173,1114,1167,669.400024414063
4180,2022/09/06,1151,1220,1145,1201,607.600036621094
4180,2022/09/07,1204,1218,1122,1161,1185.20007324219
4180,2022/09/08,1194,1278,1193,1258,1435.59997558594
4180,2022/09/09,1294,1352,1278,1317,1614.5
4180,2022/09/12,1339,1365,1314,1356,1352.09997558594
4180,2022/09/13,1357,1400,1342,1378,1021.90002441406
4180,2022/09/14,1290,1337,1282,1312,1025.20007324219
4180,2022/09/15,1314,1351,1286,1321,841.600036621094
4180,2022/09/16,1314,1318,1243,1267,828.200012207031
4180,2022/09/20,1271,1287,1243,1254,621.600036621094
4180,2022/09/21,1236,1239,1190,1213,634.5
4180,2022/09/22,1205,1264,1194,1246,662.5
4180,2022/09/26,1219,1259,1200,1200,633.600036621094
4180,2022/09/27,1196,1213,1173,1198,617
4180,2022/09/28,1254,1264,1172,1202,786.100036621094
4180,2022/09/29,1289,1348,1246,1256,1132.30004882813
4180,2022/09/30,1240,1256,1187,1214,778.200012207031
4180,2022/10/03,1200,1241,1171,1233,369.600006103516
4180,2022/10/04,1288,1293,1244,1260,511.899993896484
4180,2022/10/05,1263,1332,1258,1321,1198.59997558594
4180,2022/10/06,1325,1333,1293,1329,862.299987792969
4180,2022/10/07,1301,1348,1296,1308,579.5
4180,2022/10/11,1278,1318,1271,1297,524.799987792969
4180,2022/10/12,1290,1309,1252,1275,584.100036621094
4180,2022/10/13,1261,1284,1247,1247,500.700012207031
4180,2022/10/14,1277,1306,1241,1246,891.700012207031
4180,2022/10/17,1220,1233,1181,1208,929.799987792969
4180,2022/10/18,1260,1302,1251,1287,870.5
4180,2022/10/19,1290,1351,1275,1331,1068.59997558594
4180,2022/10/20,1308,1313,1255,1275,930.299987792969
4180,2022/10/21,1285,1384,1285,1296,1870.90002441406
4180,2022/10/24,1320,1350,1293,1344,1023.29998779297
4180,2022/10/25,1372,1482,1367,1428,2239.40014648438
4180,2022/10/26,1474,1588,1470,1507,2817.80004882813
4180,2022/10/27,1500,1503,1414,1430,1716
4180,2022/10/28,1400,1440,1382,1429,678.600036621094
4180,2022/10/31,1449,1467,1413,1429,697.900024414063
4180,2022/11/01,1414,1416,1361,1388,889.200012207031
4180,2022/11/02,1341,1382,1315,1379,835.400024414063
4180,2022/11/04,1330,1415,1311,1394,989.600036621094
4180,2022/11/07,1364,1392,1336,1387,627.100036621094
4180,2022/11/08,1385,1430,1355,1375,711
4180,2022/11/09,1390,1429,1380,1394,837.799987792969
4180,2022/11/10,1380,1412,1346,1349,667.799987792969
4180,2022/11/11,1414,1453,1412,1426,1593.80004882813
4180,2022/11/14,1448,1492,1435,1480,1538.90002441406
4180,2022/11/15,1625,1708,1565,1660,4016.10009765625
4180,2022/11/16,1699,1731,1640,1709,1986.59997558594
4180,2022/11/17,1640,1712,1621,1700,1315.90002441406
4180,2022/11/18,1689,1701,1641,1655,872.100036621094
4180,2022/11/21,1635,1664,1620,1643,574
4180,2022/11/22,1617,1683,1598,1671,812.5
4180,2022/11/24,1695,1705,1670,1700,816.600036621094
4180,2022/11/25,1665,1692,1642,1673,720.299987792969
4180,2022/11/28,1623,1695,1596,1664,693.5
4180,2022/11/29,1637,1704,1636,1687,686.600036621094
4180,2022/11/30,1647,1664,1610,1623,1194.40002441406
4180,2022/12/01,1700,1729,1686,1693,1376.59997558594
4180,2022/12/02,1699,1710,1659,1665,627.600036621094
4180,2022/12/05,1652,1670,1611,1627,665.400024414063
4180,2022/12/06,1600,1604,1517,1527,1232.30004882813
4180,2022/12/07,1514,1556,1485,1537,932
4180,2022/12/08,1510,1557,1490,1540,652
4180,2022/12/09,1620,1629,1565,1600,2453.69995117188
4180,2022/12/12,1604,1680,1598,1611,1555
4180,2022/12/13,1620,1625,1560,1572,752.5
4180,2022/12/14,1597,1604,1546,1580,907.100036621094
4180,2022/12/15,1578,1601,1532,1581,901.700012207031
4180,2022/12/16,1541,1575,1517,1550,730.600036621094
4180,2022/12/19,1520,1578,1505,1567,710
4180,2022/12/20,1542,1584,1334,1413,2745.5
4180,2022/12/21,1373,1433,1311,1369,1534
4180,2022/12/22,1386,1410,1354,1392,723.200012207031
4180,2022/12/23,1379,1397,1337,1361,540.200012207031
4180,2022/12/26,1350,1385,1345,1383,322
4180,2022/12/27,1383,1416,1365,1368,509.200012207031
4180,2022/12/28,1351,1394,1319,1379,656.100036621094
4180,2022/12/29,1351,1393,1343,1393,475.399993896484
4180,2022/12/30,1402,1411,1352,1358,667.700012207031
4180,2023/01/04,1369,1400,1335,1346,934.799987792969
4180,2023/01/05,1319,1340,1285,1324,1325.5
4180,2023/01/06,1294,1398,1293,1387,730.900024414063
4180,2023/01/10,1477,1492,1449,1480,1259
4180,2023/01/11,1503,1570,1492,1540,884.700012207031
4180,2023/01/12,1543,1594,1526,1529,1098.70007324219
4180,2023/01/13,1530,1573,1517,1525,872.900024414063
4180,2023/01/16,1500,1520,1463,1473,1003.90002441406
4180,2023/01/17,1494,1507,1477,1479,859.299987792969
4180,2023/01/18,1479,1535,1442,1535,1563.20007324219
4180,2023/01/19,1519,1573,1502,1527,888.900024414063
4180,2023/01/20,1530,1541,1501,1529,614.400024414063
4180,2023/01/23,1550,1592,1546,1562,1179.90002441406
4180,2023/01/24,1589,1598,1563,1578,963.799987792969
4180,2023/01/25,1549,1569,1517,1520,939.700012207031
4180,2023/01/26,1535,1567,1527,1537,947.100036621094
4180,2023/01/27,1570,1637,1535,1540,1460.80004882813
4180,2023/01/30,1562,1667,1528,1564,8567
4180,2023/01/31,1541,1648,1538,1642,1786.5
4180,2023/02/01,1675,1767,1675,1745,2006.40002441406
4180,2023/02/02,1804,1875,1736,1847,2344.30004882813
4180,2023/02/03,1834,1869,1776,1843,1735.90002441406
4180,2023/02/06,1843,1940,1840,1872,1909.09997558594
4180,2023/02/07,1869,1897,1848,1884,1016.79998779297
4180,2023/02/08,1924,2025,1924,2025,2150
4180,2023/02/09,1997,2010,1951,2001,1309.80004882813
4180,2023/02/10,1947,2006,1895,1985,1417.20007324219
4180,2023/02/13,1906,1959,1857,1892,1712.30004882813
4180,2023/02/14,2162,2175,1977,1985,5225.5
4180,2023/02/15,1951,1960,1835,1879,2819.19995117188
4180,2023/02/16,1888,1934,1850,1901,1586.40002441406
4180,2023/02/17,1850,1853,1761,1778,2198.5
4180,2023/02/20,1698,1779,1655,1710,3292.90014648438
4180,2023/02/21,1710,1714,1655,1657,1572.5
4180,2023/02/22,1613,1623,1575,1619,1882.30004882813
4180,2023/02/24,1652,1697,1630,1691,2169.80004882813
4180,2023/02/27,1660,1682,1612,1625,1492.70007324219
4180,2023/02/28,1648,1710,1593,1687,2504.90014648438
4180,2023/03/01,1712,1815,1695,1813,2907.90014648438
4180,2023/03/02,1853,1907,1830,1892,4210.7001953125
4180,2023/03/03,1914,1972,1890,1971,3406.30004882813
4180,2023/03/06,1985,2130,1985,2026,3504.60009765625
4180,2023/03/07,2007,2103,2005,2054,2340.69995117188
4180,2023/03/08,2041,2064,1940,1958,2407.60009765625
4180,2023/03/09,1957,2002,1924,1949,1551.40002441406
4180,2023/03/10,1943,1963,1862,1867,1938
4180,2023/03/13,1812,1876,1801,1872,1553.30004882813
4180,2023/03/14,1847,1923,1841,1860,1631.90002441406
4180,2023/03/15,1900,1915,1818,1831,1217.70007324219
4180,2023/03/16,1770,1846,1768,1806,1561.09997558594
4180,2023/03/17,1821,1930,1813,1904,1525.70007324219
4180,2023/03/20,1905,1907,1788,1800,1386
4180,2023/03/22,1852,1870,1818,1840,855.5
4180,2023/03/23,1810,1886,1802,1851,1244.20007324219
4180,2023/03/24,1821,1833,1752,1787,1680.09997558594
4180,2023/03/27,1785,1795,1756,1765,743
4180,2023/03/28,1750,1755,1698,1720,1174.90002441406
4180,2023/03/29,1709,1761,1704,1758,852.900024414063
4180,2023/03/30,1798,1815,1668,1686,1621.09997558594
4180,2023/03/31,1726,1754,1664,1678,1459.5
4180,2023/04/03,1718,1746,1691,1723,1604.59997558594
4180,2023/04/04,1730,1748,1702,1705,1775.80004882813
4180,2023/04/05,1665,1675,1560,1574,3659.80004882813
4180,2023/04/06,1519,1570,1473,1555,1821.09997558594
4180,2023/04/07,1554,1588,1539,1561,1100.70007324219
4180,2023/04/10,1560,1575,1510,1544,1255.09997558594
4180,2023/04/11,1579,1591,1547,1554,1066.40002441406
4180,2023/04/12,1540,1545,1509,1521,1111.59997558594
4180,2023/04/13,1513,1574,1502,1561,1271
4180,2023/04/14,1601,1634,1533,1541,1610.90002441406
4180,2023/04/17,1529,1597,1525,1587,1666.80004882813
4180,2023/04/18,1605,1682,1584,1642,2450.60009765625
4180,2023/04/19,1700,1738,1615,1641,2670.90014648438
4180,2023/04/20,1619,1683,1603,1608,1464.30004882813
4180,2023/04/21,1592,1604,1532,1540,1164.80004882813
4180,2023/04/24,1558,1591,1538,1543,1144.20007324219
4180,2023/04/25,1543,1562,1484,1490,1249
4180,2023/04/26,1462,1476,1432,1438,1677.59997558594
4180,2023/04/27,1465,1466,1425,1445,3412.60009765625
4180,2023/04/28,1465,1537,1442,1533,1796.5
4180,2023/05/01,1535,1543,1455,1467,1531.40002441406
4180,2023/05/02,1467,1480,1444,1476,862.400024414063
4180,2023/05/08,1480,1493,1451,1476,783
4180,2023/05/09,1482,1488,1454,1464,835.299987792969
4180,2023/05/10,1473,1473,1425,1435,930.299987792969
4180,2023/05/11,1465,1494,1457,1471,932.900024414063
4180,2023/05/12,1490,1536,1457,1527,1500.40002441406
4180,2023/05/15,1527,1590,1512,1569,2393.60009765625
4180,2023/05/16,1438,1577,1412,1528,3957
4180,2023/05/17,1539,1552,1400,1401,2091.40014648438
4180,2023/05/18,1390,1403,1348,1359,1898.80004882813
4180,2023/05/19,1357,1458,1344,1455,1655.5
4180,2023/05/22,1451,1455,1406,1439,920.600036621094
4180,2023/05/23,1458,1459,1360,1369,1687.30004882813
4180,2023/05/24,1374,1392,1328,1333,1188.59997558594
4180,2023/05/25,1363,1378,1336,1354,1431.40002441406
4180,2023/05/26,1341,1357,1318,1322,1219.20007324219
4180,2023/05/29,1352,1425,1344,1377,1657.90002441406
4180,2023/05/30,1387,1422,1349,1405,1076.80004882813
4180,2023/05/31,1435,1439,1370,1385,1468
4180,2023/06/01,1376,1395,1356,1370,816.799987792969
4180,2023/06/02,1368,1415,1350,1402,1008.70001220703
4180,2023/06/05,1440,1500,1424,1497,1503.09997558594
4180,2023/06/06,1504,1530,1473,1488,1021.79998779297
4180,2023/06/07,1530,1589,1501,1530,1726
4180,2023/06/08,1511,1521,1458,1475,1314.09997558594
4180,2023/06/09,1520,1555,1475,1494,1243.09997558594
4180,2023/06/12,1547,1620,1521,1593,1606.09997558594
4180,2023/06/13,1646,1681,1613,1629,1842.59997558594
4180,2023/06/14,1680,1770,1632,1747,3358.69995117188
4180,2023/06/15,1751,1813,1730,1790,2358.5
4180,2023/06/16,1852,1978,1846,1973,4216.39990234375
4180,2023/06/19,1933,2030,1890,2012,4096.30029296875
4180,2023/06/20,1999,2004,1955,1968,2042.30004882813
4180,2023/06/21,1936,1992,1847,1873,3016
4180,2023/06/22,1842,1923,1830,1863,1433.20007324219
4180,2023/06/23,1867,1904,1762,1798,1810.5
4180,2023/06/26,1733,1744,1670,1712,2448.19995117188
4180,2023/06/27,1661,1663,1606,1651,2041.59997558594
4180,2023/06/28,1691,1706,1654,1690,1319.20007324219
4180,2023/06/29,1770,1826,1741,1783,1556.70007324219
4180,2023/06/30,1770,1804,1715,1749,1398.40002441406
4180,2023/07/03,1784,1834,1750,1773,1212.30004882813
4180,2023/07/04,1741,1794,1732,1780,938.900024414063
4180,2023/07/05,1749,1775,1741,1765,761.600036621094
4180,2023/07/06,1729,1765,1713,1715,1014.90002441406
4180,2023/07/07,1666,1759,1656,1727,1077.70007324219
4180,2023/07/10,1687,1708,1645,1658,1118.5
4180,2023/07/11,1681,1698,1606,1606,1054.80004882813
4180,2023/07/12,1626,1626,1585,1603,678.900024414063
4180,2023/07/13,1625,1718,1618,1717,913.200012207031
4180,2023/07/14,1753,1798,1723,1758,1538.70007324219
4180,2023/07/18,1765,1765,1684,1695,955.799987792969
4180,2023/07/19,1720,1764,1697,1728,884.400024414063
4180,2023/07/20,1697,1721,1667,1682,626.5
4180,2023/07/21,1642,1658,1626,1656,681.100036621094
4180,2023/07/24,1671,1700,1660,1667,790.5
4180,2023/07/25,1651,1653,1613,1639,539.5
4180,2023/07/26,1645,1651,1618,1641,403.5
4180,2023/07/27,1632,1646,1613,1635,507.800018310547
4180,2023/07/28,1616,1660,1595,1641,1696
4180,2023/07/31,1651,1691,1628,1690,849.100036621094
4180,2023/08/01,1693,1711,1669,1705,543.799987792969
4180,2023/08/02,1684,1696,1651,1656,863.200012207031
4180,2023/08/03,1620,1663,1601,1642,979.799987792969
4180,2023/08/04,1626,1647,1602,1609,694.299987792969
4180,2023/08/07,1619,1708,1565,1699,1205.09997558594
4180,2023/08/08,1690,1704,1609,1610,917.799987792969
4180,2023/08/09,1607,1623,1590,1598,709.400024414063
4180,2023/08/10,1576,1576,1527,1543,1158.30004882813
4180,2023/08/14,1550,1597,1533,1544,1524
4180,2023/08/15,1704,1714,1562,1650,2550.80004882813
4180,2023/08/16,1640,1695,1627,1641,1543.59997558594
4180,2023/08/17,1611,1617,1486,1539,1805.70007324219
4180,2023/08/18,1499,1509,1443,1507,1451.5
4180,2023/08/21,1515,1683,1514,1650,1630.20007324219
4180,2023/08/22,1674,1704,1608,1622,1333
4180,2023/08/23,1613,1634,1554,1632,775.200012207031
4180,2023/08/24,1733,1769,1665,1680,1627
4180,2023/08/25,1649,1699,1615,1672,785.100036621094
4180,2023/08/28,1700,1768,1692,1743,1450.5
4180,2023/08/29,1754,1794,1723,1784,982.700012207031
4180,2023/08/30,1804,1846,1796,1808,1201
4180,2023/08/31,1825,1830,1751,1771,1028.40002441406
4180,2023/09/01,1768,1805,1757,1801,989
4180,2023/09/04,1802,1820,1770,1800,916.5
4180,2023/09/05,1800,1864,1800,1837,975
4180,2023/09/06,1810,1837,1793,1800,827.700012207031
4180,2023/09/07,1773,1780,1715,1750,1054.59997558594
4180,2023/09/08,1763,1825,1751,1778,789
4180,2023/09/11,1701,1747,1636,1672,1722.59997558594
4180,2023/09/12,1733,1767,1696,1709,1176.20007324219
4180,2023/09/13,1715,1756,1707,1711,922.299987792969
4180,2023/09/14,1721,1734,1685,1695,714.400024414063
4180,2023/09/15,1722,1800,1692,1748,4903.5
4180,2023/09/19,1735,1786,1701,1705,915.900024414063
4180,2023/09/20,1697,1755,1694,1705,696.100036621094
4180,2023/09/21,1682,1683,1614,1628,958.700012207031
4180,2023/09/22,1606,1676,1593,1662,767.100036621094
4180,2023/09/25,1680,1724,1673,1696,567.100036621094
4180,2023/09/26,1698,1704,1666,1669,610.100036621094
4180,2023/09/27,1629,1651,1605,1642,956.5
4180,2023/09/28,1642,1642,1565,1592,1139
4180,2023/09/29,1587,1604,1558,1599,798
4180,2023/10/02,1608,1612,1530,1537,1071.40002441406
4180,2023/10/03,1540,1541,1487,1491,1012.90002441406
4180,2023/10/04,1462,1478,1425,1426,1362.30004882813
4180,2023/10/05,1455,1537,1443,1520,887.200012207031
4180,2023/10/06,1504,1522,1483,1495,1123.09997558594
4180,2023/10/10,1547,1547,1495,1517,679.5
4180,2023/10/11,1533,1544,1509,1509,668.400024414063
4180,2023/10/12,1503,1594,1503,1590,877.400024414063
4180,2023/10/13,1594,1596,1547,1556,1005.90002441406
4180,2023/10/16,1494,1499,1433,1453,1248.80004882813
4180,2023/10/17,1500,1519,1454,1470,664.400024414063
4180,2023/10/18,1470,1473,1415,1440,886.5
4180,2023/10/19,1400,1439,1391,1414,610.700012207031
4180,2023/10/20,1395,1407,1368,1375,1088.70007324219
4180,2023/10/23,1351,1367,1301,1308,1420.80004882813
4180,2023/10/24,1333,1361,1288,1360,1652.40002441406
4180,2023/10/25,1373,1379,1262,1267,2118.60009765625
4180,2023/10/26,1237,1259,1229,1250,1526
4180,2023/10/27,1259,1288,1222,1265,1055
4180,2023/10/30,1244,1251,1168,1193,2020.20007324219
4180,2023/10/31,1196,1245,1157,1226,1220.30004882813
4180,2023/11/01,1271,1273,1224,1225,963
4180,2023/11/02,1260,1325,1253,1325,1323.59997558594
4180,2023/11/06,1420,1522,1408,1488,2596.80004882813
4180,2023/11/07,1476,1519,1443,1507,1775.59997558594
4180,2023/11/08,1563,1569,1498,1518,1290.09997558594
4180,2023/11/09,1527,1565,1506,1560,1158.40002441406
4180,2023/11/10,1513,1549,1505,1546,1371.20007324219
4180,2023/11/13,1565,1570,1510,1546,1585
4180,2023/11/14,1600,1600,1488,1568,3572.30004882813
4180,2023/11/15,1620,1679,1605,1669,2322
4180,2023/11/16,1650,1656,1564,1595,1603.80004882813
4180,2023/11/17,1590,1600,1495,1538,1864.5
4180,2023/11/20,1525,1615,1516,1589,1541
4180,2023/11/21,1623,1668,1605,1630,1679.70007324219
4180,2023/11/22,1631,1639,1605,1616,918.700012207031
4180,2023/11/24,1639,1709,1633,1685,1422.5
4180,2023/11/27,1684,1687,1628,1632,755.799987792969
4180,2023/11/28,1625,1649,1608,1635,881.5
4180,2023/11/29,1632,1675,1613,1655,901.5
4180,2023/11/30,1655,1665,1630,1640,898.900024414063
4180,2023/12/01,1630,1631,1595,1599,827.299987792969
4180,2023/12/04,1623,1659,1613,1650,800.700012207031
4180,2023/12/05,1617,1643,1597,1612,700.900024414063
4180,2023/12/06,1622,1639,1601,1625,664.200012207031
4180,2023/12/07,1615,1618,1565,1576,873.600036621094
4180,2023/12/08,1543,1574,1527,1537,837.900024414063
4180,2023/12/11,1551,1579,1501,1513,717.299987792969
4180,2023/12/12,1517,1517,1440,1452,1003.40002441406
4180,2023/12/13,1490,1516,1452,1509,874.600036621094
4180,2023/12/14,1549,1634,1540,1620,1515.59997558594
4180,2023/12/15,1650,1674,1615,1627,1178.40002441406
4180,2023/12/18,1619,1651,1587,1624,731.299987792969
4180,2023/12/19,1643,1706,1623,1693,1027.59997558594
4180,2023/12/20,1724,1773,1690,1692,1421.90002441406
4180,2023/12/21,1630,1685,1618,1660,997.799987792969
4180,2023/12/22,1653,1680,1640,1644,609.400024414063
4180,2023/12/25,1750,1757,1694,1704,591.600036621094
4180,2023/12/26,1736,1833,1736,1819,2216.90014648438
4180,2023/12/27,1838,1868,1811,1818,1408.80004882813
4180,2023/12/28,1801,1849,1767,1847,1124.09997558594
4180,2023/12/29,1845,1856,1815,1850,672.299987792969
4180,2024/01/04,1776,1892,1765,1874,941.700012207031
4180,2024/01/05,1870,1877,1788,1798,1019.29998779297
4180,2024/01/09,1830,1846,1770,1815,921.600036621094
4180,2024/01/10,1819,1877,1793,1861,945.799987792969
4180,2024/01/11,1886,1886,1833,1848,761.200012207031
4180,2024/01/12,1839,1849,1783,1815,1010.60003662109
4180,2024/01/15,1849,1855,1792,1828,955.400024414063
4180,2024/01/16,1810,1829,1781,1791,686.5
4180,2024/01/17,1770,1782,1713,1733,1157.59997558594
4180,2024/01/18,1705,1715,1662,1676,1028.09997558594
4180,2024/01/19,1701,1737,1683,1712,955.5
4180,2024/01/22,1765,1807,1737,1807,883.799987792969
4180,2024/01/23,1821,1830,1772,1806,927.5
4180,2024/01/24,1800,1832,1789,1822,766.5
4180,2024/01/25,1814,1823,1765,1813,861.299987792969
4180,2024/01/26,1808,1864,1776,1797,875.200012207031
4180,2024/01/29,1806,1810,1746,1748,878.700012207031
4180,2024/01/30,1756,1831,1737,1827,1097.40002441406
4180,2024/01/31,1747,1766,1722,1757,1357.80004882813
4180,2024/02/01,1706,1716,1680,1700,1027.5
4180,2024/02/02,1720,1756,1715,1719,659.900024414063
4180,2024/02/05,1749,1787,1714,1764,724.100036621094
4180,2024/02/06,1714,1759,1703,1742,776.600036621094
4180,2024/02/07,1725,1731,1705,1710,746.400024414063
4180,2024/02/08,1732,1748,1693,1738,1086.59997558594
4180,2024/02/09,1745,1799,1745,1782,878.5
4180,2024/02/13,1848,1867,1807,1831,1253.90002441406
4180,2024/02/14,1805,1864,1786,1860,1552.40002441406
4180,2024/02/15,2000,2036,1838,1850,5789.80029296875
4180,2024/02/16,1848,1848,1731,1732,3189.90014648438
4180,2024/02/19,1767,1867,1742,1844,2520
4180,2024/02/20,1881,1997,1873,1896,3322.40014648438
4180,2024/02/21,1887,1892,1804,1804,1680
4180,2024/02/22,1899,1913,1784,1790,2713.5
4180,2024/02/26,1803,1929,1788,1910,2569.30004882813
4180,2024/02/27,1910,1955,1885,1916,1837.59997558594
4180,2024/02/28,1928,1947,1853,1926,1824.70007324219
4180,2024/02/29,1905,1937,1845,1874,1500
4180,2024/03/01,1874,1890,1815,1836,1485.80004882813
4180,2024/03/04,1829,1868,1810,1830,1158.30004882813
4180,2024/03/05,1803,1838,1757,1813,1637.90002441406
4180,2024/03/06,1750,1823,1738,1762,1637.90002441406
4180,2024/03/07,1772,1773,1700,1703,1963
4180,2024/03/08,1668,1698,1646,1667,1638.70007324219
4180,2024/03/11,1630,1658,1597,1615,1485.20007324219
4180,2024/03/12,1593,1652,1572,1648,1145.80004882813
4180,2024/03/13,1659,1660,1586,1596,886.5
4180,2024/03/14,1580,1588,1528,1538,1457.70007324219
4180,2024/03/15,1514,1548,1477,1523,1667.90002441406
4180,2024/03/18,1579,1626,1542,1625,1437
4180,2024/03/19,1649,1677,1607,1671,1650.20007324219
4180,2024/03/21,1707,1725,1673,1679,1332
4180,2024/03/22,1697,1702,1646,1682,741.600036621094
4180,2024/03/25,1674,1678,1605,1605,1116.80004882813
4180,2024/03/26,1601,1624,1593,1618,714.100036621094
4180,2024/03/27,1625,1645,1590,1597,861.700012207031
4180,2024/03/28,1597,1603,1560,1560,786.100036621094
4180,2024/03/29,1561,1581,1545,1566,569.100036621094
4180,2024/04/01,1579,1580,1535,1539,557.100036621094
4180,2024/04/02,1519,1525,1497,1508,859
4180,2024/04/03,1472,1482,1438,1453,1455.30004882813
4180,2024/04/04,1479,1495,1456,1472,857.799987792969
4180,2024/04/05,1443,1469,1433,1459,827.200012207031
4180,2024/04/08,1476,1481,1446,1463,732.100036621094
4180,2024/04/09,1470,1472,1424,1426,1106
4180,2024/04/10,1441,1464,1430,1440,922.100036621094
4180,2024/04/11,1414,1419,1377,1392,1311.5
4180,2024/04/12,1403,1413,1343,1360,1490.30004882813
4180,2024/04/15,1335,1349,1311,1317,1178.70007324219
4180,2024/04/16,1278,1345,1271,1314,1499.5
4180,2024/04/17,1310,1315,1273,1295,1046.80004882813
4180,2024/04/18,1284,1369,1276,1334,1353.59997558594
4180,2024/04/19,1321,1330,1299,1312,1221.20007324219
4180,2024/04/22,1358,1385,1344,1372,894.299987792969
4180,2024/04/23,1394,1395,1336,1359,945.400024414063
4180,2024/04/24,1385,1411,1380,1404,1014.70001220703
4180,2024/04/25,1355,1355,1304,1304,1479
4180,2024/04/26,1305,1329,1289,1312,943.900024414063
4180,2024/04/30,1328,1347,1314,1326,1330
4180,2024/05/01,1285,1319,1279,1303,695.400024414063
4180,2024/05/02,1315,1356,1301,1340,842.799987792969
4180,2024/05/07,1363,1422,1353,1398,1382.70007324219
4180,2024/05/08,1394,1415,1377,1382,1258.20007324219
4180,2024/05/09,1371,1386,1346,1363,1056.70007324219
4180,2024/05/10,1350,1358,1327,1333,1141.20007324219
4180,2024/05/13,1333,1372,1332,1356,1078.30004882813
4180,2024/05/14,1378,1416,1373,1416,1938.70007324219
4180,2024/05/15,1356,1381,1302,1302,2690.69995117188
4180,2024/05/16,1394,1441,1354,1363,2242.90014648438
4180,2024/05/17,1348,1362,1327,1341,1188.70007324219
4180,2024/05/20,1339,1376,1331,1347,745.100036621094
4180,2024/05/21,1346,1356,1272,1273,1357
4180,2024/05/22,1269,1311,1241,1295,1140.30004882813
4180,2024/05/23,1325,1337,1273,1278,746.400024414063
4180,2024/05/24,1262,1297,1255,1291,950.200012207031
4180,2024/05/27,1284,1287,1253,1272,910.5
4180,2024/05/28,1283,1312,1269,1280,959.600036621094
4180,2024/05/29,1275,1280,1227,1235,1240.70007324219
4180,2024/05/30,1201,1218,1190,1207,899.5
4180,2024/05/31,1211,1265,1208,1250,1066.70007324219
4180,2024/06/03,1267,1281,1245,1246,678.900024414063
4180,2024/06/04,1262,1329,1260,1308,1320.30004882813
4180,2024/06/05,1302,1318,1282,1285,970.100036621094
4180,2024/06/06,1290,1292,1260,1265,798.700012207031
4180,2024/06/07,1264,1277,1253,1260,533.700012207031
4180,2024/06/10,1255,1256,1229,1242,623.799987792969
4180,2024/06/11,1240,1252,1227,1241,405.899993896484
4180,2024/06/12,1260,1290,1238,1249,729.900024414063
4180,2024/06/13,1279,1328,1272,1310,1907.90002441406
4180,2024/06/14,1291,1334,1282,1310,1596.20007324219
4180,2024/06/17,1291,1296,1242,1268,999.299987792969
4180,2024/06/18,1257,1266,1201,1224,1411.59997558594
4180,2024/06/19,1239,1239,1179,1191,1248
4180,2024/06/20,1174,1201,1165,1180,859.600036621094
4180,2024/06/21,1198,1226,1174,1180,1416.40002441406
4180,2024/06/24,1200,1252,1186,1224,1488.30004882813
4180,2024/06/25,1225,1236,1203,1211,892.900024414063
4180,2024/06/26,1207,1221,1199,1204,692.900024414063
4180,2024/06/27,1200,1210,1182,1196,951.900024414063
4180,2024/06/28,1200,1231,1195,1208,944.100036621094
4180,2024/07/01,1224,1240,1199,1209,922
4180,2024/07/02,1204,1218,1188,1200,784.299987792969
4180,2024/07/03,1200,1248,1197,1212,1324.70007324219
4180,2024/07/04,1229,1232,1209,1218,709.400024414063
4180,2024/07/05,1220,1276,1216,1254,1151.80004882813
4180,2024/07/08,1266,1288,1244,1247,1107.90002441406
4180,2024/07/09,1238,1263,1235,1263,664
4180,2024/07/10,1254,1261,1233,1252,686.100036621094
4180,2024/07/11,1252,1252,1182,1188,1747.5
4180,2024/07/12,1210,1317,1210,1300,2885.69995117188
4180,2024/07/16,1340,1351,1304,1312,1694.20007324219
4180,2024/07/17,1365,1378,1320,1358,1914.70007324219
4180,2024/07/18,1346,1375,1323,1323,1476.70007324219
4180,2024/07/19,1293,1313,1281,1300,1010.79998779297
4180,2024/07/22,1305,1317,1262,1283,1220.90002441406
4180,2024/07/23,1295,1322,1294,1315,744.700012207031
4180,2024/07/24,1290,1299,1271,1278,1101.80004882813
4180,2024/07/25,1253,1260,1227,1244,933.5
4180,2024/07/26,1270,1276,1241,1250,914.5
4180,2024/07/29,1265,1279,1252,1277,751.299987792969
4180,2024/07/30,1259,1265,1227,1244,1406.30004882813
4180,2024/07/31,1223,1236,1205,1234,1098.90002441406
4180,2024/08/01,1230,1240,1190,1193,1373.30004882813
4180,2024/08/02,1123,1127,1075,1092,2626
4180,2024/08/05,1019,1079,928,968,3759.10009765625
4180,2024/08/06,1085,1118,1058,1118,1529.80004882813
4180,2024/08/07,1088,1154,1087,1117,1731.5
4180,2024/08/08,1106,1150,1102,1139,1022.60003662109
4180,2024/08/09,1214,1239,1181,1207,2049.19995117188
4180,2024/08/13,1210,1277,1210,1273,1901.90002441406
4180,2024/08/14,1310,1310,1277,1304,2273
4180,2024/08/15,1550,1581,1395,1414,4600.80029296875
4180,2024/08/16,1426,1438,1393,1429,1552.90002441406
4180,2024/08/19,1445,1512,1436,1438,1859.5
4180,2024/08/20,1468,1494,1462,1488,1097.70007324219
4180,2024/08/21,1491,1536,1484,1495,981.900024414063
4180,2024/08/22,1495,1572,1493,1572,1831.20007324219
4180,2024/08/23,1580,1610,1546,1605,1663.09997558594
4180,2024/08/26,1658,1696,1650,1690,2231.19995117188
4180,2024/08/27,1660,1687,1638,1645,1315.30004882813
4180,2024/08/28,1645,1655,1610,1639,904.600036621094
4180,2024/08/29,1644,1675,1626,1643,922.600036621094
4180,2024/08/30,1640,1643,1621,1642,757.400024414063
4180,2024/09/02,1650,1664,1620,1647,738.799987792969
4180,2024/09/03,1650,1722,1650,1700,1145.80004882813
4180,2024/09/04,1632,1652,1592,1608,1142.30004882813
4180,2024/09/05,1585,1685,1583,1641,998.700012207031
4180,2024/09/06,1643,1648,1593,1615,971
4180,2024/09/09,1561,1641,1557,1638,905
4180,2024/09/10,1649,1705,1630,1694,752.700012207031
4180,2024/09/11,1699,1729,1657,1677,1268.70007324219
4180,2024/09/12,1717,1760,1712,1746,1320.30004882813
4180,2024/09/13,1731,1733,1687,1687,984
4180,2024/09/17,1725,1749,1704,1729,949.299987792969
4180,2024/09/18,1750,1778,1681,1685,1076.80004882813
4180,2024/09/19,1705,1756,1694,1751,945.600036621094
4180,2024/09/20,1754,1785,1741,1745,1161.70007324219
4180,2024/09/24,1754,1804,1750,1777,1409.20007324219
4180,2024/09/25,1765,1798,1755,1788,552.700012207031
4180,2024/09/26,1788,1814,1784,1813,753
4180,2024/09/27,1819,1848,1802,1836,844.900024414063
4180,2024/09/30,1775,1823,1774,1782,925
4180,2024/10/01,1801,1805,1764,1789,610.799987792969
4180,2024/10/02,1755,1760,1698,1704,1055.5
4180,2024/10/03,1736,1747,1693,1727,909.900024414063
4180,2024/10/04,1731,1781,1719,1719,580
4180,2024/10/07,1695,1739,1692,1728,763.400024414063
4180,2024/10/08,1740,1754,1707,1710,750.600036621094
4180,2024/10/09,1721,1734,1706,1711,522.900024414063
4180,2024/10/10,1720,1730,1704,1706,461
4180,2024/10/11,1710,1779,1708,1764,911.700012207031
4180,2024/10/15,1760,1772,1704,1743,1063.80004882813
4180,2024/10/16,1743,1765,1720,1745,538.700012207031
4180,2024/10/17,1750,1773,1718,1721,558.700012207031
4180,2024/10/18,1719,1742,1713,1720,340.700012207031
4180,2024/10/21,1733,1794,1729,1748,797.600036621094
4180,2024/10/22,1740,1740,1641,1657,1173.40002441406
4180,2024/10/23,1657,1676,1615,1616,809.600036621094
4180,2024/10/24,1590,1610,1571,1587,961.799987792969
4180,2024/10/25,1570,1581,1539,1543,887.600036621094
4180,2024/10/28,1557,1627,1543,1627,807.200012207031
4180,2024/10/29,1620,1652,1603,1641,549.100036621094
4180,2024/10/30,1667,1667,1635,1644,708
4180,2024/10/31,1624,1675,1624,1666,501.800018310547
4180,2024/11/01,1626,1656,1603,1605,456.300018310547
4180,2024/11/05,1610,1637,1588,1621,403
4180,2024/11/06,1627,1648,1613,1632,558.799987792969
4180,2024/11/07,1640,1645,1604,1622,653.600036621094
4180,2024/11/08,1662,1734,1643,1693,1065.59997558594
4180,2024/11/11,1688,1700,1666,1700,776.5
4180,2024/11/12,1703,1720,1670,1670,782.700012207031
4180,2024/11/13,1668,1695,1654,1667,670.5
4180,2024/11/14,1674,1702,1650,1687,1089.5
4180,2024/11/15,1527,1564,1487,1517,3014.5
4180,2024/11/18,1518,1576,1502,1544,1065.59997558594
4180,2024/11/19,1553,1562,1520,1544,1010.40002441406
4180,2024/11/20,1532,1537,1458,1462,1903.5
4180,2024/11/21,1479,1486,1433,1458,977.299987792969
4180,2024/11/22,1476,1483,1410,1417,1217.80004882813
4180,2024/11/25,1415,1469,1404,1457,1409.40002441406
4180,2024/11/26,1475,1476,1430,1453,598.100036621094
4180,2024/11/27,1455,1460,1419,1438,580.299987792969
4180,2024/11/28,1430,1453,1415,1440,581.799987792969
4180,2024/11/29,1440,1448,1420,1429,686.600036621094
4180,2024/12/02,1423,1442,1397,1438,1062.09997558594
4180,2024/12/03,1420,1436,1377,1377,1454.59997558594
4180,2024/12/04,1377,1385,1360,1373,1378.59997558594
4180,2024/12/05,1384,1404,1377,1397,1005.60003662109
4180,2024/12/06,1392,1395,1355,1384,639.400024414063
4180,2024/12/09,1400,1432,1391,1397,968.5
4180,2024/12/10,1388,1394,1315,1334,1077.5
4180,2024/12/11,1320,1353,1319,1347,919.799987792969
4180,2024/12/12,1360,1374,1352,1360,895.100036621094
4180,2024/12/13,1343,1430,1341,1392,1558.30004882813
4180,2024/12/16,1396,1408,1388,1395,1026
4180,2024/12/17,1400,1426,1380,1400,1296
4180,2024/12/18,1408,1467,1407,1434,1575.5
4180,2024/12/19,1374,1434,1370,1401,1799.30004882813
4180,2024/12/20,1417,1522,1416,1522,2891.69995117188
4180,2024/12/23,1533,1543,1482,1513,1755.09997558594
4180,2024/12/24,1521,1528,1480,1505,1147.59997558594
4180,2024/12/25,1511,1522,1484,1500,418.300018310547
4180,2024/12/26,1505,1512,1466,1479,744.100036621094
4180,2024/12/27,1479,1485,1452,1470,634.400024414063
4180,2024/12/30,1470,1488,1455,1460,526.799987792969
4180,2025/01/06,1465,1478,1424,1424,743.299987792969
4180,2025/01/07,1452,1466,1440,1457,634.299987792969
4180,2025/01/08,1438,1449,1425,1449,579.5
4180,2025/01/09,1434,1472,1427,1472,510.700012207031
4180,2025/01/10,1463,1477,1456,1470,406
4180,2025/01/14,1450,1456,1420,1441,683.900024414063
4180,2025/01/15,1425,1451,1425,1448,497.600006103516
4180,2025/01/16,1440,1446,1403,1416,529
4180,2025/01/17,1403,1404,1377,1398,612
4180,2025/01/20,1380,1399,1374,1394,711.799987792969
4180,2025/01/21,1400,1409,1377,1405,456.700012207031
4180,2025/01/22,1414,1420,1396,1411,581.400024414063
4180,2025/01/23,1423,1470,1406,1460,709.100036621094
4180,2025/01/24,1451,1483,1451,1466,579
4180,2025/01/27,1496,1528,1458,1461,1220.5
4180,2025/01/28,1461,1645,1455,1644,2200.60009765625
4180,2025/01/29,1675,1814,1658,1736,5539.39990234375
4180,2025/01/30,1696,1714,1636,1645,1941.80004882813
4180,2025/01/31,1653,1659,1602,1621,1289.40002441406
4180,2025/02/03,1603,1605,1526,1535,1274.5
4180,2025/02/04,1580,1588,1531,1554,781
4180,2025/02/05,1565,1581,1540,1549,560.299987792969
4180,2025/02/06,1580,1584,1533,1551,651
4180,2025/02/07,1570,1641,1545,1618,1464.40002441406
4180,2025/02/10,1658,1702,1645,1683,1509.80004882813
4180,2025/02/12,1701,1766,1701,1764,1601.20007324219
4180,2025/02/13,1791,1830,1771,1830,1771.59997558594
4180,2025/02/14,1854,1875,1783,1807,1798.90002441406
4180,2025/02/17,1837,1868,1653,1664,3223.60009765625
4180,2025/02/18,1699,1708,1664,1683,1123.30004882813
4180,2025/02/19,1680,1738,1673,1738,1145.80004882813
4180,2025/02/20,1740,1802,1725,1740,1440
4180,2025/02/21,1700,1738,1689,1725,578.299987792969
4180,2025/02/25,1685,1700,1674,1675,773.299987792969
4180,2025/02/26,1655,1655,1558,1570,1191.59997558594
4180,2025/02/27,1573,1596,1545,1551,730.299987792969
4180,2025/02/28,1510,1510,1480,1484,1165.30004882813
4180,2025/03/03,1508,1513,1434,1437,1057.40002441406
4180,2025/03/04,1449,1459,1396,1416,949.400024414063
4180,2025/03/05,1418,1461,1404,1442,759.900024414063
4180,2025/03/06,1470,1492,1447,1460,734.900024414063
4180,2025/03/07,1425,1452,1416,1416,824.700012207031
4180,2025/03/10,1422,1469,1413,1450,860.900024414063
4180,2025/03/11,1410,1470,1383,1463,1393.59997558594
4180,2025/03/12,1469,1540,1469,1508,1084.09997558594
4180,2025/03/13,1556,1560,1494,1499,861.799987792969
4180,2025/03/14,1500,1505,1464,1499,525.200012207031
4180,2025/03/17,1527,1534,1492,1515,575.700012207031
4180,2025/03/18,1521,1549,1502,1538,461.200012207031
4180,2025/03/19,1535,1537,1505,1506,376.800018310547
4180,2025/03/21,1506,1522,1459,1459,1301.80004882813
4180,2025/03/24,1489,1519,1444,1458,919.200012207031
4180,2025/03/25,1482,1484,1426,1426,673.100036621094
4180,2025/03/26,1440,1459,1433,1434,477.100006103516
4180,2025/03/27,1413,1438,1411,1437,498.899993896484
4180,2025/03/28,1422,1431,1390,1396,646.299987792969
4180,2025/03/31,1375,1383,1332,1343,980.600036621094
4180,2025/04/01,1343,1356,1311,1314,810.299987792969
4180,2025/04/02,1315,1344,1308,1329,637.400024414063
4180,2025/04/03,1273,1307,1259,1299,842.5
4180,2025/04/04,1280,1282,1184,1219,1398.59997558594
4180,2025/04/07,1070,1122,1042,1061,1814.70007324219
4180,2025/04/08,1146,1176,1140,1150,1106.90002441406
4180,2025/04/09,1120,1121,1056,1080,883.100036621094
4180,2025/04/10,1259,1259,1188,1220,1110
4180,2025/04/11,1147,1254,1128,1244,855
4180,2025/04/14,1245,1278,1243,1244,609.600036621094
4180,2025/04/15,1256,1264,1245,1257,397.899993896484
4180,2025/04/16,1244,1250,1198,1205,690.100036621094
4180,2025/04/17,1201,1227,1186,1225,482.399993896484
4180,2025/04/18,1230,1254,1223,1244,335.800018310547
4180,2025/04/21,1245,1257,1226,1239,427.5
4180,2025/04/22,1231,1231,1191,1217,650.900024414063
4180,2025/04/23,1243,1247,1209,1224,502.700012207031
4180,2025/04/24,1237,1272,1221,1269,564.600036621094
4180,2025/04/25,1277,1298,1273,1289,558.900024414063
4180,2025/04/28,1317,1333,1295,1304,567.799987792969
4180,2025/04/30,1300,1300,1243,1258,767
4180,2025/05/01,1269,1274,1235,1269,686.900024414063
4180,2025/05/02,1265,1300,1258,1279,503.300018310547
4180,2025/05/07,1274,1280,1256,1278,480.700012207031
4180,2025/05/08,1279,1310,1279,1310,712.600036621094
4180,2025/05/09,1310,1359,1307,1343,935.900024414063
4180,2025/05/12,1333,1351,1318,1332,681.100036621094
4180,2025/05/13,1362,1380,1336,1368,795
4180,2025/05/14,1369,1374,1340,1359,814.700012207031
4180,2025/05/15,1360,1376,1340,1346,1010.20001220703
4180,2025/05/16,1373,1469,1359,1425,1919.20007324219
4180,2025/05/19,1395,1415,1351,1351,1026.09997558594
4180,2025/05/20,1355,1424,1353,1411,784.5
4180,2025/05/21,1400,1409,1344,1353,819
4180,2025/05/22,1345,1365,1337,1345,428.899993896484
4180,2025/05/23,1340,1383,1333,1378,579.100036621094
4180,2025/05/26,1372,1489,1362,1489,1056.59997558594
4180,2025/05/27,1488,1503,1462,1494,787.700012207031
4180,2025/05/28,1494,1498,1450,1450,749.700012207031
4180,2025/05/29,1479,1514,1466,1503,813.900024414063
4180,2025/05/30,1530,1596,1521,1548,1561.09997558594
4180,2025/06/02,1545,1565,1526,1535,529.400024414063
4180,2025/06/03,1550,1593,1531,1558,938.299987792969
4180,2025/06/04,1569,1589,1526,1544,629.900024414063
4180,2025/06/05,1539,1543,1490,1497,693
4180,2025/06/06,1497,1500,1457,1469,746.5
4180,2025/06/09,1483,1530,1476,1519,482.899993896484
4180,2025/06/10,1543,1551,1496,1503,686.799987792969
4180,2025/06/11,1502,1570,1501,1537,711.400024414063
4180,2025/06/12,1566,1590,1528,1529,733.900024414063
4180,2025/06/13,1521,1527,1441,1461,1118.20007324219
4180,2025/06/16,1454,1498,1452,1498,548.799987792969
4180,2025/06/17,1498,1517,1479,1487,457.100006103516
4180,2025/06/18,1487,1579,1486,1555,834.900024414063
4180,2025/06/19,1557,1599,1553,1553,924.5
4180,2025/06/20,1545,1594,1535,1583,1331.59997558594
4180,2025/06/23,1556,1588,1540,1582,583.100036621094
4180,2025/06/24,1599,1628,1586,1615,756.200012207031
4180,2025/06/25,1630,1639,1601,1628,686.5
4180,2025/06/26,1625,1647,1612,1619,784.400024414063
4180,2025/06/27,1614,1618,1584,1602,751.799987792969
4180,2025/06/30,1638,1664,1623,1631,803.900024414063
4180,2025/07/01,1631,1637,1602,1625,520.400024414063
4180,2025/07/02,1595,1603,1553,1558,669.600036621094
4180,2025/07/03,1584,1643,1584,1599,1066.40002441406
4180,2025/07/04,1591,1615,1570,1571,527.600036621094
4180,2025/07/07,1563,1594,1562,1577,308.600006103516
4180,2025/07/08,1568,1581,1531,1581,670.299987792969
4180,2025/07/09,1588,1590,1548,1567,414.600006103516
4180,2025/07/10,1578,1589,1534,1540,535.700012207031
4180,2025/07/11,1545,1569,1536,1539,380.899993896484
4180,2025/07/14,1517,1544,1511,1513,448.399993896484
4180,2025/07/15,1513,1520,1477,1484,580.100036621094
4180,2025/07/16,1502,1509,1473,1481,567.799987792969
4180,2025/07/17,1500,1539,1486,1510,657.799987792969
4180,2025/07/18,1581,1592,1526,1531,650.5
4180,2025/07/22,1538,1549,1498,1498,550.700012207031
4180,2025/07/23,1523,1551,1497,1539,723.900024414063
4180,2025/07/24,1540,1553,1523,1548,469.399993896484
4180,2025/07/25,1540,1575,1531,1544,377.200012207031
4180,2025/07/28,1546,1569,1542,1546,321.600006103516
4180,2025/07/29,1522,1531,1500,1529,486.600006103516
4180,2025/07/30,1539,1554,1524,1540,1708.5
4180,2025/07/31,1545,1566,1543,1551,421.800018310547
4180,2025/08/01,1552,1584,1545,1584,433.100006103516
4180,2025/08/04,1540,1638,1540,1634,686
4180,2025/08/05,1660,1668,1624,1642,587.5
4180,2025/08/06,1636,1642,1582,1607,483.5
4180,2025/08/07,1607,1622,1602,1618,401.200012207031
4180,2025/08/08,1608,1619,1601,1610,331.700012207031
4180,2025/08/12,1593,1596,1517,1517,1182.90002441406
4180,2025/08/13,1515,1522,1486,1487,1230.59997558594
4180,2025/08/14,1500,1520,1474,1495,1337.90002441406
4180,2025/08/15,1500,1610,1480,1541,3155.90014648438
4180,2025/08/18,1567,1638,1530,1533,1714.30004882813
4180,2025/08/19,1540,1593,1521,1586,877.100036621094
4180,2025/08/20,1578,1595,1533,1546,746.299987792969
4180,2025/08/21,1530,1540,1500,1500,610.100036621094
4180,2025/08/22,1496,1510,1477,1495,541.5
4180,2025/08/25,1500,1573,1499,1541,1125.09997558594
4180,2025/08/26,1520,1520,1488,1495,897
4180,2025/08/27,1495,1510,1465,1505,1185.30004882813
4180,2025/08/28,1505,1520,1488,1499,640.299987792969
4180,2025/08/29,1508,1549,1502,1546,753.100036621094
4180,2025/09/01,1537,1590,1526,1567,593.100036621094
4180,2025/09/02,1560,1576,1515,1524,639.100036621094
4180,2025/09/03,1515,1527,1489,1519,911.600036621094
4180,2025/09/04,1527,1558,1522,1544,505.700012207031
4180,2025/09/05,1544,1545,1511,1531,480.399993896484
4180,2025/09/08,1565,1617,1560,1617,1083.09997558594
4180,2025/09/09,1619,1646,1607,1645,801.200012207031
4180,2025/09/10,1631,1656,1624,1650,472.100006103516
4180,2025/09/11,1664,1718,1657,1718,1052.40002441406
4180,2025/09/12,1732,1745,1626,1654,1299.59997558594
4180,2025/09/16,1645,1645,1580,1588,732.799987792969
4180,2025/09/17,1581,1643,1580,1640,759.900024414063
4180,2025/09/18,1653,1703,1650,1671,724
4180,2025/09/19,1678,1725,1667,1699,1487.90002441406
4180,2025/09/22,1699,1705,1629,1632,676.600036621094
4180,2025/09/24,1615,1617,1528,1530,1481.40002441406
4180,2025/09/25,1500,1537,1492,1533,1109
4180,2025/09/26,1517,1555,1507,1511,923.700012207031
4180,2025/09/29,1512,1515,1491,1500,807.200012207031
4180,2025/09/30,1500,1570,1500,1550,726.200012207031
4180,2025/10/01,1535,1536,1476,1483,826.700012207031
4180,2025/10/02,1484,1492,1453,1455,745.700012207031
4180,2025/10/03,1450,1479,1436,1464,718.900024414063
4180,2025/10/06,1510,1550,1495,1518,1026.70007324219
4180,2025/10/07,1530,1554,1498,1532,738.100036621094
4180,2025/10/08,1510,1526,1499,1503,539.400024414063
4180,2025/10/09,1499,1510,1474,1493,776.400024414063
4180,2025/10/10,1472,1481,1451,1463,691.5
4180,2025/10/14,1433,1464,1399,1401,735.700012207031
4180,2025/10/15,1422,1445,1404,1434,489.899993896484
4180,2025/10/16,1444,1458,1424,1443,416.5
4180,2025/10/17,1424,1433,1375,1383,783.299987792969
4180,2025/10/20,1405,1448,1395,1438,708.299987792969
4180,2025/10/21,1430,1436,1406,1415,541.400024414063
4180,2025/10/22,1420,1437,1415,1425,380.399993896484
4180,2025/10/23,1394,1412,1383,1391,578
4180,2025/10/24,1389,1391,1370,1380,507.899993896484
4180,2025/10/27,1378,1401,1372,1382,659.200012207031
4180,2025/10/28,1354,1361,1332,1332,1285.80004882813
4180,2025/10/29,1332,1336,1284,1295,1195.40002441406
4180,2025/10/30,1279,1290,1266,1273,977.400024414063
4180,2025/10/31,1302,1334,1290,1298,825.600036621094
4180,2025/11/04,1280,1284,1248,1256,1594.30004882813
4180,2025/11/05,1230,1237,1181,1205,1771.80004882813
4180,2025/11/06,1201,1211,1165,1172,1804.09997558594
4180,2025/11/07,1168,1223,1163,1186,2129.60009765625
4180,2025/11/10,1206,1217,1194,1213,1023.5
4180,2025/11/11,1220,1266,1217,1250,1231.80004882813
4180,2025/11/12,1256,1278,1227,1244,1197.70007324219
4180,2025/11/13,1240,1243,1195,1210,1571.40002441406
4180,2025/11/14,1191,1206,1186,1186,1226.20007324219
4180,2025/11/17,1068,1068,1003,1017,5414
4180,2025/11/18,1001,1034,998,1021,2332
4180,2025/11/19,1003,1024,991,1002,1471.59997558594
4180,2025/11/20,1030,1084,1026,1072,2049.5
4180,2025/11/21,1042,1088,1040,1087,1727.80004882813
4180,2025/11/25,1097,1135,1092,1128,1435
4180,2025/11/26,1139,1144,1102,1116,1583.70007324219
4180,2025/11/27,1130,1133,1112,1130,834.100036621094
4180,2025/11/28,1121,1121,1068,1073,1614.30004882813
4180,2025/12/01,1081,1088,1055,1072,1082.30004882813
4180,2025/12/02,1098,1117,1087,1104,1270.30004882813
4180,2025/12/03,1120,1128,1095,1106,1179.80004882813
4180,2025/12/04,1106,1131,1099,1131,1020.60003662109
4180,2025/12/05,1130,1190,1130,1165,1827.80004882813
4180,2025/12/08,1147,1259,1142,1220,2996.90014648438
4180,2025/12/09,1225,1243,1182,1199,2083.60009765625
4180,2025/12/10,1195,1197,1147,1147,1513.40002441406
4180,2025/12/11,1160,1187,1128,1135,1494.90002441406
4180,2025/12/12,1137,1137,1107,1111,1671.30004882813
4180,2025/12/15,1117,1154,1110,1154,1411.59997558594
4180,2025/12/16,1110,1120,1078,1094,1787.70007324219
4180,2025/12/17,1100,1112,1079,1109,1183.20007324219
4180,2025/12/18,1095,1097,1064,1080,1360.59997558594
4180,2025/12/19,1080,1099,1073,1079,2731.10009765625
4180,2025/12/22,1101,1111,1058,1082,1785.09997558594
4180,2025/12/23,1083,1101,1074,1091,1193.20007324219
4180,2025/12/24,1080,1100,1077,1079,1016.70001220703
4180,2025/12/25,1090,1127,1086,1120,1071.5
4180,2025/12/26,1136,1137,1101,1109,1123.40002441406
4180,2025/12/29,1108,1120,1101,1103,1000
4180,2025/12/30,1100,1100,1068,1074,1268.09997558594
