4259,2021/12/23,1030,1150,1012,1075,10502.400390625
4259,2021/12/24,1120,1125,906,966,6030
4259,2021/12/27,950,1009,930,962,1413.90002441406
4259,2021/12/28,1010,1065,976,1063,2119.60009765625
4259,2021/12/29,1075,1080,1005,1079,1197
4259,2021/12/30,1071,1071,990,1007,662.200012207031
4259,2022/01/04,957,961,900,901,909.600036621094
4259,2022/01/05,880,894,801,801,1070.40002441406
4259,2022/01/06,777,830,756,809,763
4259,2022/01/07,850,874,790,832,694.5
4259,2022/01/11,822,824,764,775,367.700012207031
4259,2022/01/12,790,802,768,770,249.699996948242
4259,2022/01/13,767,773,696,698,754.900024414063
4259,2022/01/14,695,716,670,700,351.200012207031
4259,2022/01/17,686,700,632,634,376.899993896484
4259,2022/01/18,640,670,622,648,430.100006103516
4259,2022/01/19,708,732,656,660,1659
4259,2022/01/20,724,760,724,760,613.400024414063
4259,2022/01/21,775,851,708,722,8971.5
4259,2022/01/24,715,722,667,699,870.799987792969
4259,2022/01/25,739,747,690,728,896.200012207031
4259,2022/01/26,799,808,705,713,1758.90002441406
4259,2022/01/27,710,732,688,700,612.600036621094
4259,2022/01/28,685,695,641,680,1019.90002441406
4259,2022/01/31,679,704,659,686,360.5
4259,2022/02/01,706,734,699,721,509.600006103516
4259,2022/02/02,730,737,716,728,244.400009155273
4259,2022/02/03,720,722,698,704,215.199996948242
4259,2022/02/04,691,705,674,704,174
4259,2022/02/07,696,710,692,696,103
4259,2022/02/08,689,703,655,656,358.100006103516
4259,2022/02/09,670,696,661,693,176.300003051758
4259,2022/02/10,703,722,690,719,223.800003051758
4259,2022/02/14,691,723,686,700,287.100006103516
4259,2022/02/15,699,699,656,660,291.899993896484
4259,2022/02/16,680,743,680,735,889.400024414063
4259,2022/02/17,737,739,685,689,330.100006103516
4259,2022/02/18,668,672,645,661,510.899993896484
4259,2022/02/21,642,646,607,614,453.700012207031
4259,2022/02/22,603,628,593,603,417.800018310547
4259,2022/02/24,593,605,576,581,340.899993896484
4259,2022/02/25,609,640,603,632,447.300018310547
4259,2022/02/28,635,662,626,656,218.699996948242
4259,2022/03/01,649,700,644,697,403.100006103516
4259,2022/03/02,682,718,673,713,317.800018310547
4259,2022/03/03,737,791,729,787,891.600036621094
4259,2022/03/04,763,769,708,737,399.899993896484
4259,2022/03/07,710,715,663,683,236.900009155273
4259,2022/03/08,675,721,668,693,196.199996948242
4259,2022/03/09,710,710,668,671,209.5
4259,2022/03/10,681,703,680,698,242.800003051758
4259,2022/03/11,678,686,653,665,286.700012207031
4259,2022/03/14,658,681,658,671,140.900009155273
4259,2022/03/15,675,678,661,673,65
4259,2022/03/16,679,689,668,680,174.600006103516
4259,2022/03/17,697,705,676,690,325.600006103516
4259,2022/03/18,675,687,668,681,385
4259,2022/03/22,690,692,654,654,209.199996948242
4259,2022/03/23,674,695,674,684,326.899993896484
4259,2022/03/24,675,697,671,693,252.100006103516
4259,2022/03/25,706,708,679,698,207.900009155273
4259,2022/03/28,708,728,694,700,480.399993896484
4259,2022/03/29,709,740,700,740,387.700012207031
4259,2022/03/30,750,812,748,800,710
4259,2022/03/31,785,797,761,774,329.899993896484
4259,2022/04/01,760,796,739,770,387.399993896484
4259,2022/04/04,796,824,796,818,538.700012207031
4259,2022/04/05,846,870,829,855,616.400024414063
4259,2022/04/06,828,870,819,861,343.399993896484
4259,2022/04/07,849,849,823,844,178.400009155273
4259,2022/04/08,849,860,819,821,141.199996948242
4259,2022/04/11,806,818,785,800,392.5
4259,2022/04/12,800,827,795,819,188.5
4259,2022/04/13,826,852,809,849,304.600006103516
4259,2022/04/14,860,860,842,850,285.600006103516
4259,2022/04/15,870,883,839,854,342.399993896484
4259,2022/04/18,850,866,830,832,246.900009155273
4259,2022/04/19,847,864,818,824,220.600006103516
4259,2022/04/20,825,828,788,788,186.300003051758
4259,2022/04/21,786,787,748,758,174.400009155273
4259,2022/04/22,730,734,687,696,418.200012207031
4259,2022/04/25,678,698,665,681,301.5
4259,2022/04/26,700,702,666,682,312.100006103516
4259,2022/04/27,670,674,651,664,250.900009155273
4259,2022/04/28,667,672,645,661,125.5
4259,2022/05/02,644,656,636,646,164.300003051758
4259,2022/05/06,640,641,613,614,249.699996948242
4259,2022/05/09,611,611,587,587,265.600006103516
4259,2022/05/10,580,581,555,579,430.399993896484
4259,2022/05/11,569,579,545,556,448.100006103516
4259,2022/05/12,560,600,553,558,1209.09997558594
4259,2022/05/13,566,568,536,546,505.100006103516
4259,2022/05/16,558,587,558,585,302.300018310547
4259,2022/05/17,588,588,562,569,231.699996948242
4259,2022/05/18,571,586,569,575,136.900009155273
4259,2022/05/19,560,561,539,542,295.399993896484
4259,2022/05/20,547,552,530,547,170.400009155273
4259,2022/05/23,550,568,546,567,125
4259,2022/05/24,558,559,542,544,131.600006103516
4259,2022/05/25,540,540,505,508,352.399993896484
4259,2022/05/26,517,526,499,499,195.900009155273
4259,2022/05/27,507,533,505,523,241.300003051758
4259,2022/05/30,540,568,531,568,228.699996948242
4259,2022/05/31,556,567,548,563,186.900009155273
4259,2022/06/01,563,577,548,557,101.300003051758
4259,2022/06/02,551,555,533,550,151.900009155273
4259,2022/06/03,552,560,545,552,137.600006103516
4259,2022/06/06,550,555,543,555,102.700004577637
4259,2022/06/07,552,552,535,535,172.400009155273
4259,2022/06/08,545,572,544,565,236.800003051758
4259,2022/06/09,555,581,555,575,122
4259,2022/06/10,559,570,551,555,158.800003051758
4259,2022/06/13,535,535,501,507,290.899993896484
4259,2022/06/14,500,506,486,505,302.399993896484
4259,2022/06/15,509,509,489,490,224.5
4259,2022/06/16,512,512,459,464,555
4259,2022/06/17,440,460,423,430,885.400024414063
4259,2022/06/20,433,446,401,413,403.100006103516
4259,2022/06/21,416,433,416,422,134.699996948242
4259,2022/06/22,430,431,400,407,382.300018310547
4259,2022/06/23,419,435,410,415,255.400009155273
4259,2022/06/24,439,488,438,471,920.700012207031
4259,2022/06/27,493,505,463,496,791.400024414063
4259,2022/06/28,488,514,481,500,584.100036621094
4259,2022/06/29,495,526,490,516,463.700012207031
4259,2022/06/30,535,556,509,521,2217.60009765625
4259,2022/07/01,515,515,457,457,506.800018310547
4259,2022/07/04,458,485,455,460,424.300018310547
4259,2022/07/05,458,466,449,456,405
4259,2022/07/06,454,464,445,458,631.700012207031
4259,2022/07/07,460,470,447,447,235.900009155273
4259,2022/07/08,452,457,441,448,194.300003051758
4259,2022/07/11,464,475,457,460,373.300018310547
4259,2022/07/12,451,457,429,429,312.399993896484
4259,2022/07/13,435,435,423,429,117.099998474121
4259,2022/07/14,424,430,419,429,146.100006103516
4259,2022/07/15,433,433,418,423,120.900001525879
4259,2022/07/19,424,425,413,419,154.699996948242
4259,2022/07/20,423,434,423,429,214.699996948242
4259,2022/07/21,436,455,432,451,485.5
4259,2022/07/22,443,450,438,445,196.300003051758
4259,2022/07/25,439,439,422,429,254.100006103516
4259,2022/07/26,437,437,418,421,344.100006103516
4259,2022/07/27,426,440,416,426,948.299987792969
4259,2022/07/28,432,432,422,427,552.299987792969
4259,2022/07/29,430,472,430,436,1234.5
4259,2022/08/01,441,442,428,433,1307.5
4259,2022/08/02,438,456,434,436,646.700012207031
4259,2022/08/03,440,440,424,431,675.700012207031
4259,2022/08/04,437,438,425,431,670.799987792969
4259,2022/08/05,428,433,420,427,539.400024414063
4259,2022/08/08,429,429,406,409,1033.59997558594
4259,2022/08/09,405,418,398,417,479.800018310547
4259,2022/08/10,411,411,399,402,487.200012207031
4259,2022/08/12,386,404,384,401,828.900024414063
4259,2022/08/15,405,411,393,396,547.799987792969
4259,2022/08/16,398,432,396,427,867
4259,2022/08/17,433,473,430,463,1153.09997558594
4259,2022/08/18,455,467,443,462,385.399993896484
4259,2022/08/19,460,465,445,445,383.700012207031
4259,2022/08/22,437,437,412,413,511
4259,2022/08/23,413,427,408,427,429.800018310547
4259,2022/08/24,429,445,427,431,410.200012207031
4259,2022/08/25,435,447,432,447,273.100006103516
4259,2022/08/26,451,458,444,448,430.700012207031
4259,2022/08/29,425,447,425,439,415.899993896484
4259,2022/08/30,453,470,448,456,560.600036621094
4259,2022/08/31,459,469,456,464,359
4259,2022/09/01,475,476,452,460,517.600036621094
4259,2022/09/02,459,463,438,442,434.600006103516
4259,2022/09/05,439,445,432,441,165.400009155273
4259,2022/09/06,441,455,436,447,196.300003051758
4259,2022/09/07,445,445,416,420,613.200012207031
4259,2022/09/08,428,435,418,424,278.300018310547
4259,2022/09/09,427,447,427,444,369.200012207031
4259,2022/09/12,524,524,524,524,116
4259,2022/09/13,543,549,495,495,4261.89990234375
4259,2022/09/14,488,554,473,495,4442.60009765625
4259,2022/09/15,500,509,474,475,1406
4259,2022/09/16,468,478,463,468,560.700012207031
4259,2022/09/20,465,477,453,477,641.100036621094
4259,2022/09/21,473,486,452,460,726.200012207031
4259,2022/09/22,452,465,443,462,452.5
4259,2022/09/26,460,460,430,430,699.200012207031
4259,2022/09/27,437,443,430,433,482.399993896484
4259,2022/09/28,436,441,416,425,371.600006103516
4259,2022/09/29,435,440,425,432,450.700012207031
4259,2022/09/30,430,447,427,427,676.900024414063
4259,2022/10/03,427,443,398,443,1469.5
4259,2022/10/04,443,457,432,457,1267.09997558594
4259,2022/10/05,457,464,445,449,626.900024414063
4259,2022/10/06,444,451,437,451,378.399993896484
4259,2022/10/07,443,478,442,469,1008.90002441406
4259,2022/10/11,461,461,442,450,547.100036621094
4259,2022/10/12,450,464,450,464,395.5
4259,2022/10/13,459,460,431,432,762
4259,2022/10/14,448,464,441,462,815.799987792969
4259,2022/10/17,455,470,453,462,322.200012207031
4259,2022/10/18,469,498,468,469,824.799987792969
4259,2022/10/19,473,504,469,502,917.100036621094
4259,2022/10/20,492,506,483,486,706.400024414063
4259,2022/10/21,483,488,471,479,266.200012207031
4259,2022/10/24,486,498,470,487,544.400024414063
4259,2022/10/25,513,545,509,517,1884.90002441406
4259,2022/10/26,524,539,502,527,949
4259,2022/10/27,520,531,512,531,457.700012207031
4259,2022/10/28,528,544,526,538,426.100006103516
4259,2022/10/31,548,551,520,530,438.899993896484
4259,2022/11/01,533,534,512,515,440.100006103516
4259,2022/11/02,511,522,504,518,284.5
4259,2022/11/04,506,520,506,510,214.900009155273
4259,2022/11/07,510,513,496,508,217.400009155273
4259,2022/11/08,515,530,511,522,400
4259,2022/11/09,519,532,511,524,647.700012207031
4259,2022/11/10,486,494,471,476,1325.20007324219
4259,2022/11/11,498,520,493,514,1155.59997558594
4259,2022/11/14,530,552,522,526,697.799987792969
4259,2022/11/15,519,575,515,570,1405.20007324219
4259,2022/11/16,566,574,545,559,639.600036621094
4259,2022/11/17,566,570,525,525,1065.20007324219
4259,2022/11/18,515,548,512,537,702.100036621094
4259,2022/11/21,535,541,516,536,726.299987792969
4259,2022/11/22,522,531,513,524,972.700012207031
4259,2022/11/24,532,550,529,549,588.799987792969
4259,2022/11/25,555,569,547,557,599.400024414063
4259,2022/11/28,558,601,550,594,1372.70007324219
4259,2022/11/29,593,611,576,578,1185.59997558594
4259,2022/11/30,578,582,562,576,507.100006103516
4259,2022/12/01,596,608,568,577,807.100036621094
4259,2022/12/02,573,573,557,569,367.800018310547
4259,2022/12/05,569,573,550,567,472.399993896484
4259,2022/12/06,557,560,541,541,361
4259,2022/12/07,531,543,531,535,467.300018310547
4259,2022/12/08,531,532,513,522,451.899993896484
4259,2022/12/09,531,531,509,516,662.900024414063
4259,2022/12/12,516,526,506,520,454.800018310547
4259,2022/12/13,527,529,513,516,481.100006103516
4259,2022/12/14,511,513,486,500,960.299987792969
4259,2022/12/15,495,511,486,507,600.799987792969
4259,2022/12/16,497,503,471,474,953.799987792969
4259,2022/12/19,470,475,456,457,552.100036621094
4259,2022/12/20,451,455,420,431,1075.80004882813
4259,2022/12/21,430,432,415,420,717.5
4259,2022/12/22,428,445,420,443,696.700012207031
4259,2022/12/23,428,429,417,420,623
4259,2022/12/26,430,435,414,428,543.200012207031
4259,2022/12/27,430,441,428,430,480.300018310547
4259,2022/12/28,422,423,404,415,962.299987792969
4259,2022/12/29,412,438,411,435,573
4259,2022/12/30,439,449,426,437,448.200012207031
4259,2023/01/04,437,437,414,416,457.5
4259,2023/01/05,419,427,410,415,239.800003051758
4259,2023/01/06,410,416,406,413,353.100006103516
4259,2023/01/10,420,451,419,439,565.600036621094
4259,2023/01/11,443,470,437,463,630.5
4259,2023/01/12,470,474,460,469,342.300018310547
4259,2023/01/13,467,479,464,473,441.700012207031
4259,2023/01/16,478,498,474,482,876.600036621094
4259,2023/01/17,480,503,480,491,447.899993896484
4259,2023/01/18,499,512,491,503,521.900024414063
4259,2023/01/19,500,507,493,504,242.699996948242
4259,2023/01/20,500,518,500,513,306.5
4259,2023/01/23,527,535,512,520,372.399993896484
4259,2023/01/24,523,534,517,517,395.5
4259,2023/01/25,513,516,502,514,310.100006103516
4259,2023/01/26,518,529,516,519,253.199996948242
4259,2023/01/27,520,528,501,506,378
4259,2023/01/30,510,520,508,512,411.5
4259,2023/01/31,512,514,501,509,232.5
4259,2023/02/01,515,531,513,526,408.399993896484
4259,2023/02/02,530,535,524,528,302.300018310547
4259,2023/02/03,530,530,513,515,255.400009155273
4259,2023/02/06,520,525,497,499,503.399993896484
4259,2023/02/07,501,505,488,496,317.600006103516
4259,2023/02/08,496,533,496,526,570
4259,2023/02/09,516,555,512,549,836.5
4259,2023/02/10,546,553,531,542,463.300018310547
4259,2023/02/13,533,535,509,511,629.5
4259,2023/02/14,519,535,519,532,427.600006103516
4259,2023/02/15,432,432,432,432,45.7999992370605
4259,2023/02/16,352,373,352,358,6601.2001953125
4259,2023/02/17,352,357,315,321,4970.89990234375
4259,2023/02/20,320,321,308,311,3463.40014648438
4259,2023/02/21,312,314,303,304,2609.40014648438
4259,2023/02/22,298,298,287,293,2731.10009765625
4259,2023/02/24,291,294,283,288,1600.90002441406
4259,2023/02/27,286,287,271,274,2685.80004882813
4259,2023/02/28,276,297,276,295,2604
4259,2023/03/01,294,294,283,287,1186.59997558594
4259,2023/03/02,283,283,274,275,1432.80004882813
4259,2023/03/03,280,288,278,283,1055.80004882813
4259,2023/03/06,291,301,285,298,1850.5
4259,2023/03/07,297,308,294,301,1881.09997558594
4259,2023/03/08,296,327,295,325,3100.10009765625
4259,2023/03/09,337,339,315,330,5986.7001953125
4259,2023/03/10,322,341,308,310,5681.7001953125
4259,2023/03/13,298,313,297,312,1610.90002441406
4259,2023/03/14,307,311,293,296,1566.30004882813
4259,2023/03/15,304,310,287,288,1392.30004882813
4259,2023/03/16,283,309,283,308,1229.20007324219
4259,2023/03/17,309,321,305,318,1207.20007324219
4259,2023/03/20,317,324,302,304,1115.70007324219
4259,2023/03/22,315,319,308,310,705.299987792969
4259,2023/03/23,326,347,323,345,5540.39990234375
4259,2023/03/24,357,365,336,345,4335.10009765625
4259,2023/03/27,342,342,330,334,1412.5
4259,2023/03/28,331,335,322,328,947.400024414063
4259,2023/03/29,331,340,329,340,950.200012207031
4259,2023/03/30,341,349,330,335,1108.09997558594
4259,2023/03/31,332,334,324,325,1093.5
4259,2023/04/03,331,339,327,334,1332.40002441406
4259,2023/04/04,333,335,323,324,1594.20007324219
4259,2023/04/05,324,326,319,322,650.299987792969
4259,2023/04/06,317,328,314,323,727.100036621094
4259,2023/04/07,325,327,311,316,863.400024414063
4259,2023/04/10,319,327,318,325,817
4259,2023/04/11,328,335,326,327,1050.70007324219
4259,2023/04/12,325,326,313,321,1157.40002441406
4259,2023/04/13,317,325,314,322,565.100036621094
4259,2023/04/14,325,328,318,319,542.900024414063
4259,2023/04/17,319,331,316,328,1171
4259,2023/04/18,328,339,328,339,1202.09997558594
4259,2023/04/19,339,343,330,336,935.600036621094
4259,2023/04/20,336,345,335,339,873.5
4259,2023/04/21,334,336,322,325,1417.09997558594
4259,2023/04/24,328,337,325,332,984.700012207031
4259,2023/04/25,332,332,323,328,796.600036621094
4259,2023/04/26,333,339,327,331,872.5
4259,2023/04/27,331,332,324,326,712.100036621094
4259,2023/04/28,328,333,322,332,709.299987792969
4259,2023/05/01,336,343,334,342,1143.70007324219
4259,2023/05/02,339,340,331,338,532.100036621094
4259,2023/05/08,341,350,341,343,1008.90002441406
4259,2023/05/09,350,359,347,350,1078.80004882813
4259,2023/05/10,360,365,351,357,1200.90002441406
4259,2023/05/11,361,367,357,366,1244.30004882813
4259,2023/05/12,330,360,327,360,2892.10009765625
4259,2023/05/15,357,399,357,379,1860.30004882813
4259,2023/05/16,384,390,368,376,1380.30004882813
4259,2023/05/17,379,394,375,384,1305.70007324219
4259,2023/05/18,384,392,374,382,988.400024414063
4259,2023/05/19,387,412,384,411,1981.20007324219
4259,2023/05/22,418,428,405,420,1709
4259,2023/05/23,427,442,413,427,2119
4259,2023/05/24,419,435,417,425,958.900024414063
4259,2023/05/25,423,428,413,422,1147
4259,2023/05/26,430,443,410,416,2269.30004882813
4259,2023/05/29,419,489,418,479,5120.30029296875
4259,2023/05/30,482,487,451,462,2927.19995117188
4259,2023/05/31,520,539,481,486,6171.80029296875
4259,2023/06/01,478,504,470,496,2331.19995117188
4259,2023/06/02,509,553,493,548,4666.7001953125
4259,2023/06/05,554,584,542,580,4822.7001953125
4259,2023/06/06,587,660,585,641,8889.6005859375
4259,2023/06/07,647,663,609,621,6110.30029296875
4259,2023/06/08,601,615,562,585,4690.89990234375
4259,2023/06/09,595,610,566,569,3568.60009765625
4259,2023/06/12,579,630,561,614,5309.60009765625
4259,2023/06/13,633,639,606,614,3050.19995117188
4259,2023/06/14,623,652,617,621,4408.5
4259,2023/06/15,614,626,595,605,2204.80004882813
4259,2023/06/16,610,660,608,660,3054
4259,2023/06/19,664,667,642,651,2500.19995117188
4259,2023/06/20,661,661,628,641,1509.70007324219
4259,2023/06/21,645,685,637,670,3441.30004882813
4259,2023/06/22,663,690,653,658,2999.5
4259,2023/06/23,659,660,600,607,3511.60009765625
4259,2023/06/26,594,596,553,564,3388.60009765625
4259,2023/06/27,558,566,504,532,3610.60009765625
4259,2023/06/28,547,561,530,535,1656.20007324219
4259,2023/06/29,545,572,532,537,2124.80004882813
4259,2023/06/30,517,533,507,528,1523.20007324219
4259,2023/07/03,580,582,543,551,2535.40014648438
4259,2023/07/04,541,546,523,529,1441.59997558594
4259,2023/07/05,519,533,515,530,1210.30004882813
4259,2023/07/06,520,524,504,507,1358.20007324219
4259,2023/07/07,489,501,470,487,2512.80004882813
4259,2023/07/10,479,492,471,478,993.200012207031
4259,2023/07/11,494,504,488,499,1328
4259,2023/07/12,499,502,479,480,753.600036621094
4259,2023/07/13,483,500,478,495,824.799987792969
4259,2023/07/14,501,502,485,496,1373.5
4259,2023/07/18,490,502,474,497,2010.5
4259,2023/07/19,504,505,475,489,1388.90002441406
4259,2023/07/20,487,487,461,461,1457.70007324219
4259,2023/07/21,453,462,446,457,1475.30004882813
4259,2023/07/24,462,474,458,474,712.600036621094
4259,2023/07/25,476,476,464,467,650.100036621094
4259,2023/07/26,465,480,461,478,703.799987792969
4259,2023/07/27,470,470,457,463,697
4259,2023/07/28,456,468,453,464,510
4259,2023/07/31,469,469,455,458,431.200012207031
4259,2023/08/01,465,467,458,465,623.400024414063
4259,2023/08/02,457,463,455,462,340.100006103516
4259,2023/08/03,455,460,452,452,615.400024414063
4259,2023/08/04,450,455,442,443,634
4259,2023/08/07,438,460,436,459,539
4259,2023/08/08,451,457,442,443,556.299987792969
4259,2023/08/09,440,450,440,448,426.399993896484
4259,2023/08/10,445,445,436,443,420.399993896484
4259,2023/08/14,451,451,422,425,1339.59997558594
4259,2023/08/15,433,461,428,446,2823.5
4259,2023/08/16,439,448,425,427,954.100036621094
4259,2023/08/17,419,421,393,397,2067.40014648438
4259,2023/08/18,389,395,379,394,1282
4259,2023/08/21,395,406,389,403,618.5
4259,2023/08/22,401,412,399,402,840.100036621094
4259,2023/08/23,398,405,395,403,397.300018310547
4259,2023/08/24,417,436,417,421,1529.80004882813
4259,2023/08/25,413,432,405,429,630.799987792969
4259,2023/08/28,424,425,408,410,576
4259,2023/08/29,411,418,409,414,354.700012207031
4259,2023/08/30,416,417,399,399,705.100036621094
4259,2023/08/31,404,406,396,402,429.5
4259,2023/09/01,399,406,395,406,300.600006103516
4259,2023/09/04,403,413,399,403,283.600006103516
4259,2023/09/05,401,412,399,407,240.100006103516
4259,2023/09/06,405,407,399,402,350.899993896484
4259,2023/09/07,399,399,390,394,514.100036621094
4259,2023/09/08,386,391,384,387,630
4259,2023/09/11,389,396,387,388,341.899993896484
4259,2023/09/12,390,407,390,392,769.799987792969
4259,2023/09/13,391,402,391,392,334.5
4259,2023/09/14,392,396,385,389,631
4259,2023/09/15,390,396,375,382,1193.09997558594
4259,2023/09/19,383,407,378,406,1123.90002441406
4259,2023/09/20,412,419,404,410,599.299987792969
4259,2023/09/21,412,413,391,391,914.200012207031
4259,2023/09/22,385,402,381,399,665.700012207031
4259,2023/09/25,401,402,393,398,469.700012207031
4259,2023/09/26,413,415,398,401,944.600036621094
4259,2023/09/27,395,413,394,413,593.299987792969
4259,2023/09/28,421,421,399,404,539.700012207031
4259,2023/09/29,404,409,400,408,376.899993896484
4259,2023/10/02,412,412,393,393,368.200012207031
4259,2023/10/03,393,396,375,378,803.600036621094
4259,2023/10/04,370,376,351,353,1211.5
4259,2023/10/05,361,385,360,381,1147.09997558594
4259,2023/10/06,381,400,381,399,549
4259,2023/10/10,399,416,397,414,728.100036621094
4259,2023/10/11,419,420,407,411,461.899993896484
4259,2023/10/12,413,413,398,408,505.899993896484
4259,2023/10/13,404,409,400,400,300.399993896484
4259,2023/10/16,400,401,391,395,590.200012207031
4259,2023/10/17,400,405,397,400,341.100006103516
4259,2023/10/18,402,402,394,401,690
4259,2023/10/19,396,401,385,385,847.200012207031
4259,2023/10/20,380,387,377,383,612
4259,2023/10/23,385,385,368,368,479.700012207031
4259,2023/10/24,377,394,363,391,800.600036621094
4259,2023/10/25,395,398,380,380,615.700012207031
4259,2023/10/26,379,379,362,362,685.400024414063
4259,2023/10/27,363,369,353,367,563.200012207031
4259,2023/10/30,361,364,354,357,484
4259,2023/10/31,357,373,352,373,582
4259,2023/11/01,379,379,362,371,441.700012207031
4259,2023/11/02,377,394,375,394,597.200012207031
4259,2023/11/06,405,424,405,423,1069.80004882813
4259,2023/11/07,423,432,420,428,832
4259,2023/11/08,429,435,423,427,737.600036621094
4259,2023/11/09,424,437,415,437,684.299987792969
4259,2023/11/10,430,431,415,418,727.400024414063
4259,2023/11/13,426,435,423,430,957.700012207031
4259,2023/11/14,428,432,417,430,1098.30004882813
4259,2023/11/15,398,406,386,399,2896.40014648438
4259,2023/11/16,392,419,387,419,1065
4259,2023/11/17,412,419,390,392,870.5
4259,2023/11/20,389,406,386,396,838.400024414063
4259,2023/11/21,400,406,393,399,628.900024414063
4259,2023/11/22,400,401,393,400,494.600006103516
4259,2023/11/24,402,404,393,394,539.299987792969
4259,2023/11/27,391,394,375,377,1154.40002441406
4259,2023/11/28,379,383,369,379,678.700012207031
4259,2023/11/29,381,415,380,410,1302.5
4259,2023/11/30,412,420,393,397,579.799987792969
4259,2023/12/01,397,398,384,385,551.5
4259,2023/12/04,385,392,384,389,433.5
4259,2023/12/05,387,387,375,379,768.5
4259,2023/12/06,383,393,383,391,618
4259,2023/12/07,384,387,376,378,577.799987792969
4259,2023/12/08,371,379,370,378,507.700012207031
4259,2023/12/11,377,383,375,377,549.900024414063
4259,2023/12/12,378,381,366,368,555.200012207031
4259,2023/12/13,365,371,364,366,365.600006103516
4259,2023/12/14,372,382,369,371,612.299987792969
4259,2023/12/15,371,380,367,376,488.300018310547
4259,2023/12/18,375,382,371,375,403.899993896484
4259,2023/12/19,381,399,381,399,1046.90002441406
4259,2023/12/20,400,413,395,396,1570.80004882813
4259,2023/12/21,393,397,388,389,351.399993896484
4259,2023/12/22,385,393,380,381,458.200012207031
4259,2023/12/25,385,388,371,371,571.299987792969
4259,2023/12/26,374,377,367,369,674.700012207031
4259,2023/12/27,365,377,362,375,797.799987792969
4259,2023/12/28,371,393,367,392,1268.80004882813
4259,2023/12/29,387,391,384,386,313.800018310547
4259,2024/01/04,380,387,375,386,437.5
4259,2024/01/05,385,385,369,370,853
4259,2024/01/09,377,381,369,376,520.200012207031
4259,2024/01/10,375,385,371,383,449.899993896484
4259,2024/01/11,385,385,375,377,511.100006103516
4259,2024/01/12,376,402,374,395,1157.70007324219
4259,2024/01/15,395,398,383,394,495.800018310547
4259,2024/01/16,398,409,391,391,760.200012207031
4259,2024/01/17,394,402,389,399,654
4259,2024/01/18,413,423,404,407,1097.59997558594
4259,2024/01/19,411,423,407,418,699.100036621094
4259,2024/01/22,418,448,411,443,1586.80004882813
4259,2024/01/23,463,463,433,440,2235.80004882813
4259,2024/01/24,441,453,432,435,1024.40002441406
4259,2024/01/25,443,469,430,468,2952.80004882813
4259,2024/01/26,466,470,447,448,1644.40002441406
4259,2024/01/29,449,450,439,441,794.5
4259,2024/01/30,441,442,427,436,766.400024414063
4259,2024/01/31,433,433,415,429,892.700012207031
4259,2024/02/01,422,426,418,418,448.899993896484
4259,2024/02/02,424,443,423,443,868.5
4259,2024/02/05,441,441,425,427,877.400024414063
4259,2024/02/06,425,425,414,419,538.5
4259,2024/02/07,419,419,408,416,681.5
4259,2024/02/08,418,419,407,414,567.400024414063
4259,2024/02/09,414,421,411,415,469.899993896484
4259,2024/02/13,422,424,413,422,714.600036621094
4259,2024/02/14,445,490,442,471,4425.89990234375
4259,2024/02/15,482,485,458,459,1687.80004882813
4259,2024/02/16,458,512,451,511,2639.40014648438
4259,2024/02/19,510,521,495,516,1735.09997558594
4259,2024/02/20,515,529,505,508,1482.30004882813
4259,2024/02/21,503,503,482,487,1270.70007324219
4259,2024/02/22,510,511,496,502,1510.90002441406
4259,2024/02/26,515,543,505,541,2375.40014648438
4259,2024/02/27,550,565,537,555,2351.19995117188
4259,2024/02/28,564,569,545,552,1152.59997558594
4259,2024/02/29,553,553,531,541,1033.09997558594
4259,2024/03/01,547,547,527,527,988.600036621094
4259,2024/03/04,542,563,538,541,1425.40002441406
4259,2024/03/05,540,596,533,586,2010.20007324219
4259,2024/03/06,577,599,567,586,1578.70007324219
4259,2024/03/07,594,605,567,586,1724.30004882813
4259,2024/03/08,575,578,552,567,1621
4259,2024/03/11,547,550,523,529,1443.40002441406
4259,2024/03/12,521,543,500,538,1360
4259,2024/03/13,550,550,515,530,1081.09997558594
4259,2024/03/14,528,530,508,519,696.799987792969
4259,2024/03/15,509,527,506,513,682.5
4259,2024/03/18,510,522,507,517,614.100036621094
4259,2024/03/19,607,617,602,617,2572.40014648438
4259,2024/03/21,646,646,597,615,6728.10009765625
4259,2024/03/22,612,612,575,581,2506.10009765625
4259,2024/03/25,588,597,568,568,1477.59997558594
4259,2024/03/26,558,573,552,564,1103.09997558594
4259,2024/03/27,569,577,553,561,862.400024414063
4259,2024/03/28,560,567,546,550,718
4259,2024/03/29,556,573,550,570,718.299987792969
4259,2024/04/01,580,580,557,561,1276.20007324219
4259,2024/04/02,554,556,520,521,1444.40002441406
4259,2024/04/03,506,522,501,515,938
4259,2024/04/04,516,520,495,502,1008.29998779297
4259,2024/04/05,490,492,472,485,1301.59997558594
4259,2024/04/08,492,496,462,471,1388
4259,2024/04/09,472,478,462,468,939.700012207031
4259,2024/04/10,482,485,471,480,840.400024414063
4259,2024/04/11,483,508,450,466,9255.900390625
4259,2024/04/12,474,495,455,457,3625.90014648438
4259,2024/04/15,442,449,436,438,1366.30004882813
4259,2024/04/16,428,437,426,433,1058.80004882813
4259,2024/04/17,449,461,430,435,3814.30004882813
4259,2024/04/18,428,444,422,440,995
4259,2024/04/19,436,440,418,435,1309.40002441406
4259,2024/04/22,435,442,430,440,509.700012207031
4259,2024/04/23,448,455,442,454,691.100036621094
4259,2024/04/24,459,460,447,451,669.5
4259,2024/04/25,447,455,444,449,435.600006103516
4259,2024/04/26,454,457,442,448,537.200012207031
4259,2024/04/30,450,451,442,447,518.299987792969
4259,2024/05/01,443,450,441,444,384.700012207031
4259,2024/05/02,444,453,439,446,478.5
4259,2024/05/07,452,470,451,460,938.600036621094
4259,2024/05/08,459,473,455,465,778.5
4259,2024/05/09,460,463,447,448,877.400024414063
4259,2024/05/10,453,455,442,446,405.899993896484
4259,2024/05/13,450,454,441,454,543.799987792969
4259,2024/05/14,459,480,454,480,1773.90002441406
4259,2024/05/15,440,450,403,407,3072
4259,2024/05/16,415,420,392,413,1176.5
4259,2024/05/17,409,409,385,387,1754.40002441406
4259,2024/05/20,388,404,381,394,1045.59997558594
4259,2024/05/21,393,395,383,383,762.700012207031
4259,2024/05/22,382,385,377,377,563.400024414063
4259,2024/05/23,384,384,363,367,1184.09997558594
4259,2024/05/24,360,367,357,361,664.900024414063
4259,2024/05/27,363,363,354,362,509
4259,2024/05/28,365,365,346,356,1790
4259,2024/05/29,355,355,330,335,1671.70007324219
4259,2024/05/30,329,332,319,323,1467.09997558594
4259,2024/05/31,324,338,322,338,924.700012207031
4259,2024/06/03,342,362,339,352,1321.90002441406
4259,2024/06/04,350,375,346,366,1352.20007324219
4259,2024/06/05,365,371,352,352,827.700012207031
4259,2024/06/06,356,357,340,344,715.900024414063
4259,2024/06/07,340,347,335,335,862
4259,2024/06/10,332,349,329,347,885.900024414063
4259,2024/06/11,347,350,342,346,567.900024414063
4259,2024/06/12,345,350,339,343,562.600036621094
4259,2024/06/13,344,347,340,343,406.700012207031
4259,2024/06/14,337,346,334,346,658.600036621094
4259,2024/06/17,345,345,334,336,551.200012207031
4259,2024/06/18,337,339,332,337,491
4259,2024/06/19,334,338,330,331,628
4259,2024/06/20,331,341,330,337,464.800018310547
4259,2024/06/21,340,359,339,351,1051
4259,2024/06/24,352,361,350,353,857.200012207031
4259,2024/06/25,353,361,348,357,776.299987792969
4259,2024/06/26,359,362,350,354,671
4259,2024/06/27,355,359,351,356,909.100036621094
4259,2024/06/28,360,372,342,348,2549.5
4259,2024/07/01,348,351,340,341,713.100036621094
4259,2024/07/02,341,345,336,339,615.600036621094
4259,2024/07/03,341,348,340,344,556.299987792969
4259,2024/07/04,346,347,334,336,1192.30004882813
4259,2024/07/05,338,346,335,346,627
4259,2024/07/08,344,344,339,343,668.700012207031
4259,2024/07/09,344,344,333,335,963.200012207031
4259,2024/07/10,335,337,321,326,1450.40002441406
4259,2024/07/11,329,335,322,333,560
4259,2024/07/12,328,349,328,349,1420.59997558594
4259,2024/07/16,349,349,344,347,483.700012207031
4259,2024/07/17,350,356,346,353,867
4259,2024/07/18,348,356,346,346,706.900024414063
4259,2024/07/19,341,347,337,341,681.5
4259,2024/07/22,344,345,335,337,325.5
4259,2024/07/23,337,346,335,337,411.399993896484
4259,2024/07/24,337,338,322,323,1046.80004882813
4259,2024/07/25,316,320,310,313,983.700012207031
4259,2024/07/26,317,321,312,313,694
4259,2024/07/29,319,330,314,330,503.399993896484
4259,2024/07/30,329,329,318,324,447.600006103516
4259,2024/07/31,321,328,317,328,356.800018310547
4259,2024/08/01,329,329,315,317,384.200012207031
4259,2024/08/02,303,304,291,294,1609.40002441406
4259,2024/08/05,262,273,225,228,3379.90014648438
4259,2024/08/06,256,272,245,257,2396.10009765625
4259,2024/08/07,249,272,248,266,1671.40002441406
4259,2024/08/08,262,269,259,264,708.600036621094
4259,2024/08/09,267,268,258,267,737.200012207031
4259,2024/08/13,274,286,271,284,1179.30004882813
4259,2024/08/14,282,291,274,289,1590.20007324219
4259,2024/08/15,288,295,280,293,961.700012207031
4259,2024/08/16,299,306,295,305,1017.70001220703
4259,2024/08/19,305,311,297,298,773.400024414063
4259,2024/08/20,306,319,304,315,953.900024414063
4259,2024/08/21,311,320,309,310,618.200012207031
4259,2024/08/22,320,324,311,315,819.200012207031
4259,2024/08/23,311,312,306,310,649.100036621094
4259,2024/08/26,311,325,310,322,793.900024414063
4259,2024/08/27,322,331,319,327,757.299987792969
4259,2024/08/28,345,345,318,323,2397.69995117188
4259,2024/08/29,319,329,316,324,715.100036621094
4259,2024/08/30,324,331,322,327,439.700012207031
4259,2024/09/02,327,327,319,321,607
4259,2024/09/03,320,332,319,329,764.600036621094
4259,2024/09/04,316,318,302,303,1472.40002441406
4259,2024/09/05,301,316,292,299,1641.90002441406
4259,2024/09/06,300,301,290,295,636.700012207031
4259,2024/09/09,286,303,282,300,781.799987792969
4259,2024/09/10,303,308,298,301,545.100036621094
4259,2024/09/11,300,307,288,291,834
4259,2024/09/12,303,328,299,319,2118.40014648438
4259,2024/09/13,313,315,300,303,1072.40002441406
4259,2024/09/17,306,307,293,296,802.100036621094
4259,2024/09/18,301,301,292,295,997.200012207031
4259,2024/09/19,303,319,302,315,1115.40002441406
4259,2024/09/20,316,321,312,317,726.799987792969
4259,2024/09/24,324,335,323,330,1276.90002441406
4259,2024/09/25,325,326,317,318,930.600036621094
4259,2024/09/26,323,326,316,324,573.600036621094
4259,2024/09/27,327,336,323,332,1137
4259,2024/09/30,318,329,315,321,1198.80004882813
4259,2024/10/01,329,343,322,339,1298.20007324219
4259,2024/10/02,332,334,324,328,1008
4259,2024/10/03,337,337,325,328,833.400024414063
4259,2024/10/04,325,336,323,324,771
4259,2024/10/07,329,331,320,320,801.200012207031
4259,2024/10/08,321,321,309,309,789.900024414063
4259,2024/10/09,313,324,313,323,507
4259,2024/10/10,327,328,317,321,310.300018310547
4259,2024/10/11,318,326,318,321,309.100006103516
4259,2024/10/15,323,332,318,330,742.299987792969
4259,2024/10/16,327,339,327,339,1129
4259,2024/10/17,338,338,326,327,833.200012207031
4259,2024/10/18,325,332,322,323,428.5
4259,2024/10/21,325,345,325,338,1208.40002441406
4259,2024/10/22,341,341,325,326,1044.80004882813
4259,2024/10/23,324,327,312,313,945.799987792969
4259,2024/10/24,307,314,304,313,538.900024414063
4259,2024/10/25,316,316,302,302,787
4259,2024/10/28,301,324,300,323,624.5
4259,2024/10/29,321,333,320,332,653.900024414063
4259,2024/10/30,330,338,328,336,793.5
4259,2024/10/31,332,337,329,336,411
4259,2024/11/01,328,336,327,328,574.5
4259,2024/11/05,332,332,318,329,519.200012207031
4259,2024/11/06,332,340,325,334,656.600036621094
4259,2024/11/07,338,344,332,334,639.5
4259,2024/11/08,335,350,334,346,1163.20007324219
4259,2024/11/11,346,351,340,350,719.700012207031
4259,2024/11/12,352,357,344,344,1300.09997558594
4259,2024/11/13,378,409,375,400,5076.89990234375
4259,2024/11/14,392,401,387,393,1361.40002441406
4259,2024/11/15,390,392,374,382,1544.40002441406
4259,2024/11/18,378,384,366,367,1015.70001220703
4259,2024/11/19,365,400,365,391,1636.09997558594
4259,2024/11/20,395,403,381,383,1064.90002441406
4259,2024/11/21,399,412,393,402,1898.80004882813
4259,2024/11/22,405,408,388,388,1340.70007324219
4259,2024/11/25,391,401,386,398,851
4259,2024/11/26,398,398,386,392,817.299987792969
4259,2024/11/27,390,392,380,386,946.5
4259,2024/11/28,378,390,378,382,567.100036621094
4259,2024/11/29,378,387,378,381,579.799987792969
4259,2024/12/02,381,398,370,390,1151.20007324219
4259,2024/12/03,394,397,389,394,997.700012207031
4259,2024/12/04,394,394,379,381,776.5
4259,2024/12/05,389,407,388,395,2122.30004882813
4259,2024/12/06,395,399,387,392,923.799987792969
4259,2024/12/09,396,417,396,415,1507.90002441406
4259,2024/12/10,416,421,411,411,1305.80004882813
4259,2024/12/11,412,414,406,411,472
4259,2024/12/12,416,430,414,419,1333.20007324219
4259,2024/12/13,421,433,416,416,1426.40002441406
4259,2024/12/16,416,418,407,411,769.200012207031
4259,2024/12/17,413,429,412,425,922.100036621094
4259,2024/12/18,425,429,418,426,662.600036621094
4259,2024/12/19,418,426,411,411,997.299987792969
4259,2024/12/20,410,423,408,415,896.200012207031
4259,2024/12/23,422,427,411,419,934.600036621094
4259,2024/12/24,421,425,408,417,873.799987792969
4259,2024/12/25,418,419,411,415,629.799987792969
4259,2024/12/26,415,421,407,412,851.299987792969
4259,2024/12/27,415,422,413,414,763.700012207031
4259,2024/12/30,416,428,411,424,1300.09997558594
4259,2025/01/06,438,445,424,427,1934.09997558594
4259,2025/01/07,430,443,429,441,1019.60003662109
4259,2025/01/08,440,446,436,444,996.400024414063
4259,2025/01/09,447,451,433,439,868.200012207031
4259,2025/01/10,436,443,430,430,520.299987792969
4259,2025/01/14,427,433,421,424,517.100036621094
4259,2025/01/15,424,428,417,419,524.900024414063
4259,2025/01/16,435,459,434,441,2612.30004882813
4259,2025/01/17,435,435,411,431,1547.90002441406
4259,2025/01/20,435,442,430,439,720.400024414063
4259,2025/01/21,439,452,434,450,937.400024414063
4259,2025/01/22,455,455,439,444,876.100036621094
4259,2025/01/23,451,459,440,440,1008.90002441406
4259,2025/01/24,446,467,442,466,1661.70007324219
4259,2025/01/27,461,467,451,451,1027.20007324219
4259,2025/01/28,441,458,438,457,1048
4259,2025/01/29,463,519,463,503,5441.60009765625
4259,2025/01/30,493,510,489,501,2140.80004882813
4259,2025/01/31,504,506,491,498,941.700012207031
4259,2025/02/03,458,486,448,473,1899.5
4259,2025/02/04,475,500,475,494,1314.09997558594
4259,2025/02/05,490,495,475,495,1181.40002441406
4259,2025/02/06,497,517,496,497,1630.5
4259,2025/02/07,510,522,502,512,2322.90014648438
4259,2025/02/10,528,536,522,531,2163.5
4259,2025/02/12,533,541,521,539,2098.19995117188
4259,2025/02/13,439,439,439,439,410.100006103516
4259,2025/02/14,415,416,359,360,8091.39990234375
4259,2025/02/17,361,370,353,362,3208.10009765625
4259,2025/02/18,364,374,347,348,2779.60009765625
4259,2025/02/19,348,353,334,339,2903.90014648438
4259,2025/02/20,341,367,341,355,2686.80004882813
4259,2025/02/21,351,356,345,346,1179.30004882813
4259,2025/02/25,342,348,339,348,812
4259,2025/02/26,346,353,341,352,971.799987792969
4259,2025/02/27,350,352,338,341,1315
4259,2025/02/28,341,352,341,349,1306.70007324219
4259,2025/03/03,350,351,337,338,1191.20007324219
4259,2025/03/04,335,344,331,344,983
4259,2025/03/05,337,337,322,327,1539.09997558594
4259,2025/03/06,333,342,331,335,949.400024414063
4259,2025/03/07,331,335,320,320,932.100036621094
4259,2025/03/10,313,323,308,320,1040
4259,2025/03/11,310,318,304,318,1397.20007324219
4259,2025/03/12,314,322,313,316,792.400024414063
4259,2025/03/13,319,323,311,315,807.299987792969
4259,2025/03/14,311,319,306,316,2014.80004882813
4259,2025/03/17,317,321,313,318,1080.80004882813
4259,2025/03/18,320,322,317,319,427.200012207031
4259,2025/03/19,321,322,315,318,540.700012207031
4259,2025/03/21,318,320,314,315,506.899993896484
4259,2025/03/24,317,320,313,314,474.200012207031
4259,2025/03/25,317,317,313,316,518
4259,2025/03/26,318,321,314,315,643.5
4259,2025/03/27,317,317,311,314,490.800018310547
4259,2025/03/28,313,316,308,310,509.800018310547
4259,2025/03/31,305,307,298,302,1258.30004882813
4259,2025/04/01,303,305,294,294,743.5
4259,2025/04/02,297,303,294,301,487.899993896484
4259,2025/04/03,285,298,284,294,1062.40002441406
4259,2025/04/04,288,295,271,283,2006.5
4259,2025/04/07,227,256,227,243,2254.30004882813
4259,2025/04/08,255,276,254,269,1289.20007324219
4259,2025/04/09,262,266,249,258,1364.5
4259,2025/04/10,289,289,275,286,1087.5
4259,2025/04/11,276,293,273,290,717.400024414063
4259,2025/04/14,290,296,286,286,495.800018310547
4259,2025/04/15,289,292,287,290,283.600006103516
4259,2025/04/16,291,291,279,283,638.200012207031
4259,2025/04/17,283,290,280,289,336.300018310547
4259,2025/04/18,288,299,287,297,428.200012207031
4259,2025/04/21,300,310,297,308,837.100036621094
4259,2025/04/22,308,312,303,307,455.899993896484
4259,2025/04/23,312,314,302,309,769.299987792969
4259,2025/04/24,312,312,305,309,391.5
4259,2025/04/25,310,323,310,320,929.900024414063
4259,2025/04/28,321,326,318,320,561
4259,2025/04/30,319,322,314,319,313.300018310547
4259,2025/05/01,322,322,315,321,331.399993896484
4259,2025/05/02,325,330,316,326,755.5
4259,2025/05/07,326,328,323,328,380.800018310547
4259,2025/05/08,322,332,321,332,540.100036621094
4259,2025/05/09,332,339,327,338,807.400024414063
4259,2025/05/12,339,343,333,340,684.700012207031
4259,2025/05/13,345,350,340,344,1265.30004882813
4259,2025/05/14,341,348,338,345,981.200012207031
4259,2025/05/15,345,370,345,351,3047
4259,2025/05/16,343,376,343,365,2111.60009765625
4259,2025/05/19,360,375,358,369,1196.30004882813
4259,2025/05/20,366,369,359,362,970.299987792969
4259,2025/05/21,362,362,352,359,741.799987792969
4259,2025/05/22,353,385,353,381,1424.30004882813
4259,2025/05/23,388,395,380,386,1148.40002441406
4259,2025/05/26,402,404,388,396,1647.70007324219
4259,2025/05/27,400,400,387,387,1150.70007324219
4259,2025/05/28,390,406,390,401,1315.20007324219
4259,2025/05/29,441,454,421,425,5351.39990234375
4259,2025/05/30,425,467,424,465,4443.89990234375
4259,2025/06/02,470,482,457,461,3224.19995117188
4259,2025/06/03,453,492,446,477,4301.2001953125
4259,2025/06/04,476,506,475,489,4976.89990234375
4259,2025/06/05,489,497,455,456,3760.90014648438
4259,2025/06/06,456,460,445,451,2106.10009765625
4259,2025/06/09,470,497,467,493,3715.60009765625
4259,2025/06/10,490,494,482,487,1897.59997558594
4259,2025/06/11,486,489,470,481,1899.30004882813
4259,2025/06/12,481,492,481,489,1377.70007324219
4259,2025/06/13,492,495,471,477,2165.5
4259,2025/06/16,469,471,455,463,2012.09997558594
4259,2025/06/17,458,476,458,465,1356.90002441406
4259,2025/06/18,469,486,466,473,1742.5
4259,2025/06/19,481,492,469,475,3300.90014648438
4259,2025/06/20,476,477,448,452,2626.80004882813
4259,2025/06/23,444,455,428,450,2052.30004882813
4259,2025/06/24,453,468,451,453,1633.09997558594
4259,2025/06/25,455,455,431,449,1647
4259,2025/06/26,448,451,437,440,824.700012207031
4259,2025/06/27,439,444,415,420,2518.69995117188
4259,2025/06/30,424,433,421,426,1613.30004882813
4259,2025/07/01,422,426,406,408,1578.20007324219
4259,2025/07/02,401,407,396,397,1321.20007324219
4259,2025/07/03,404,406,395,396,734.100036621094
4259,2025/07/04,400,402,388,393,1111.59997558594
4259,2025/07/07,391,404,391,393,881.700012207031
4259,2025/07/08,397,406,394,405,865.700012207031
4259,2025/07/09,405,414,404,412,857.5
4259,2025/07/10,422,427,412,418,1265.20007324219
4259,2025/07/11,424,438,418,429,1632.80004882813
4259,2025/07/14,429,438,416,423,1609.30004882813
4259,2025/07/15,421,428,415,421,829.400024414063
4259,2025/07/16,421,433,419,430,1047.90002441406
4259,2025/07/17,435,448,433,442,1336.90002441406
4259,2025/07/18,449,449,431,433,1168.59997558594
4259,2025/07/22,440,450,435,444,1051.09997558594
4259,2025/07/23,441,451,433,449,1072
4259,2025/07/24,457,457,442,448,1292.90002441406
4259,2025/07/25,446,455,442,453,1322.09997558594
4259,2025/07/28,450,454,436,436,1230.5
4259,2025/07/29,436,437,431,432,396.100006103516
4259,2025/07/30,432,433,424,427,656.600036621094
4259,2025/07/31,438,444,433,443,628.700012207031
4259,2025/08/01,440,450,437,450,678
4259,2025/08/04,442,450,442,446,767.5
4259,2025/08/05,454,457,446,449,667.900024414063
4259,2025/08/06,450,452,442,445,837.900024414063
4259,2025/08/07,448,456,447,451,1015.29998779297
4259,2025/08/08,452,457,449,453,980.900024414063
4259,2025/08/12,460,466,442,445,2600.90014648438
4259,2025/08/13,500,525,500,525,3804
4259,2025/08/14,535,574,521,525,7110.10009765625
4259,2025/08/15,518,521,488,490,3101.90014648438
4259,2025/08/18,505,530,502,528,3049.30004882813
4259,2025/08/19,522,530,506,530,2284.80004882813
4259,2025/08/20,527,528,513,521,1444
4259,2025/08/21,515,518,506,508,1529
4259,2025/08/22,509,517,503,503,1264.40002441406
4259,2025/08/25,512,518,507,515,1375.20007324219
4259,2025/08/26,510,512,493,493,1321.90002441406
4259,2025/08/27,490,494,483,488,1144.70007324219
4259,2025/08/28,485,503,484,497,848.600036621094
4259,2025/08/29,495,515,495,511,1378.90002441406
4259,2025/09/01,508,527,507,525,1628.09997558594
4259,2025/09/02,518,524,507,518,1221.20007324219
4259,2025/09/03,520,520,494,498,1126.90002441406
4259,2025/09/04,498,509,496,507,884.700012207031
4259,2025/09/05,511,514,506,512,621.700012207031
4259,2025/09/08,515,523,508,516,864.600036621094
4259,2025/09/09,525,547,522,535,3010.10009765625
4259,2025/09/10,542,547,532,538,1035.20007324219
4259,2025/09/11,534,544,532,539,1031.90002441406
4259,2025/09/12,546,546,526,532,1362.20007324219
4259,2025/09/16,536,536,518,519,1386.30004882813
4259,2025/09/17,520,520,504,515,879.600036621094
4259,2025/09/18,519,559,519,558,3126.69995117188
4259,2025/09/19,561,582,544,565,3216.80004882813
4259,2025/09/22,575,577,560,565,1267.09997558594
4259,2025/09/24,566,566,540,541,1253.20007324219
4259,2025/09/25,539,548,533,542,662
4259,2025/09/26,546,560,545,551,919
4259,2025/09/29,547,552,538,541,549.5
4259,2025/09/30,551,574,547,574,1269
4259,2025/10/01,578,578,542,542,1673.09997558594
4259,2025/10/02,548,565,540,544,1238.09997558594
4259,2025/10/03,544,570,544,567,1222.59997558594
4259,2025/10/06,585,585,564,578,1400
4259,2025/10/07,586,608,584,600,2139
4259,2025/10/08,620,633,611,625,1810.70007324219
4259,2025/10/09,626,629,608,617,1404.20007324219
4259,2025/10/10,617,624,609,613,1415.70007324219
4259,2025/10/14,599,606,566,578,2810.10009765625
4259,2025/10/15,576,604,567,597,1115.20007324219
4259,2025/10/16,608,617,599,605,1314.09997558594
4259,2025/10/17,599,605,588,597,996.900024414063
4259,2025/10/20,602,625,592,617,1394.59997558594
4259,2025/10/21,623,630,609,617,1175
4259,2025/10/22,623,623,608,616,760.900024414063
4259,2025/10/23,610,616,595,608,985.200012207031
4259,2025/10/24,600,614,600,610,831.5
4259,2025/10/27,612,629,612,627,999.600036621094
4259,2025/10/28,632,640,622,632,1058.5
4259,2025/10/29,632,634,607,610,1298.30004882813
4259,2025/10/30,608,624,602,621,893.700012207031
4259,2025/10/31,627,685,626,670,3706.10009765625
4259,2025/11/04,675,675,646,666,1769.70007324219
4259,2025/11/05,648,652,621,650,1901.09997558594
4259,2025/11/06,670,681,655,659,1154.20007324219
4259,2025/11/07,646,654,627,638,1056.09997558594
4259,2025/11/10,647,670,644,668,1515.5
4259,2025/11/11,668,669,643,643,2204.40014648438
4259,2025/11/12,725,743,712,743,3445.10009765625
4259,2025/11/13,758,780,691,729,4978.2001953125
4259,2025/11/14,714,716,678,681,3030.10009765625
4259,2025/11/17,685,724,675,718,1859.59997558594
4259,2025/11/18,706,711,677,680,1448.30004882813
4259,2025/11/19,684,696,659,684,1652.59997558594
4259,2025/11/20,704,712,662,670,1483.30004882813
4259,2025/11/21,647,688,642,682,1231.09997558594
4259,2025/11/25,693,700,673,680,861.5
4259,2025/11/26,680,700,664,697,1330.5
4259,2025/11/27,702,743,700,743,1823.09997558594
4259,2025/11/28,740,742,718,723,1041.80004882813
4259,2025/12/01,738,742,711,713,797.200012207031
4259,2025/12/02,712,721,694,695,822.799987792969
4259,2025/12/03,695,721,694,714,925.700012207031
4259,2025/12/04,709,710,678,684,1959.20007324219
4259,2025/12/05,688,705,596,627,3803.19995117188
4259,2025/12/08,628,655,603,650,1760.20007324219
4259,2025/12/09,649,649,621,626,1076
4259,2025/12/10,620,629,614,618,783.200012207031
4259,2025/12/11,614,617,591,599,1769.80004882813
4259,2025/12/12,591,601,587,595,918.600036621094
4259,2025/12/15,585,627,583,625,1079.90002441406
4259,2025/12/16,615,633,615,620,704.900024414063
4259,2025/12/17,615,616,602,607,570.799987792969
4259,2025/12/18,597,608,593,601,660.5
4259,2025/12/19,600,625,599,620,781.799987792969
4259,2025/12/22,626,635,597,610,1085
4259,2025/12/23,610,621,609,619,469.300018310547
4259,2025/12/24,616,643,616,628,1015.29998779297
4259,2025/12/25,638,672,632,670,1347.09997558594
4259,2025/12/26,674,674,646,666,1456.20007324219
4259,2025/12/29,666,672,656,667,995
4259,2025/12/30,662,662,632,637,1154
