4373,2021/09/22,415,515,412.5,515,61132.40234375
4373,2021/09/24,527.5,540,468.25,490,30399.599609375
4373,2021/09/27,525,567.5,512.25,560,46558.40234375
4373,2021/09/28,533,551.25,489.75,507.5,11605.6005859375
4373,2021/09/29,496.25,524.25,486.25,510,4314
4373,2021/09/30,515,520,494.25,504,2242.40014648438
4373,2021/10/01,505,523.5,500.25,506.75,3152.80004882813
4373,2021/10/04,512.5,549.75,512.25,537.5,4236.80029296875
4373,2021/10/05,528,529,482.75,510.25,3923.60009765625
4373,2021/10/06,527.5,527.5,503.25,511.25,1938
4373,2021/10/07,513.75,540.75,510,516.75,2344
4373,2021/10/08,539.75,573.75,537.5,550,7535.2001953125
4373,2021/10/11,574.75,588.75,557.75,567,6309.60009765625
4373,2021/10/12,567,607.25,561.75,604.75,4568
4373,2021/10/13,602.5,610,583,596.5,3270
4373,2021/10/14,599.5,617,585,615,3054
4373,2021/10/15,622,661.5,619,657.75,3426.40014648438
4373,2021/10/18,643.5,667.5,641.25,661.5,2660.80004882813
4373,2021/10/19,662.5,663.5,596,645.25,6370.39990234375
4373,2021/10/20,652.5,655,592.5,601.25,3846.80004882813
4373,2021/10/21,576.75,593,544,552.5,6222.80029296875
4373,2021/10/22,573.25,590,556.25,579,3660.40014648438
4373,2021/10/25,572.5,599.75,561.25,591.25,1659.20007324219
4373,2021/10/26,597.75,609.75,584,607,1962.40002441406
4373,2021/10/27,612.25,631.25,602.5,611,3163.19995117188
4373,2021/10/28,602.75,662.25,600.5,647.5,13256.400390625
4373,2021/10/29,600,643,590.25,613.75,7495.60009765625
4373,2021/11/01,626.25,640.75,612,629.25,3089.19995117188
4373,2021/11/02,649.75,700,640.75,695.5,7148
4373,2021/11/04,715,805,703.75,737,8947.2001953125
4373,2021/11/05,760,770,720.25,735.25,4076.80004882813
4373,2021/11/08,737.25,755,670.25,680,4683.60009765625
4373,2021/11/09,692.5,718.5,678,700.25,2704.40014648438
4373,2021/11/10,720,795,716,735,6015.60009765625
4373,2021/11/11,735.25,767.5,735.25,760,3094.40014648438
4373,2021/11/12,772.5,781.25,763.75,776.25,1972.80004882813
4373,2021/11/15,785,790,745,785,2407.19995117188
4373,2021/11/16,782.5,842.5,780,830,2953.19995117188
4373,2021/11/17,820,830,762.5,775,3381.60009765625
4373,2021/11/18,752.5,810,733.5,795,3948.80004882813
4373,2021/11/19,791.25,801.25,737.75,742.5,2430.80004882813
4373,2021/11/22,750,757.5,697.5,712.75,3844
4373,2021/11/24,706.25,707.75,636.75,650,5908.39990234375
4373,2021/11/25,664.25,690.25,652.5,683,2802.40014648438
4373,2021/11/26,665.75,668.25,634.25,663.75,2187.19995117188
4373,2021/11/29,675.75,742.5,658.75,707.25,5348
4373,2021/11/30,730,734.5,695.5,697.5,3425.60009765625
4373,2021/12/01,697.5,734.5,684,729.75,3190.40014648438
4373,2021/12/02,721.5,741.25,696.25,707.5,2732.80004882813
4373,2021/12/03,695,716,669.75,716,2186
4373,2021/12/06,716,716,673,677,2244.80004882813
4373,2021/12/07,687.5,710.75,682.5,706.5,1806
4373,2021/12/08,710,710,684.5,692.5,1687.20007324219
4373,2021/12/09,683,685,664.75,675,1892
4373,2021/12/10,665,667.5,637,645.25,2991.19995117188
4373,2021/12/13,657.75,673,643.5,656.5,1524.40002441406
4373,2021/12/14,646.5,655,637.75,647,1016.40002441406
4373,2021/12/15,627.5,643.75,623.75,635,1340
4373,2021/12/16,658.75,658.75,636.5,641.5,1598
4373,2021/12/17,629,640.5,620.75,636.25,1894.40002441406
4373,2021/12/20,628.75,659.75,628.25,649,2028.80004882813
4373,2021/12/21,656.5,703.25,656,695,2254
4373,2021/12/22,695.25,699.25,679.25,688,1728.40002441406
4373,2021/12/23,695,721,683.75,713.25,1979.59997558594
4373,2021/12/24,713.75,724,695.25,712.75,1367.59997558594
4373,2021/12/27,711.5,726.5,698.25,714,1044.40002441406
4373,2021/12/28,719.5,729.5,704.25,724.25,1284
4373,2021/12/29,712.5,726,712.5,726,608
4373,2021/12/30,720,723,703.25,711.25,654.799987792969
4373,2022/01/04,715,720.5,685.75,694,1146.40002441406
4373,2022/01/05,659.25,661.25,622.5,628.25,3663.60009765625
4373,2022/01/06,578.25,619,571.25,602,2716.40014648438
4373,2022/01/07,589.5,596,546.25,574.5,4941.60009765625
4373,2022/01/11,574.5,605.5,556.25,601.75,2657.60009765625
4373,2022/01/12,615.5,633.75,600.25,624.5,1291.20007324219
4373,2022/01/13,612.5,616.75,596,607,1074
4373,2022/01/14,583,587.75,570.25,582,1810.40002441406
4373,2022/01/17,577.5,608,577.5,606.75,1129.20007324219
4373,2022/01/18,607.5,610.75,583,584.75,1388
4373,2022/01/19,566.5,574.75,550.5,552,1784.80004882813
4373,2022/01/20,551,596.25,551,590.5,1951.59997558594
4373,2022/01/21,582.5,611.5,578.5,605.5,1464.40002441406
4373,2022/01/24,600,608.75,573,607.5,1489.59997558594
4373,2022/01/25,606.25,612.25,569.75,574.75,1363.59997558594
4373,2022/01/26,581.25,614.75,577,604.5,1568
4373,2022/01/27,607,607.5,563.25,577.75,2058
4373,2022/01/28,582.5,595.25,554.5,575.75,3280.40014648438
4373,2022/01/31,488.25,500,450.75,450.75,4753.60009765625
4373,2022/02/01,472.75,514.5,466.75,499,7434
4373,2022/02/02,517.25,519.25,486,517.5,2778.40014648438
4373,2022/02/03,505,534.5,496,505.5,2652.40014648438
4373,2022/02/04,500.75,514.75,495.5,511.75,1394.40002441406
4373,2022/02/07,522.5,541.5,516.5,518,1542.80004882813
4373,2022/02/08,523.75,523.75,483.75,488,1782.80004882813
4373,2022/02/09,498,505.25,483.75,493,1848.40002441406
4373,2022/02/10,500,509.25,492.5,502.25,1316.40002441406
4373,2022/02/14,495.25,496.5,462.5,468.5,2507.19995117188
4373,2022/02/15,466,467.5,449.5,452.25,1678.80004882813
4373,2022/02/16,462.25,462.25,423,427.5,3915.60009765625
4373,2022/02/17,423,425,407.25,410.5,3559.19995117188
4373,2022/02/18,398.25,405,385.5,398.5,2534.40014648438
4373,2022/02/21,390.25,400.75,381,389.75,2169.60009765625
4373,2022/02/22,396,396,377.5,382.25,2606.80004882813
4373,2022/02/24,383.75,383.75,366.75,369.75,2026.40002441406
4373,2022/02/25,395.25,401.25,378.5,395.25,2497.19995117188
4373,2022/02/28,399.75,413.5,391,406.75,1128
4373,2022/03/01,415,431.75,409,428,1938.80004882813
4373,2022/03/02,418.5,436,417.5,428,1975.59997558594
4373,2022/03/03,438,454.75,428.75,434.75,1719.20007324219
4373,2022/03/04,420,431.75,407.75,418.5,1427.59997558594
4373,2022/03/07,400,412.5,390.25,409,1549.59997558594
4373,2022/03/08,405,420,397.25,401.5,1273.20007324219
4373,2022/03/09,406.25,406.75,390.5,393.75,839.600036621094
4373,2022/03/10,413.75,418.25,411.25,413.75,773.600036621094
4373,2022/03/11,399,401,383.75,394.25,1330
4373,2022/03/14,409.25,412.5,392.5,395,761.200012207031
4373,2022/03/15,394,407.25,387.5,403.75,832.799987792969
4373,2022/03/16,410.25,422,408,420,959.200012207031
4373,2022/03/17,438.5,444,430.25,437.5,1042
4373,2022/03/18,462.5,483,456.25,476.25,6596.39990234375
4373,2022/03/22,486,487.5,443.5,447.75,2235.60009765625
4373,2022/03/23,453.75,460.75,447.75,459,1437.20007324219
4373,2022/03/24,452.75,460.5,448.25,460.25,1090.80004882813
4373,2022/03/25,460.5,465.5,438.5,452.5,1311.59997558594
4373,2022/03/28,447,448.5,434.75,446,682.400024414063
4373,2022/03/29,449.5,462.5,447.75,461.5,710
4373,2022/03/30,468.75,479.75,461.5,479.75,718.799987792969
4373,2022/03/31,478.25,487.25,471.75,482,1118.80004882813
4373,2022/04/01,493,519.5,489.25,515,2512.80004882813
4373,2022/04/04,525.75,542.5,520.25,536.75,2209.60009765625
4373,2022/04/05,545,552.5,527.75,541.25,1218
4373,2022/04/06,515.25,525.5,507.5,524.5,1279.59997558594
4373,2022/04/07,518,526.25,499,507.75,1165.59997558594
4373,2022/04/08,524.75,536,519,532,1568
4373,2022/04/11,519.75,520,493,500.5,1079.59997558594
4373,2022/04/12,488.25,501.5,480.75,487,1027.59997558594
4373,2022/04/13,478.75,514.5,476.25,511.5,1062.40002441406
4373,2022/04/14,511.5,517.25,497.5,502.5,1088.40002441406
4373,2022/04/15,482.75,487.75,474.75,483.25,1108
4373,2022/04/18,473.25,479.75,455.25,461.25,1296.80004882813
4373,2022/04/19,460.75,467,451.25,463.75,1258.80004882813
4373,2022/04/20,470,473.25,442.5,444.75,1156.40002441406
4373,2022/04/21,444.25,446.75,432.75,437,1270.80004882813
4373,2022/04/22,427.5,429,411.5,423,1350.40002441406
4373,2022/04/25,416.25,426.75,408.25,418.75,1063.59997558594
4373,2022/04/26,428.75,439,420.25,432.25,1934.80004882813
4373,2022/04/27,422.25,445.25,411.5,435,5530
4373,2022/04/28,441.25,448,424,429.5,1441.20007324219
4373,2022/05/02,449.5,465.75,445.75,463,3360.40014648438
4373,2022/05/06,469.5,483.75,468.75,476.5,2585.19995117188
4373,2022/05/09,456.5,465.75,440.5,448.25,1720.40002441406
4373,2022/05/10,442.25,449.25,435,446.75,1117.20007324219
4373,2022/05/11,441,448.75,431.5,441,765.200012207031
4373,2022/05/12,425,435,422.5,426,1097.20007324219
4373,2022/05/13,450.25,463.25,441.25,459.5,1715.59997558594
4373,2022/05/16,450,458,447.75,453.25,1018.40002441406
4373,2022/05/17,451.25,453.5,444.75,450.5,516.400024414063
4373,2022/05/18,450.25,466.75,449,456.75,589.200012207031
4373,2022/05/19,436.75,456.25,436.75,452.5,616
4373,2022/05/20,463.75,479.5,459,477.75,832
4373,2022/05/23,496.5,512.5,493.25,511.75,1760.80004882813
4373,2022/05/24,508,520,494.75,495,800
4373,2022/05/25,489,489,463.75,465.25,1423.59997558594
4373,2022/05/26,464,479,463,465.5,720.400024414063
4373,2022/05/27,481.25,486,463.5,465.25,854.400024414063
4373,2022/05/30,477,490,470.75,485.5,1297.59997558594
4373,2022/05/31,484.25,488.5,473.5,477.75,4226
4373,2022/06/01,477.5,481.75,466.5,472.75,792
4373,2022/06/02,472.75,480.25,465,473.75,517.600036621094
4373,2022/06/03,493,512,491.5,499.75,1231.20007324219
4373,2022/06/06,480,496.25,480,488.75,662
4373,2022/06/07,488.75,491.25,476.25,476.25,710.799987792969
4373,2022/06/08,492.5,499.5,487,497.75,864.400024414063
4373,2022/06/09,497.75,502.25,491.25,498.25,553.600036621094
4373,2022/06/10,482.25,485.25,475.5,477.5,762.799987792969
4373,2022/06/13,469.75,473.5,454,455.25,622.400024414063
4373,2022/06/14,445.25,451.25,437.25,451.25,952.400024414063
4373,2022/06/15,450.5,460.5,448.5,453.25,706.799987792969
4373,2022/06/16,461.25,462.75,445.25,446,533.200012207031
4373,2022/06/17,441,452.5,435.75,445,2038
4373,2022/06/20,448.5,449.75,426.25,428.5,495.200012207031
4373,2022/06/21,434.75,447.75,429.25,445,588.799987792969
4373,2022/06/22,448,448,423.75,427.75,684.799987792969
4373,2022/06/23,433,442.25,431.25,436.25,531.200012207031
4373,2022/06/24,438.5,451.25,435.5,449.25,704
4373,2022/06/27,453.5,453.5,440,445.75,690
4373,2022/06/28,446.5,453,443,453,663.200012207031
4373,2022/06/29,440,452,435.25,446.75,816.400024414063
4373,2022/06/30,447.5,451.25,432.5,432.5,560.400024414063
4373,2022/07/01,432.5,434.5,414.25,416.75,820.799987792969
4373,2022/07/04,426.75,440,422.25,438,839.200012207031
4373,2022/07/05,436.5,442.25,431.75,432.75,419.600006103516
4373,2022/07/06,427,444.5,426.75,443,783.600036621094
4373,2022/07/07,437.5,449,436.5,445.5,486.399993896484
4373,2022/07/08,447.75,452.75,440.5,443.25,818.799987792969
4373,2022/07/11,458.75,461.25,444.5,451,1023.60003662109
4373,2022/07/12,445,448.75,433.25,435.75,848.799987792969
4373,2022/07/13,432.5,433.5,425.25,427.25,454.399993896484
4373,2022/07/14,427,440.75,425.25,438.5,418.800018310547
4373,2022/07/15,440.75,445.25,426.75,427.75,376
4373,2022/07/19,422,423.75,412.5,419.5,1257.59997558594
4373,2022/07/20,425.5,444.25,425.5,444.25,1325.20007324219
4373,2022/07/21,445,467.25,444.75,467.25,1178.40002441406
4373,2022/07/22,469,469.25,448,448.25,951.200012207031
4373,2022/07/25,446.75,446.75,438,445.75,733.600036621094
4373,2022/07/26,444,458,441.25,456.25,516.799987792969
4373,2022/07/27,444.25,453.75,444.25,452.25,539.200012207031
4373,2022/07/28,457,458,442.75,450,1333.59997558594
4373,2022/07/29,460,504.5,460,492.75,6014.80029296875
4373,2022/08/01,488.75,509.25,481.75,507.5,2529.60009765625
4373,2022/08/02,512.5,528,504.5,520.75,2506.40014648438
4373,2022/08/03,523.5,537.75,521,531.25,1410
4373,2022/08/04,541,559.75,541,550.5,1756.80004882813
4373,2022/08/05,542.5,555,538.75,540.75,815.200012207031
4373,2022/08/08,531.25,542,528.25,539.5,680.400024414063
4373,2022/08/09,537.75,539.5,508.5,521.25,1090
4373,2022/08/10,517.5,517.5,500.75,507.75,825.600036621094
4373,2022/08/12,525.25,529.5,520.75,525.5,840
4373,2022/08/15,531.25,537.5,528.5,528.5,508.800018310547
4373,2022/08/16,536.25,554,531.25,550,994
4373,2022/08/17,543.75,554,533.75,550.5,894.799987792969
4373,2022/08/18,539.25,554.25,538.25,547,481.600006103516
4373,2022/08/19,549.75,556.25,539.25,539.25,481.200012207031
4373,2022/08/22,530,530,512.25,522,531.600036621094
4373,2022/08/23,512.5,525.5,508.25,522.25,517.200012207031
4373,2022/08/24,522.25,522.5,513,518,408
4373,2022/08/25,518,526.75,518,519.25,372
4373,2022/08/26,519.25,525.75,510,510.5,666
4373,2022/08/29,498,515.25,495,513,596
4373,2022/08/30,517.5,525.5,512.25,521.25,431.600006103516
4373,2022/08/31,512.25,533.5,512.25,533,539.600036621094
4373,2022/09/01,520.5,526.5,508,509,403.200012207031
4373,2022/09/02,508.25,510.5,498.75,502.75,465.600006103516
4373,2022/09/05,492.5,509.25,490.25,504,457.200012207031
4373,2022/09/06,507,521.5,504.75,514,418.399993896484
4373,2022/09/07,501.5,502.25,487.25,498.5,660.799987792969
4373,2022/09/08,502.5,505,491.75,495.5,418.399993896484
4373,2022/09/09,500,523.25,500,519,775.600036621094
4373,2022/09/12,530,532.75,519.75,523.75,274.399993896484
4373,2022/09/13,529.75,546.5,529.75,543.25,960
4373,2022/09/14,505.75,521.25,503.25,517.75,1057.59997558594
4373,2022/09/15,525,525,514.25,517.5,338.800018310547
4373,2022/09/16,514.75,514.75,487.75,504,798.400024414063
4373,2022/09/20,501.5,510.75,491.75,497.5,426
4373,2022/09/21,500.75,500.75,488.5,495.75,526
4373,2022/09/22,487.5,494.75,470,488.75,732.799987792969
4373,2022/09/26,474.5,482,470,471.5,428.800018310547
4373,2022/09/27,476,477.75,467,472.5,492.800018310547
4373,2022/09/28,473,476.75,455,464.25,740.799987792969
4373,2022/09/29,482.75,482.75,467.75,478.5,451.200012207031
4373,2022/09/30,468.5,475.25,463.5,464.5,823.200012207031
4373,2022/10/03,474.5,487.5,461.5,480.25,755.200012207031
4373,2022/10/04,495.5,505.5,489.5,501.75,620.400024414063
4373,2022/10/05,505.5,511.25,500.25,503.5,433.600006103516
4373,2022/10/06,506.25,513,504.5,507.75,387.200012207031
4373,2022/10/07,497,508.25,493.75,503.25,620
4373,2022/10/11,490.75,490.75,475.75,478,632
4373,2022/10/12,477.75,483.75,474.5,479.25,445.600006103516
4373,2022/10/13,480.75,480.75,471,472.75,372.800018310547
4373,2022/10/14,482.75,491,479.5,488.75,510.399993896484
4373,2022/10/17,483.75,483.75,471.5,475.75,450
4373,2022/10/18,490,494.25,483,487.75,412.800018310547
4373,2022/10/19,507.75,523.75,488.5,499.25,1212
4373,2022/10/20,491,508.5,491,504.75,825.200012207031
4373,2022/10/21,496.75,504.75,496.25,500.75,321.200012207031
4373,2022/10/24,513.25,513.5,499.5,500.75,392.800018310547
4373,2022/10/25,505.75,514.75,499.25,507,644.400024414063
4373,2022/10/26,525,528.75,503.75,506,955.200012207031
4373,2022/10/27,509.25,509.25,495.75,507,999.600036621094
4373,2022/10/28,587.5,599.5,561,597.5,8871.6005859375
4373,2022/10/31,599.25,614.75,588.25,596.25,4357.60009765625
4373,2022/11/01,596.25,599.5,590.25,595.5,2218.40014648438
4373,2022/11/02,589.5,591.75,578.75,580.75,1339.20007324219
4373,2022/11/04,570.25,576.25,536,537,1554.80004882813
4373,2022/11/07,528.75,537.25,520.25,534.5,1968.80004882813
4373,2022/11/08,556,580.25,536.5,579.25,5154.39990234375
4373,2022/11/09,571.25,577,550.75,551,766.400024414063
4373,2022/11/10,550.75,555.75,540.75,545,1311.59997558594
4373,2022/11/11,569,575.25,562,567.75,831.200012207031
4373,2022/11/14,567.75,578,565,573.5,1587.59997558594
4373,2022/11/15,577.5,577.5,561.75,565.75,1236.40002441406
4373,2022/11/16,575.75,595.25,573.5,592.5,1232.80004882813
4373,2022/11/17,597.5,619.25,597.25,611,2896.80004882813
4373,2022/11/18,611,613,596,596,1090
4373,2022/11/21,595.75,597.5,574.75,588.75,722.400024414063
4373,2022/11/22,590,590,567.25,572.25,817.200012207031
4373,2022/11/24,575,587.5,575,582,810.400024414063
4373,2022/11/25,582,590,579,580.75,421.200012207031
4373,2022/11/28,592.5,595.75,578.75,579.5,438.800018310547
4373,2022/11/29,573.5,577,568.5,576.75,346
4373,2022/11/30,572.75,582.5,569,580.25,835.200012207031
4373,2022/12/01,587.5,587.5,563,565.75,840.400024414063
4373,2022/12/02,561.25,561.25,540.75,547.25,1030.40002441406
4373,2022/12/05,545.5,557,540,552.25,500
4373,2022/12/06,545,549.75,538.25,542.5,429.600006103516
4373,2022/12/07,530,545,529.5,540.5,635.200012207031
4373,2022/12/08,542.25,548.25,531.25,546.25,428.800018310547
4373,2022/12/09,543,563.75,542.25,560,493.200012207031
4373,2022/12/12,558.5,575,554.25,567,446.399993896484
4373,2022/12/13,575,581.5,573.25,573.25,503.200012207031
4373,2022/12/14,571,574,566,567.75,414
4373,2022/12/15,567,572,560,567.5,262
4373,2022/12/16,555.5,556.75,551,552.75,420.800018310547
4373,2022/12/19,543.25,556.25,542.5,554,344.399993896484
4373,2022/12/20,550,550,512,525,836.799987792969
4373,2022/12/21,525,528.25,514.5,520.25,560
4373,2022/12/22,522,526,514.5,523.5,483.200012207031
4373,2022/12/23,514.75,514.75,504.5,510.75,321.200012207031
4373,2022/12/26,510.75,514.75,505.75,513.5,180.800003051758
4373,2022/12/27,514,522.25,505,509.25,413.600006103516
4373,2022/12/28,512.25,518.25,503.5,514.75,493.200012207031
4373,2022/12/29,508.75,523.25,507.75,523.25,309.600006103516
4373,2022/12/30,525,535,522.5,523.5,360.399993896484
4373,2023/01/04,525.75,528,510.5,513,343.200012207031
4373,2023/01/05,510.5,515.25,504.75,510.25,446
4373,2023/01/06,507,507.25,496.5,503.25,427.200012207031
4373,2023/01/10,505.75,522.5,504.75,518.25,314
4373,2023/01/11,520,538.25,520,536,334
4373,2023/01/12,540.5,543.5,528.75,532.5,470.399993896484
4373,2023/01/13,527.25,536.25,525,527.75,278.800018310547
4373,2023/01/16,529.75,534.5,525.25,525.5,286.800018310547
4373,2023/01/17,524.75,530,521.5,525.75,338
4373,2023/01/18,538.25,545.75,531.5,544.5,358.800018310547
4373,2023/01/19,540.25,542.5,536.25,541.25,212.400009155273
4373,2023/01/20,541.25,543.25,530,538.75,268.399993896484
4373,2023/01/23,549.5,556,549.25,555.25,256.399993896484
4373,2023/01/24,560,564.25,555.25,561.75,369.600006103516
4373,2023/01/25,571.75,571.75,561.5,563.5,266
4373,2023/01/26,564,565.25,557.75,558.5,266.800018310547
4373,2023/01/27,561.25,563,556,562,259.200012207031
4373,2023/01/30,564.75,565,551.5,554,546.799987792969
4373,2023/01/31,585,612.5,561,566,3508.80004882813
4373,2023/02/01,574.75,608.25,569.25,590.25,1360.80004882813
4373,2023/02/02,608,615,582.5,584.25,819.200012207031
4373,2023/02/03,588.75,599.5,583.25,597.5,720.400024414063
4373,2023/02/06,600,613.25,600,606.25,1056.80004882813
4373,2023/02/07,615,618.5,600.5,601.25,348
4373,2023/02/08,605.5,609.75,597,609.5,329.600006103516
4373,2023/02/09,602.25,605.5,594,602.5,261.200012207031
4373,2023/02/10,606,608.25,598.25,598.25,306
4373,2023/02/13,597.5,597.5,574.5,574.5,303.200012207031
4373,2023/02/14,586.75,586.75,576.5,578,373.200012207031
4373,2023/02/15,580.75,586.75,577.5,578.75,328.399993896484
4373,2023/02/16,586.5,592,579.25,584,350.399993896484
4373,2023/02/17,582.5,582.5,570.5,577.75,396
4373,2023/02/20,582.25,592.5,574.5,590,270.399993896484
4373,2023/02/21,586.5,586.5,565.5,569.75,347.200012207031
4373,2023/02/22,564.75,575.25,563.25,574,352
4373,2023/02/24,575,578,564.5,576.25,249.600006103516
4373,2023/02/27,565,567.75,555.75,559.75,247.199996948242
4373,2023/02/28,561,571.5,560,570.25,275.200012207031
4373,2023/03/01,607.5,608,591.75,595,1132.40002441406
4373,2023/03/02,584.75,593.5,575.5,593.5,648
4373,2023/03/03,593.5,601.25,588,600.5,420.399993896484
4373,2023/03/06,607.25,607.75,595.5,597,365.200012207031
4373,2023/03/07,589,600.5,581.25,598.75,378
4373,2023/03/08,598.75,605.5,593.5,602,397.200012207031
4373,2023/03/09,602.5,606,597.5,604.75,260.399993896484
4373,2023/03/10,595.5,606.25,594,599,432.399993896484
4373,2023/03/13,586.5,594,572.5,585.75,294.399993896484
4373,2023/03/14,575,578.5,550,557,688
4373,2023/03/15,568.75,568.75,548.75,552.5,488.399993896484
4373,2023/03/16,534.75,550.25,528.5,545.75,334.399993896484
4373,2023/03/17,548.75,585.5,548.75,576.25,486.399993896484
4373,2023/03/20,575.25,580.25,558.75,561,426.800018310547
4373,2023/03/22,581.5,583.5,556.75,567.75,354.800018310547
4373,2023/03/23,561.5,577.25,556.5,576.75,226.800003051758
4373,2023/03/24,576.75,579.25,573,577.5,164.400009155273
4373,2023/03/27,580,588.25,576.75,580.5,340.800018310547
4373,2023/03/28,584.75,584.75,574.25,580,241.199996948242
4373,2023/03/29,582.25,601.75,582,599.25,378
4373,2023/03/30,601.5,606.75,592.75,602.5,416.800018310547
4373,2023/03/31,607.5,618.25,602,609,302.399993896484
4373,2023/04/03,621.5,632.75,616.25,627.25,463.200012207031
4373,2023/04/04,623.75,627.25,608.75,609.5,443.200012207031
4373,2023/04/05,605.25,610,591.25,594.75,288.800018310547
4373,2023/04/06,582.25,601.5,580.25,600,340
4373,2023/04/07,600.75,603.75,592,600,252.800003051758
4373,2023/04/10,609.5,611.75,602.5,607.5,198.400009155273
4373,2023/04/11,613.75,618.5,604.5,608.5,275.200012207031
4373,2023/04/12,590,601,583.25,598.75,601.200012207031
4373,2023/04/13,595.25,605.75,590.5,604.25,252
4373,2023/04/14,606.25,611,601,602,264.399993896484
4373,2023/04/17,600,605,596,603.5,325.200012207031
4373,2023/04/18,591,604,588.5,599,401.200012207031
4373,2023/04/19,604.75,605.5,590,594.5,300.800018310547
4373,2023/04/20,582.5,593.25,580.75,587.5,237.199996948242
4373,2023/04/21,583.75,589.25,578.25,582,209.600006103516
4373,2023/04/24,587.25,590,580.5,580.5,278.399993896484
4373,2023/04/25,587.75,590.75,581.75,584.75,276.800018310547
4373,2023/04/26,575,575.75,558,562.25,420.399993896484
4373,2023/04/27,564.5,570,556.5,566.75,689.600036621094
4373,2023/04/28,580,596.5,557.75,588.75,1594
4373,2023/05/01,595.75,597.5,566.5,578.5,1096.40002441406
4373,2023/05/02,581.5,616.75,581.5,610.75,1360.40002441406
4373,2023/05/08,611.75,611.75,598.5,598.5,649.600036621094
4373,2023/05/09,606.25,621.5,606.25,613.5,546.799987792969
4373,2023/05/10,616.5,618.5,606.75,608.25,357.600006103516
4373,2023/05/11,608.5,613.75,603,607.25,326.399993896484
4373,2023/05/12,608.5,608.5,593.75,602,451.600006103516
4373,2023/05/15,600,600.25,589.75,593.5,465.200012207031
4373,2023/05/16,589,589,574,580.5,810
4373,2023/05/17,572.5,582,566.25,577.25,609.600036621094
4373,2023/05/18,582,582,568.25,571.25,648.400024414063
4373,2023/05/19,577.5,580.75,567.5,574.5,669.200012207031
4373,2023/05/22,576.25,586.25,569.5,586.25,582.400024414063
4373,2023/05/23,588,609.25,579.25,581.25,899.600036621094
4373,2023/05/24,578.5,581.25,570.75,572.25,474.800018310547
4373,2023/05/25,571,573.25,563,565.75,611.200012207031
4373,2023/05/26,561.25,565,549.5,549.5,591.600036621094
4373,2023/05/29,593.25,610.75,590.25,600,1655.59997558594
4373,2023/05/30,591.25,604,590.75,603.5,704.400024414063
4373,2023/05/31,600,607.5,587,590,997.200012207031
4373,2023/06/01,587.5,588.25,577.5,586.5,460.399993896484
4373,2023/06/02,582.75,600.75,578.25,597.25,508
4373,2023/06/05,609.75,609.75,596.25,599.5,394
4373,2023/06/06,589.5,615.75,586.5,613.25,682.799987792969
4373,2023/06/07,611.25,626.25,602,610.5,728
4373,2023/06/08,602.5,604.5,573.5,581.75,721.200012207031
4373,2023/06/09,593.25,601.75,587.25,589.75,652
4373,2023/06/12,595.75,604.75,590,604.5,416.399993896484
4373,2023/06/13,612,627,611,624,1014.40002441406
4373,2023/06/14,622.75,626,612.75,617,777.600036621094
4373,2023/06/15,618,630,612.5,628.5,688.799987792969
4373,2023/06/16,639.5,682,639.5,681.75,1890.40002441406
4373,2023/06/19,681.5,683.25,663,678.5,861.200012207031
4373,2023/06/20,678.5,679.25,665.75,674,611.600036621094
4373,2023/06/21,672.25,683,662.75,676,472.800018310547
4373,2023/06/22,676.25,679.5,667,667.5,467.200012207031
4373,2023/06/23,677.5,677.5,635,640.25,720
4373,2023/06/26,636.5,636.5,624,627.5,484
4373,2023/06/27,624.25,637.25,619.75,629.5,553.200012207031
4373,2023/06/28,642,648.5,633.75,648.25,442.800018310547
4373,2023/06/29,662.5,662.75,649.75,659.5,474
4373,2023/06/30,652,657.75,645.5,653.5,432
4373,2023/07/03,663,666.25,652.5,655,340.800018310547
4373,2023/07/04,646.25,649.5,641,646.5,311.200012207031
4373,2023/07/05,642.75,648,635.25,647.5,376.399993896484
4373,2023/07/06,641,656.75,639.25,646.5,379.600006103516
4373,2023/07/07,636,641.75,626.75,635.25,507.200012207031
4373,2023/07/10,659.75,662.25,638.25,644.75,771.600036621094
4373,2023/07/11,650.75,656.75,637.75,640,432
4373,2023/07/12,648.75,648.75,629.25,634,374.800018310547
4373,2023/07/13,624.75,643.75,621.25,643.75,400.800018310547
4373,2023/07/14,650,664.5,646,660.5,718.400024414063
4373,2023/07/18,660.5,664.25,651.25,657.25,370
4373,2023/07/19,661,669,657.5,666.25,375.200012207031
4373,2023/07/20,657.25,661,646.5,647,354
4373,2023/07/21,640.75,657.5,640.25,652.25,488.399993896484
4373,2023/07/24,662.25,662.25,639.5,641.25,741.200012207031
4373,2023/07/25,639.5,642.25,633,635.25,360
4373,2023/07/26,635.25,638.5,626.75,637.25,590.799987792969
4373,2023/07/27,640.25,642.5,634.25,638.25,555.600036621094
4373,2023/07/28,683,708,669.25,687.25,2586.40014648438
4373,2023/07/31,705,721,680,716.5,1898.40002441406
4373,2023/08/01,705.75,712.25,688,693.25,1006
4373,2023/08/02,682.5,695,675.25,680.25,1004.40002441406
4373,2023/08/03,674.5,676.5,667.25,667.25,669.600036621094
4373,2023/08/04,660.25,670,656.75,662,636.799987792969
4373,2023/08/07,662,665,651.5,665,437.600006103516
4373,2023/08/08,657.75,661.25,653,656.25,424.800018310547
4373,2023/08/09,653.5,653.5,640,642.25,628
4373,2023/08/10,637.5,640,622.5,623.75,772.799987792969
4373,2023/08/14,617.5,632.5,617.5,624.5,770.799987792969
4373,2023/08/15,653.75,656.5,638,643.25,952.799987792969
4373,2023/08/16,648,658.25,645.25,653.75,899.600036621094
4373,2023/08/17,648.75,660,646.5,658.25,739.200012207031
4373,2023/08/18,650,653,640,650,510.800018310547
4373,2023/08/21,653.75,655.75,642.75,649.5,483.600006103516
4373,2023/08/22,659,659.75,651.25,658.5,442.399993896484
4373,2023/08/23,657,674.5,656.75,671,472.800018310547
4373,2023/08/24,674.75,678.5,671.75,674.5,526.799987792969
4373,2023/08/25,665.5,677,661,675,329.200012207031
4373,2023/08/28,681.25,689.75,676.25,680.25,466.800018310547
4373,2023/08/29,689,701.25,686.75,698,460.800018310547
4373,2023/08/30,701.25,701.25,693.25,697.25,295.600006103516
4373,2023/08/31,700.75,719.25,700.75,719,935.600036621094
4373,2023/09/01,718.5,718.5,703.25,717.75,536.400024414063
4373,2023/09/04,719,727.25,718.75,726.25,573.200012207031
4373,2023/09/05,719.75,736,715.25,734.75,401.200012207031
4373,2023/09/06,736,741.75,729.75,736.25,460.800018310547
4373,2023/09/07,728,729,720.5,724,462.399993896484
4373,2023/09/08,711.5,720.75,707,713,656.400024414063
4373,2023/09/11,715,724.75,701.25,710,589.600036621094
4373,2023/09/12,712.5,724.5,709.5,712.75,812.400024414063
4373,2023/09/13,706.25,708,691.5,696.5,802
4373,2023/09/14,696.25,702.75,694.75,695,523.200012207031
4373,2023/09/15,704.75,709.75,693.75,708,916
4373,2023/09/19,700.25,702.5,685,687,638
4373,2023/09/20,680,682.5,676,676,736
4373,2023/09/21,668.75,672.25,664.5,668,475.200012207031
4373,2023/09/22,662.5,674,658.75,665,576
4373,2023/09/25,665,693.75,660.25,690,952.799987792969
4373,2023/09/26,690.25,692,676,684.25,614
4373,2023/09/27,680.25,689.5,676,688,453.200012207031
4373,2023/09/28,684.25,691.75,672,681.75,537.200012207031
4373,2023/09/29,682.5,686.25,673,677,482.399993896484
4373,2023/10/02,686.5,687.75,666.75,667.5,532
4373,2023/10/03,667.5,674.25,657.5,665.75,590
4373,2023/10/04,656.5,666.5,645.25,656.25,723.600036621094
4373,2023/10/05,658.5,680.75,656.25,678,612.400024414063
4373,2023/10/06,677.5,683.25,672,680,492
4373,2023/10/10,687.25,687.75,675,684.25,905.200012207031
4373,2023/10/11,683,686,665,666.75,548.400024414063
4373,2023/10/12,666.75,685.5,666.75,685.25,387.600006103516
4373,2023/10/13,675,682,674.5,677.25,624.799987792969
4373,2023/10/16,677,681.75,665.75,668.5,963.600036621094
4373,2023/10/17,674.5,686.75,671.25,685,889.600036621094
4373,2023/10/18,685,686.5,659,682.25,867.200012207031
4373,2023/10/19,670,680.75,670,675.5,347.200012207031
4373,2023/10/20,664.5,665.5,651.75,661.5,472.800018310547
4373,2023/10/23,659.5,660,640.75,641,575.200012207031
4373,2023/10/24,653.5,661.75,629,659.75,1195.59997558594
4373,2023/10/25,664.25,669.5,645.25,646.75,691.600036621094
4373,2023/10/26,635.75,648.75,630.25,645,1444
4373,2023/10/27,667.5,682.25,615.25,622.75,2630
4373,2023/10/30,615.5,625,600.5,607.25,2801.19995117188
4373,2023/10/31,601.25,632,597.25,627.5,1138.80004882813
4373,2023/11/01,647.75,648,609.25,610.75,1083.20007324219
4373,2023/11/02,615,623.25,607.5,609.5,828
4373,2023/11/06,622,626.75,613.5,626.25,878.799987792969
4373,2023/11/07,624.25,625,605.5,613,851.200012207031
4373,2023/11/08,616,619,594.75,595.75,876.400024414063
4373,2023/11/09,603.75,615.5,601.25,612.25,1126.80004882813
4373,2023/11/10,604.75,607.25,595.5,604,618.799987792969
4373,2023/11/13,612.25,614,604.75,604.75,433.600006103516
4373,2023/11/14,608,609.5,598,602,517.600036621094
4373,2023/11/15,610.5,624.75,609.5,624.75,676.799987792969
4373,2023/11/16,615.25,624,611.5,620,573.600036621094
4373,2023/11/17,625,634.25,622.25,633.25,657.200012207031
4373,2023/11/20,645.75,660.5,644,645.5,964
4373,2023/11/21,650,669.5,649.75,666.5,961.600036621094
4373,2023/11/22,666.25,670.5,652.5,665.5,1004.40002441406
4373,2023/11/24,663.25,668.25,650.75,662.25,716
4373,2023/11/27,662,667,646.5,647.5,413.200012207031
4373,2023/11/28,645,653,637,651.75,665.200012207031
4373,2023/11/29,645.25,659.5,642.5,657.25,737.600036621094
4373,2023/11/30,662.25,662.25,645.25,655,713.200012207031
4373,2023/12/01,650,650.75,642.5,642.5,478.399993896484
4373,2023/12/04,635,642.5,626.75,639,762.400024414063
4373,2023/12/05,628.75,635.25,610,610,751.200012207031
4373,2023/12/06,618.25,634.25,613.75,631.5,934.799987792969
4373,2023/12/07,623.75,633,618.75,621.75,493.600006103516
4373,2023/12/08,609.25,612.5,596.25,598.5,814
4373,2023/12/11,597.75,609.25,597.75,606.25,977.600036621094
4373,2023/12/12,606.5,609,594.25,600,1034
4373,2023/12/13,606.75,609.5,596.75,599.75,752.799987792969
4373,2023/12/14,609.75,626.5,607.5,620.5,1210.40002441406
4373,2023/12/15,625,634.25,621.25,633.5,879.600036621094
4373,2023/12/18,627,630.75,620.25,627,620.400024414063
4373,2023/12/19,627.5,644,627.25,642,491.600006103516
4373,2023/12/20,642,649.5,636.25,641.5,687.200012207031
4373,2023/12/21,630.5,641.75,630.5,640.5,572
4373,2023/12/22,653,654.75,646.25,651.25,952
4373,2023/12/25,666.25,672.75,663.75,665.25,709.200012207031
4373,2023/12/26,659.75,668.25,658.25,665.25,450.800018310547
4373,2023/12/27,665.25,673.25,664.25,673.25,327.600006103516
4373,2023/12/28,673,681.25,666,680,405.600006103516
4373,2023/12/29,682.5,686,676.5,685.75,390.399993896484
4373,2024/01/04,689.5,689.5,669.75,682,528.400024414063
4373,2024/01/05,682.5,682.5,664,664,721.200012207031
4373,2024/01/09,665,682,665,681,570
4373,2024/01/10,681,687.5,673.25,684.25,570.400024414063
4373,2024/01/11,694.25,704.75,689.5,696,922.799987792969
4373,2024/01/12,707.5,712.75,686.75,701.5,997.200012207031
4373,2024/01/15,699.5,712.5,691.75,710.25,962.400024414063
4373,2024/01/16,708.25,712.25,700.75,703.25,570.400024414063
4373,2024/01/17,702.25,709,697.5,699.75,662.400024414063
4373,2024/01/18,696.25,699.75,685.75,689.25,1152
4373,2024/01/19,690.75,699.75,687.5,698,496
4373,2024/01/22,710.5,719.5,705,718.25,806.400024414063
4373,2024/01/23,720,731,720,728.25,923.600036621094
4373,2024/01/24,724,730.5,712.75,719.25,669.200012207031
4373,2024/01/25,725,731.75,720.75,730,588.400024414063
4373,2024/01/26,725,735.25,722.25,724.25,715.600036621094
4373,2024/01/29,722.5,722.5,705.75,708.25,670.400024414063
4373,2024/01/30,713.75,716.25,705,711.5,751.200012207031
4373,2024/01/31,661.5,685.5,661.5,677.25,2581.60009765625
4373,2024/02/01,667.5,670.25,651.25,657,1778.40002441406
4373,2024/02/02,656.25,667,647.25,653.25,1459.20007324219
4373,2024/02/05,655,657.75,645,653.75,1186
4373,2024/02/06,653.75,653.75,620.5,620.5,1360.40002441406
4373,2024/02/07,625.75,634.25,617.25,628.75,1294.80004882813
4373,2024/02/08,627.25,627.25,611.5,618.5,1044.80004882813
4373,2024/02/09,613.75,630.5,611.5,620,1040.80004882813
4373,2024/02/13,632.5,633.25,612,623.25,908.400024414063
4373,2024/02/14,619.75,622.25,611.5,617,837.600036621094
4373,2024/02/15,624.75,624.75,605.5,616,1047.20007324219
4373,2024/02/16,619.75,621.25,611,613.25,998
4373,2024/02/19,617,640.25,614.5,637.5,1258.80004882813
4373,2024/02/20,648.75,654,630.5,638,1224.80004882813
4373,2024/02/21,649.5,649.5,634.5,642,802.799987792969
4373,2024/02/22,643,650,638.5,650,1105.20007324219
4373,2024/02/26,645.75,671,644.5,664.5,1256.80004882813
4373,2024/02/27,658.25,668.25,647.25,650.5,844.400024414063
4373,2024/02/28,646.75,657,642.5,648.75,923.200012207031
4373,2024/02/29,643.5,646,627.75,638.25,900
4373,2024/03/01,654.75,660.5,644.75,649.5,768
4373,2024/03/04,651.25,688.25,648,668.75,1788.40002441406
4373,2024/03/05,674.75,699.75,668.5,690,1242.40002441406
4373,2024/03/06,680.25,692.25,678,691.75,896.400024414063
4373,2024/03/07,693.5,701.5,685,693,1321.20007324219
4373,2024/03/08,691.75,708.75,685.5,696.5,1166
4373,2024/03/11,692.75,707.5,682.5,707.5,1649.20007324219
4373,2024/03/12,700.5,707,689.5,706.75,743.600036621094
4373,2024/03/13,715.25,724,708,722,1166.40002441406
4373,2024/03/14,714,724.75,703,716.5,1048.40002441406
4373,2024/03/15,712.75,721.25,708.25,714.75,448.800018310547
4373,2024/03/18,705.75,716.5,688,711.5,685.200012207031
4373,2024/03/19,715,718.5,695,706.5,523.200012207031
4373,2024/03/21,731.5,736.75,719.75,722.5,1012.40002441406
4373,2024/03/22,714.5,726.75,710.5,725.75,628.400024414063
4373,2024/03/25,713.25,723.5,705.25,708.75,645.600036621094
4373,2024/03/26,700,706.25,690,691.25,648.799987792969
4373,2024/03/27,701.25,701.75,688.25,696.5,646.799987792969
4373,2024/03/28,690,701,686.75,695.5,544.400024414063
4373,2024/03/29,696.75,709.25,694.25,708.5,706
4373,2024/04/01,708.5,710.25,694.5,695.25,451.600006103516
4373,2024/04/02,694.5,694.5,669,678,694.400024414063
4373,2024/04/03,672.75,675.75,662.5,664,596.400024414063
4373,2024/04/04,680.75,689,671.5,680.75,682.799987792969
4373,2024/04/05,672,683.25,670,679.75,419.200012207031
4373,2024/04/08,676.75,683,674.75,680.75,401.600006103516
4373,2024/04/09,682.5,685.75,676,682.75,420.399993896484
4373,2024/04/10,683.25,691,677.75,679,223.199996948242
4373,2024/04/11,670.5,680.5,669,677.75,358.800018310547
4373,2024/04/12,683.75,687,673,674.5,271.600006103516
4373,2024/04/15,682.25,696,678,692.25,699.200012207031
4373,2024/04/16,680,692,675.5,687,681.600036621094
4373,2024/04/17,685,685,662.75,679,640
4373,2024/04/18,678.25,689,677.75,684.75,520.799987792969
4373,2024/04/19,683.5,683.5,658.75,664.5,859.600036621094
4373,2024/04/22,668,677.25,662,675.5,518.400024414063
4373,2024/04/23,677,678,651.5,658.75,832.400024414063
4373,2024/04/24,671.25,684.5,665.25,678.75,860.400024414063
4373,2024/04/25,670,670,658,659,559.600036621094
4373,2024/04/26,684,686.25,625.75,641,2573.19995117188
4373,2024/04/30,641,642.75,625.25,642,960.400024414063
4373,2024/05/01,654.5,664.75,641.25,654.5,1249.20007324219
4373,2024/05/02,653.25,655.75,643,645.25,374
4373,2024/05/07,652,675.25,651.5,675.25,496.399993896484
4373,2024/05/08,671,685,671,677.75,362.399993896484
4373,2024/05/09,678.25,687.25,672.75,678.25,347.200012207031
4373,2024/05/10,686.25,686.25,668.25,673.75,734.799987792969
4373,2024/05/13,675,681.75,673.5,681.25,388.399993896484
4373,2024/05/14,682.5,686,675,683,355.200012207031
4373,2024/05/15,680,696,676.5,679.5,637.600036621094
4373,2024/05/16,682,685.75,677,683.25,266.399993896484
4373,2024/05/17,678.75,685.25,670.25,670.25,318.399993896484
4373,2024/05/20,667.75,681.5,667.75,678.75,447.200012207031
4373,2024/05/21,682.5,695.75,682.5,689,363.600006103516
4373,2024/05/22,696.75,696.75,676.75,680,759.200012207031
4373,2024/05/23,686.75,691.25,680.5,687,524.799987792969
4373,2024/05/24,675.75,689.75,675.75,679.25,660.400024414063
4373,2024/05/27,679.25,679.25,663.75,676.25,920.799987792969
4373,2024/05/28,683,690.75,678,679.25,516.400024414063
4373,2024/05/29,675,680,656.5,660,570
4373,2024/05/30,655,670.5,652.5,670.5,395.200012207031
4373,2024/05/31,675,679.5,669.25,675.25,516.799987792969
4373,2024/06/03,681,690.5,677.5,686.5,374.800018310547
4373,2024/06/04,695.5,701.75,688,699.25,569.600036621094
4373,2024/06/05,698.75,707,694,702.75,629.200012207031
4373,2024/06/06,706,706.75,697.75,705.75,412.399993896484
4373,2024/06/07,704.5,717.5,704.5,717.5,670.400024414063
4373,2024/06/10,713.5,730.5,709.5,729.75,627.600036621094
4373,2024/06/11,728.5,739.75,722.5,725.25,1035.59997558594
4373,2024/06/12,732.25,733.5,721.25,723.75,830.799987792969
4373,2024/06/13,720.75,726.5,714,714,650
4373,2024/06/14,701.5,721.75,700.25,715,558.799987792969
4373,2024/06/17,708.25,710.25,692.25,697.75,581.600036621094
4373,2024/06/18,704.75,716,700,712,809.200012207031
4373,2024/06/19,715,722.25,712.25,719.5,814
4373,2024/06/20,723.25,735,714.75,721.25,1135.59997558594
4373,2024/06/21,719.5,737,713.5,714.25,4062.80004882813
4373,2024/06/24,715.25,717.75,702.25,703.75,766.400024414063
4373,2024/06/25,702,716,702,707.5,677.200012207031
4373,2024/06/26,708,715,704.5,712.25,942.799987792969
4373,2024/06/27,712.25,719.5,707.5,713,548.400024414063
4373,2024/06/28,715,716.75,702,708.75,501.200012207031
4373,2024/07/01,709.25,711.5,687.75,693.25,537.200012207031
4373,2024/07/02,693.25,704.25,687.75,702,884.400024414063
4373,2024/07/03,697.5,706.75,697.5,706.75,530
4373,2024/07/04,701.75,704,692.5,695,622.799987792969
4373,2024/07/05,691.25,697.75,690.5,691,492.800018310547
4373,2024/07/08,688,691.75,685,690,492
4373,2024/07/09,687.25,697.25,685.25,695.25,637.600036621094
4373,2024/07/10,693,693.75,663.75,672.75,885.200012207031
4373,2024/07/11,677.25,677.25,666.75,670,656.799987792969
4373,2024/07/12,666.25,687.75,662.5,685.75,748
4373,2024/07/16,681,694.25,681,685.5,798
4373,2024/07/17,687.75,698,684,693.75,910.799987792969
4373,2024/07/18,686.25,695.75,680.5,680.5,510
4373,2024/07/19,673.25,682.75,669.75,675,558
4373,2024/07/22,676,679.5,661.75,662.5,634.400024414063
4373,2024/07/23,663.75,666.25,655.5,662.5,538.799987792969
4373,2024/07/24,665.5,671.75,662.75,664.25,636.799987792969
4373,2024/07/25,653.5,667,651.25,651.25,1162.80004882813
4373,2024/07/26,601.25,615.75,541.5,555,5500
4373,2024/07/29,555.5,556.75,528.25,541.25,3063.60009765625
4373,2024/07/30,535.75,547.5,529.5,546.75,1608.40002441406
4373,2024/07/31,545,545,525.25,541.75,1815.59997558594
4373,2024/08/01,541.75,561,534.25,559.25,1735.20007324219
4373,2024/08/02,547,555,530.25,532.25,1462.80004882813
4373,2024/08/05,507.25,509.25,452.75,455.75,1999.59997558594
4373,2024/08/06,524,537.5,506.75,537.5,2452.80004882813
4373,2024/08/07,530.5,562.5,526.5,542,1512
4373,2024/08/08,536.25,571.75,533.25,568,2151.19995117188
4373,2024/08/09,580.5,580.5,562.25,569.75,1044
4373,2024/08/13,575,581.5,569.5,579.75,686.799987792969
4373,2024/08/14,585.75,597.75,579,582,708.799987792969
4373,2024/08/15,586.25,586.25,575.5,578.75,684.400024414063
4373,2024/08/16,586.75,594,579,591.5,527.200012207031
4373,2024/08/19,589.5,595.25,585,585.5,601.200012207031
4373,2024/08/20,595,610.25,595,600.5,559.600036621094
4373,2024/08/21,598.75,601.25,590.25,593,554.799987792969
4373,2024/08/22,596.25,599,589.25,598.5,562.799987792969
4373,2024/08/23,590,593.25,583,584.5,638
4373,2024/08/26,584.25,598,582.5,595,639.200012207031
4373,2024/08/27,602.5,608.75,591.75,608.75,374.800018310547
4373,2024/08/28,598,612.5,598,612.5,629.600036621094
4373,2024/08/29,619,633.5,615.5,628.25,880
4373,2024/08/30,620.5,637.5,619,625.75,976
4373,2024/09/02,630,634,608.75,613.25,733.600036621094
4373,2024/09/03,615.5,618.5,610.25,615.5,776
4373,2024/09/04,605,614.75,604.25,611.25,615.200012207031
4373,2024/09/05,605.5,617,593.25,601.25,752.400024414063
4373,2024/09/06,602,610.5,594.5,607.5,956
4373,2024/09/09,587.75,607.5,586,603.25,815.200012207031
4373,2024/09/10,611.25,620,605,612.75,837.200012207031
4373,2024/09/11,606.25,619.75,605.25,614.5,809.600036621094
4373,2024/09/12,610.75,619.25,595,599,755.600036621094
4373,2024/09/13,595.5,595.5,576.25,580.75,1014
4373,2024/09/17,588.5,595.25,581.5,591,548.400024414063
4373,2024/09/18,591.75,594.75,585.25,592.5,460
4373,2024/09/19,592.75,609,592.75,602.5,663.600036621094
4373,2024/09/20,612,618.5,604.5,615.5,877.200012207031
4373,2024/09/24,620,626,616.25,620.25,632.400024414063
4373,2024/09/25,602.5,605.5,597.25,602.25,421.200012207031
4373,2024/09/26,602.25,615.75,599,615.75,830.400024414063
4373,2024/09/27,607,624.5,604.5,619.5,576.799987792969
4373,2024/09/30,601,613.75,600,605,478
4373,2024/10/01,605,609.25,598.5,600,312.399993896484
4373,2024/10/02,587.5,595,585.5,587,532
4373,2024/10/03,603.75,606.25,593.25,594.75,523.600036621094
4373,2024/10/04,594,600.75,590,591.75,526.400024414063
4373,2024/10/07,604.25,607.75,599,601.75,472.800018310547
4373,2024/10/08,596.75,599.25,592.75,594.75,547.600036621094
4373,2024/10/09,598,601.75,594.75,596.25,433.600006103516
4373,2024/10/10,595,595.5,587.75,587.75,348
4373,2024/10/11,586.25,595.5,584,591.5,269.600006103516
4373,2024/10/15,601,606.25,595.5,599,362.399993896484
4373,2024/10/16,595,603,584.75,586.25,414.399993896484
4373,2024/10/17,596,596,583.5,584.5,334.800018310547
4373,2024/10/18,590,591,583,586.25,342.800018310547
4373,2024/10/21,586.5,596,585.5,589.25,400.800018310547
4373,2024/10/22,585.25,588.5,575.5,577,614.799987792969
4373,2024/10/23,575,576,565.25,566.5,582
4373,2024/10/24,562.5,574.5,557.5,572,644.799987792969
4373,2024/10/25,565.75,575.5,562.5,568.25,451.200012207031
4373,2024/10/28,570.75,584.25,570.75,577.75,602.799987792969
4373,2024/10/29,579.25,595.5,579.25,594,775.600036621094
4373,2024/10/30,599.5,602.75,590.5,599.75,4384.39990234375
4373,2024/10/31,624.75,637,612.5,625,2491.60009765625
4373,2024/11/01,613.75,631.25,611.5,619.75,877.200012207031
4373,2024/11/05,625,630.75,601.5,618.75,641.200012207031
4373,2024/11/06,607.5,615.5,595.25,598,701.200012207031
4373,2024/11/07,603.75,620.5,600.5,618.5,656.400024414063
4373,2024/11/08,630.5,661,629,660.25,1406.40002441406
4373,2024/11/11,647.75,653.5,632.75,648.25,737.200012207031
4373,2024/11/12,648.25,659.25,647.25,654.25,528.400024414063
4373,2024/11/13,653.75,659.25,648.25,654.75,654
4373,2024/11/14,656.75,666,654.75,659.5,642
4373,2024/11/15,655,663.5,649.5,652.75,570.799987792969
4373,2024/11/18,651.25,660,639.25,640.75,661.600036621094
4373,2024/11/19,628.25,647.25,627.5,640.25,526.799987792969
4373,2024/11/20,645.25,650,635.25,638.25,504.800018310547
4373,2024/11/21,643,646.75,631.5,638,457.200012207031
4373,2024/11/22,637,640.5,629,630.25,559.600036621094
4373,2024/11/25,637.5,644.75,623.5,627.25,580.799987792969
4373,2024/11/26,619.75,632.5,614.25,621,455.600006103516
4373,2024/11/27,620,622.75,609.75,612.75,324.800018310547
4373,2024/11/28,611.5,626,607.5,621.5,533.200012207031
4373,2024/11/29,621.5,632.5,614.75,626.25,294.399993896484
4373,2024/12/02,621.5,631.25,618.75,627,432.399993896484
4373,2024/12/03,614.5,628.25,607.75,617.75,962.799987792969
4373,2024/12/04,617.75,624.5,614,621.5,638.400024414063
4373,2024/12/05,621.5,627.25,617.25,620,465.600006103516
4373,2024/12/06,616,620,610.75,616.75,516.400024414063
4373,2024/12/09,625,654.25,623,649.5,596.400024414063
4373,2024/12/10,649.25,649.75,634.25,638,346.800018310547
4373,2024/12/11,649.5,655,643.25,647.25,445.600006103516
4373,2024/12/12,658,658,644,644,399.200012207031
4373,2024/12/13,631.5,644,630,638.5,474
4373,2024/12/16,642.5,643.25,632.25,639.25,220.800003051758
4373,2024/12/17,645.25,645.25,626.5,627.25,340
4373,2024/12/18,630,630,617.5,627.25,299.600006103516
4373,2024/12/19,620.75,643.75,620.75,630.25,640.400024414063
4373,2024/12/20,642.75,648.25,626.5,626.5,1144.40002441406
4373,2024/12/23,639,649.75,632.25,634.75,568
4373,2024/12/24,629.75,629.75,618.75,624.25,289.600006103516
4373,2024/12/25,636.75,637,622.25,627.75,238
4373,2024/12/26,636.5,639,625.5,631,539.600036621094
4373,2024/12/27,636.75,642.5,629.5,633.25,359.600006103516
4373,2024/12/30,633.25,635,620.25,622,362
4373,2025/01/06,622,623,601,603.5,466.399993896484
4373,2025/01/07,606.25,613.75,604.5,608,370.800018310547
4373,2025/01/08,608,615,598.5,598.5,297.200012207031
4373,2025/01/09,599.75,605.5,595.75,602.25,329.200012207031
4373,2025/01/10,604.5,608.75,590.5,591.25,332
4373,2025/01/14,587.5,592.25,582,586.75,272.399993896484
4373,2025/01/15,592.5,597.5,588.25,592.75,345.600006103516
4373,2025/01/16,600.75,606.5,598.5,599.25,408.800018310547
4373,2025/01/17,596.5,598.5,581,588,318.399993896484
4373,2025/01/20,597.25,600.5,593.75,596,360.800018310547
4373,2025/01/21,597,598.5,591.75,594,307.600006103516
4373,2025/01/22,591,596.5,589,594,382
4373,2025/01/23,600,600,590,594.5,262.800018310547
4373,2025/01/24,597.5,601.75,592,600,410
4373,2025/01/27,605.75,606,594.5,599.5,252.800003051758
4373,2025/01/28,604,620,597.25,615,436.399993896484
4373,2025/01/29,615.25,620,610.5,611.75,278
4373,2025/01/30,612.25,622.25,607,617,300.800018310547
4373,2025/01/31,687.5,741,669.5,727.75,2829.19995117188
4373,2025/02/03,725,740,704,736.5,1612
4373,2025/02/04,740,750,733.5,741,1085.59997558594
4373,2025/02/05,717.25,726.25,710.75,722.75,953.600036621094
4373,2025/02/06,712.75,714.75,689.5,696,1369.59997558594
4373,2025/02/07,699.75,711.75,689,701.75,484
4373,2025/02/10,708,722.5,697.75,711.5,670.799987792969
4373,2025/02/12,715,717.25,707.75,710.5,326
4373,2025/02/13,712.5,735.25,708.5,725,520.400024414063
4373,2025/02/14,725,737.5,722,722.75,358
4373,2025/02/17,725,729.75,715.5,715.5,262.800018310547
4373,2025/02/18,728,734.75,720.75,728.75,380.800018310547
4373,2025/02/19,726.75,736.5,726,734,435.200012207031
4373,2025/02/20,725.75,729,695.75,699.75,629.600036621094
4373,2025/02/21,700.25,703.25,691.25,699.5,346.800018310547
4373,2025/02/25,690.25,724.75,689.25,699.75,566.799987792969
4373,2025/02/26,695.25,701.25,678.25,680,1198
4373,2025/02/27,679.25,692.5,674.25,680.25,707.200012207031
4373,2025/02/28,675.25,678.75,665,667,466.399993896484
4373,2025/03/03,679.5,686.75,675,682,337.200012207031
4373,2025/03/04,683.25,694.5,675.25,679.75,408.399993896484
4373,2025/03/05,713.5,715.25,682.25,695.5,878
4373,2025/03/06,728.25,732.25,702.75,712,706.400024414063
4373,2025/03/07,699.5,721,699.5,713.75,747.600036621094
4373,2025/03/10,724.75,730.75,711.75,712.75,510.399993896484
4373,2025/03/11,701.25,710.5,689,694.25,480
4373,2025/03/12,691,706,683.25,699.5,617.600036621094
4373,2025/03/13,712,727.75,709.5,719,948.400024414063
4373,2025/03/14,711.25,717.5,701,712.5,425.600006103516
4373,2025/03/17,725,727.5,716.5,721.5,316
4373,2025/03/18,726,744,720,732,570.799987792969
4373,2025/03/19,728.5,729.75,720.75,723.75,346.399993896484
4373,2025/03/21,727.5,744.25,721.25,730.5,742
4373,2025/03/24,734.5,736,721.25,724.5,339.200012207031
4373,2025/03/25,735,737.75,726,732.5,353.200012207031
4373,2025/03/26,732.75,739.25,728.5,731.25,472.399993896484
4373,2025/03/27,718.75,733,718.25,732.25,327.200012207031
4373,2025/03/28,721.5,721.75,711.75,718.75,347.600006103516
4373,2025/03/31,712.25,712.25,692.75,697.5,325.600006103516
4373,2025/04/01,697.5,707,691.5,693.25,204
4373,2025/04/02,693.25,698.25,687.25,693,224
4373,2025/04/03,661.5,690,661.5,676.5,302
4373,2025/04/04,673.75,687.75,670,677.75,472.800018310547
4373,2025/04/07,626,655,621.25,629.5,636.799987792969
4373,2025/04/08,650.25,675,650.25,669.5,804
4373,2025/04/09,657,663,644.75,659.25,538
4373,2025/04/10,696.75,709.25,675.75,698.25,468
4373,2025/04/11,697.5,713.5,676.75,711,506
4373,2025/04/14,711.75,722.5,708.25,712.5,250
4373,2025/04/15,719.75,724.75,708.75,712.5,228.400009155273
4373,2025/04/16,712.5,724.75,707,718.75,365.600006103516
4373,2025/04/17,726,733.75,720.5,729.75,319.600006103516
4373,2025/04/18,729.75,758.75,729.75,752.5,350
4373,2025/04/21,750,780,748.5,778.75,637.600036621094
4373,2025/04/22,777.5,781.25,761.25,770,424.399993896484
4373,2025/04/23,767.5,771.25,749.75,757.5,446.800018310547
4373,2025/04/24,756.25,761.25,737,745.75,344.800018310547
4373,2025/04/25,745.25,748.75,738.75,741.75,476
4373,2025/04/28,752.5,765,749,757.5,446.399993896484
4373,2025/04/30,763.75,767.5,752.5,753.75,620
4373,2025/05/01,870,915,856.25,902.5,3805.19995117188
4373,2025/05/02,885,885,853.75,865,2048.80004882813
4373,2025/05/07,850,872.5,837.5,856.25,1086.80004882813
4373,2025/05/08,843.75,882.5,842.5,872.5,1063.59997558594
4373,2025/05/09,875,901.25,867.5,887.5,908.799987792969
4373,2025/05/12,887.5,898.75,880,891.25,595.200012207031
4373,2025/05/13,888.75,892.5,880,883.75,348.800018310547
4373,2025/05/14,887.5,890,873.75,878.75,272.800018310547
4373,2025/05/15,872.5,897.5,870,887.5,502
4373,2025/05/16,880,896.25,878.75,885,496.800018310547
4373,2025/05/19,885,896.25,878.75,893.75,332.399993896484
4373,2025/05/20,893.75,910,880,892.5,572.400024414063
4373,2025/05/21,900,902.5,881.25,885,460
4373,2025/05/22,882.5,913.75,878.75,901.25,579.200012207031
4373,2025/05/23,900,911.25,896.25,905,340
4373,2025/05/26,912.5,930,911.25,917.5,480.399993896484
4373,2025/05/27,925,927.5,913.75,925,322
4373,2025/05/28,935,935,917.5,922.5,404.399993896484
4373,2025/05/29,916.25,925,912.5,921.25,438.800018310547
4373,2025/05/30,920,942.5,911.25,937.5,854.799987792969
4373,2025/06/02,945,947.5,933.75,947.5,467.200012207031
4373,2025/06/03,950,957.5,942.5,945,525.600036621094
4373,2025/06/04,946.25,956.25,946.25,956.25,395.200012207031
4373,2025/06/05,948.75,966.25,946.25,966.25,435.600006103516
4373,2025/06/06,971.25,980,966.25,972.5,590.400024414063
4373,2025/06/09,990,993.75,973.75,983.75,499.200012207031
4373,2025/06/10,975,988.75,960,982.5,455.200012207031
4373,2025/06/11,988.75,991.25,985,988.75,446
4373,2025/06/12,980,990,972.5,982.5,503.600006103516
4373,2025/06/13,975,975,941.25,948.75,994.799987792969
4373,2025/06/16,945,952.5,937.5,946.25,973.600036621094
4373,2025/06/17,937.5,953.75,930,936.25,796.799987792969
4373,2025/06/18,935,952.5,926.25,941.25,714.400024414063
4373,2025/06/19,947.5,961.25,937.5,955,642
4373,2025/06/20,955,957.5,933.75,937.5,2465.60009765625
4373,2025/06/23,933.75,961.25,933.75,951.25,645.600036621094
4373,2025/06/24,961.25,971.25,956.25,960,391.600006103516
4373,2025/06/25,960,967.5,952.5,956.25,400
4373,2025/06/26,957.5,973.75,947.5,963.75,518.799987792969
4373,2025/06/27,957.5,973.75,955,971.25,671.200012207031
4373,2025/06/30,981.25,988.75,976.25,976.25,507.600006103516
4373,2025/07/01,963.75,986.25,956.25,982.5,448
4373,2025/07/02,981.25,997.5,976.25,983.75,1297.20007324219
4373,2025/07/03,986.25,993.75,973.75,978.75,832.400024414063
4373,2025/07/04,976.25,977.5,957.5,973.75,499.200012207031
4373,2025/07/07,982.5,996.25,980,993.75,562.799987792969
4373,2025/07/08,988.75,1001.25,983.75,998.75,766.400024414063
4373,2025/07/09,998.75,1000,958.75,973.75,1019.60003662109
4373,2025/07/10,973.75,976.25,948.75,955,711.200012207031
4373,2025/07/11,941.25,950,936.25,945,1054.40002441406
4373,2025/07/14,947.5,955,933.75,953.75,349.200012207031
4373,2025/07/15,960,961.25,942.5,946.25,291.200012207031
4373,2025/07/16,942.5,957.5,936.25,943.75,663.200012207031
4373,2025/07/17,956.25,972.5,950,972.5,442.800018310547
4373,2025/07/18,967.5,971.25,962.5,963.75,263.200012207031
4373,2025/07/22,957.5,961.25,941.25,946.25,487.200012207031
4373,2025/07/23,952.5,955,928.75,933.75,448.399993896484
4373,2025/07/24,941.25,951.25,935,950,708.400024414063
4373,2025/07/25,950,966.25,947.5,961.25,396.399993896484
4373,2025/07/28,951.25,953.75,915,921.25,985.600036621094
4373,2025/07/29,918.75,952.5,915,940,1054.40002441406
4373,2025/07/30,938.75,1022.5,937.5,1005,1926
4373,2025/07/31,1005,1046.25,1005,1031.25,1728.40002441406
4373,2025/08/01,1035,1058.75,1027.5,1055,988.400024414063
4373,2025/08/04,1025,1072.5,1022.5,1066.25,1078.80004882813
4373,2025/08/05,1071.25,1086.25,1065,1073.75,791.600036621094
4373,2025/08/06,1073.75,1095,1073.75,1090,698
4373,2025/08/07,1095,1142.5,1090,1095,1370.40002441406
4373,2025/08/08,1100,1106.25,1087.5,1098.75,618.799987792969
4373,2025/08/12,1085,1096.25,1070,1083.75,719.200012207031
4373,2025/08/13,1071.25,1100,1063.75,1093.75,626
4373,2025/08/14,1093.75,1120,1083.75,1102.5,1015.60003662109
4373,2025/08/15,1116.25,1125,1078.75,1080,933.600036621094
4373,2025/08/18,1107.5,1123.75,1101.25,1107.5,1101.20007324219
4373,2025/08/19,1122.5,1130,1108.75,1113.75,918.799987792969
4373,2025/08/20,1115,1117.5,1096.25,1108.75,518.799987792969
4373,2025/08/21,1125,1162.5,1121.25,1146.25,1584.80004882813
4373,2025/08/22,1225,1225,1145,1161.25,3658.40014648438
4373,2025/08/25,1163.75,1173.75,1135,1150,1927.59997558594
4373,2025/08/26,1133.75,1140,1115,1140,1284.80004882813
4373,2025/08/27,1136.25,1147.5,1123.75,1140,849.600036621094
4373,2025/08/28,1131.25,1138.75,1106.25,1137.5,820.799987792969
4373,2025/08/29,1131.25,1145,1127.5,1141.25,542.799987792969
4373,2025/09/01,1132.5,1150,1113.75,1123.75,692.799987792969
4373,2025/09/02,1122.5,1123.75,1093.75,1103.75,652.799987792969
4373,2025/09/03,1087.5,1091.25,1058.75,1063.75,973.600036621094
4373,2025/09/04,1070,1075,1060,1072.5,729.200012207031
4373,2025/09/05,1060,1066.25,1046.25,1066.25,786.400024414063
4373,2025/09/08,1081.25,1103.75,1076.25,1091.25,798.799987792969
4373,2025/09/09,1092.5,1126.25,1092.5,1118.75,1384
4373,2025/09/10,1136.25,1141.25,1103.75,1128.75,743.200012207031
4373,2025/09/11,1116.25,1130,1107.5,1117.5,458
4373,2025/09/12,1118.75,1138.75,1108.75,1132.5,552
4373,2025/09/16,1132.5,1136.25,1116.25,1127.5,529.200012207031
4373,2025/09/17,1115,1115,1091.25,1093.75,454.399993896484
4373,2025/09/18,1102.5,1113.75,1096.25,1108.75,379.600006103516
4373,2025/09/19,1103.75,1112.5,1093.75,1111.25,994.400024414063
4373,2025/09/22,1111.25,1115,1088.75,1088.75,592.400024414063
4373,2025/09/24,1081.25,1088.75,1070,1086.25,526.799987792969
4373,2025/09/25,1086.25,1088.75,1068.75,1080,674.799987792969
4373,2025/09/26,1062.5,1095,1062.5,1095,819.200012207031
4373,2025/09/29,1096.25,1100,1076.25,1078.75,472.800018310547
4373,2025/09/30,1087.5,1088.75,1070,1086.25,480
4373,2025/10/01,1051.25,1058.75,1030,1050,784.799987792969
4373,2025/10/02,1046.25,1053.75,1020,1025,454.800018310547
4373,2025/10/03,1028.75,1037.5,1015,1017.5,458.399993896484
4373,2025/10/06,1038.75,1062.5,1037.5,1060,532
4373,2025/10/07,1050,1071.25,1047.5,1065,456.399993896484
4373,2025/10/08,1067.5,1093.75,1063.75,1083.75,814.400024414063
4373,2025/10/09,1070,1073.75,1028.75,1047.5,849.600036621094
4373,2025/10/10,1037.5,1051.25,1036.25,1043.75,414
4373,2025/10/14,1023.75,1033.75,1011.25,1015,364.800018310547
4373,2025/10/15,1005,1016.25,1005,1007.5,550
4373,2025/10/16,1001.25,1018.75,990,998.75,551.200012207031
4373,2025/10/17,991.25,995,973.75,982.5,525.600036621094
4373,2025/10/20,1000,1008.75,995,996.25,746.799987792969
4373,2025/10/21,991.25,1005,985,998.75,515.600036621094
4373,2025/10/22,1002.5,1012.5,997.5,1006.25,767.600036621094
4373,2025/10/23,1006.25,1012.5,992.5,997.5,427.200012207031
4373,2025/10/24,990,993.75,972.5,981.25,657.200012207031
4373,2025/10/27,992.5,1006.25,988.75,993.75,564.799987792969
4373,2025/10/28,982.5,986.25,960,963.75,943.200012207031
4373,2025/10/29,981.25,981.25,962.5,966.25,858.799987792969
4373,2025/10/30,970,1025,970,1017.5,1802.40002441406
4373,2025/10/31,1012.5,1103.75,1000,1075,3367.60009765625
4373,2025/11/04,1058.75,1063.75,1013.75,1013.75,1245.20007324219
4373,2025/11/05,1011.25,1021.25,986.25,1015,820
4373,2025/11/06,1031.25,1038.75,993.75,1005,673.200012207031
4373,2025/11/07,1010,1040,1005,1026.25,886.799987792969
4373,2025/11/10,1078.75,1087.5,1065,1085,939.200012207031
4373,2025/11/11,1102.5,1121.25,1095,1103.75,1151.59997558594
4373,2025/11/12,1137.5,1143.75,1123.75,1125,978
4373,2025/11/13,1140,1146.25,1120,1125,735.200012207031
4373,2025/11/14,1107.5,1111.25,1100,1101.25,739.200012207031
4373,2025/11/17,1105,1136.25,1100,1133.75,801.600036621094
4373,2025/11/18,1122.5,1130,1075,1075,750.799987792969
4373,2025/11/19,1073.75,1076.25,1055,1061.25,641.600036621094
4373,2025/11/20,1077.5,1086.25,1070,1083.75,640
4373,2025/11/21,1083.75,1108.75,1072.5,1107.5,596.400024414063
4373,2025/11/25,1116.25,1120,1093.75,1093.75,355.200012207031
4373,2025/11/26,1107.5,1111.25,1098.75,1102.5,556
4373,2025/11/27,1102,1117,1095,1104,592.700012207031
4373,2025/11/28,1096,1114,1083,1100,553.700012207031
4373,2025/12/01,1114,1128,1092,1095,459.800018310547
4373,2025/12/02,1099,1112,1082,1096,415.800018310547
4373,2025/12/03,1112,1117,1094,1094,505.100006103516
4373,2025/12/04,1080,1095,1079,1084,411.399993896484
4373,2025/12/05,1067,1079,1060,1076,316.100006103516
4373,2025/12/08,1076,1089,1070,1084,474.399993896484
4373,2025/12/09,1086,1088,1067,1075,275.700012207031
4373,2025/12/10,1083,1085,1060,1060,387.399993896484
4373,2025/12/11,1072,1075,1038,1049,436.700012207031
4373,2025/12/12,1057,1066,1048,1066,436.300018310547
4373,2025/12/15,1063,1080,1060,1080,404.100006103516
4373,2025/12/16,1073,1080,1043,1052,477.399993896484
4373,2025/12/17,1062,1064,1045,1055,294.5
4373,2025/12/18,1060,1069,1055,1064,281.5
4373,2025/12/19,1080,1086,1070,1083,906.600036621094
4373,2025/12/22,1080,1080,1030,1044,590.5
4373,2025/12/23,1042,1051,1038,1050,568
4373,2025/12/24,1049,1066,1044,1061,447.300018310547
4373,2025/12/25,1066,1066,1044,1051,322.800018310547
4373,2025/12/26,1056,1062,1048,1053,305.800018310547
4373,2025/12/29,1048,1059,1042,1058,345.600006103516
4373,2025/12/30,1060,1065,1050,1051,228.800003051758
