4384,2018/05/31,822.5,1022,819.5,999.5,30484.80078125
4384,2018/06/01,1059,1115,1025,1111,12528
4384,2018/06/04,1108,1108,1032.5,1032.5,2911.40014648438
4384,2018/06/05,1007.5,1125,947.5,1115,6875.60009765625
4384,2018/06/06,1125,1133,1018,1031.5,2231.80004882813
4384,2018/06/07,1056.5,1118,1040.5,1052,2357
4384,2018/06/08,1060,1066.5,995,1022,1351.59997558594
4384,2018/06/11,1025,1039.5,1002,1027.5,370
4384,2018/06/12,1022.5,1039.5,1008,1036.5,298.800018310547
4384,2018/06/13,1042.5,1067.5,1038,1056,619.600036621094
4384,2018/06/14,1067.5,1217,1059.5,1151.5,3173.80004882813
4384,2018/06/15,1199.5,1265,1184.5,1251,3092.19995117188
4384,2018/06/18,1276,1427.5,1262.5,1425.5,3966.19995117188
4384,2018/06/19,1367,1468.5,1332.5,1423,4148
4384,2018/06/20,1481.5,1550,1433.5,1447.5,3557.19995117188
4384,2018/06/21,1460,1485,1350,1355,1680.59997558594
4384,2018/06/22,1298,1395,1278,1395,935.600036621094
4384,2018/06/25,1375,1392.5,1230,1253,624.200012207031
4384,2018/06/26,1192,1287,1153,1256,1171.40002441406
4384,2018/06/27,1240.5,1245,1150,1150,591
4384,2018/06/28,1150,1190,1080,1100,747
4384,2018/06/29,1112.5,1274,1112.5,1223.5,1361.80004882813
4384,2018/07/02,1236,1339.5,1236,1306.5,1328
4384,2018/07/03,1345,1345,1240,1277.5,670.400024414063
4384,2018/07/04,1327.5,1435,1288.5,1402.5,2508.80004882813
4384,2018/07/05,1417.5,1435,1300,1374.5,1084.59997558594
4384,2018/07/06,1395,1407.5,1291.5,1322.5,664.200012207031
4384,2018/07/09,1324,1422.5,1324,1370.5,679.600036621094
4384,2018/07/10,1392.5,1469.5,1362.5,1369,851.799987792969
4384,2018/07/11,1370.5,1547.5,1312.5,1520,1998.59997558594
4384,2018/07/12,1532.5,1535,1445.5,1475,1038.40002441406
4384,2018/07/13,1499,1537.5,1393,1425,1117.40002441406
4384,2018/07/17,1547.5,1550,1368,1383,1252.40002441406
4384,2018/07/18,1399.5,1463.5,1397.5,1407,825.200012207031
4384,2018/07/19,1410,1417.5,1330,1330,921
4384,2018/07/20,1330,1380,1294,1368,620.600036621094
4384,2018/07/23,1400,1490,1395,1490,1413.80004882813
4384,2018/07/24,1485,1490,1407.5,1431.5,577.400024414063
4384,2018/07/25,1420,1429.5,1395.5,1428.5,190
4384,2018/07/26,1428.5,1428.5,1382.5,1402,277.800018310547
4384,2018/07/27,1452,1467,1375,1375,588.600036621094
4384,2018/07/30,1391.5,1435,1362.5,1414.5,326.200012207031
4384,2018/07/31,1395,1469,1393.5,1465,443.399993896484
4384,2018/08/01,1457.5,1470,1412,1416.5,274.800018310547
4384,2018/08/02,1441.5,1441.5,1385,1405,178.600006103516
4384,2018/08/03,1394.5,1439,1384.5,1387.5,138
4384,2018/08/06,1382,1417,1380.5,1396,141.400009155273
4384,2018/08/07,1414.5,1434,1396,1429.5,218.400009155273
4384,2018/08/08,1426,1469,1426,1463.5,333.800018310547
4384,2018/08/09,1466.5,1470,1434.5,1462.5,166.800003051758
4384,2018/08/10,1475,1492,1395,1395,388.800018310547
4384,2018/08/13,1385,1400,1279,1309,309.200012207031
4384,2018/08/14,1340,1347.5,1245,1255,355.600006103516
4384,2018/08/15,1275,1276.5,1259,1270,170.600006103516
4384,2018/08/16,1274.5,1305,1256,1297.5,298.600006103516
4384,2018/08/17,1312.5,1350.5,1298,1325.5,162
4384,2018/08/20,1345,1368,1330.5,1332.5,96.2000045776367
4384,2018/08/21,1362.5,1396.5,1310,1311.5,329
4384,2018/08/22,1331,1361,1315,1344,237.199996948242
4384,2018/08/23,1359,1424,1347.5,1396.5,329.200012207031
4384,2018/08/24,1414,1432.5,1353.5,1355,334
4384,2018/08/27,1344,1362.5,1314,1342.5,351.600006103516
4384,2018/08/28,1347,1360.5,1326,1337.5,127.800003051758
4384,2018/08/29,1349,1360.5,1315,1320.5,213.199996948242
4384,2018/08/30,1320,1331.5,1297.5,1306,327.399993896484
4384,2018/08/31,1330,1490,1311,1450,1843.20007324219
4384,2018/09/03,1430.5,1440,1346,1350.5,526
4384,2018/09/04,1343.5,1380,1315,1370,395.600006103516
4384,2018/09/05,1370,1419,1365,1381,286.399993896484
4384,2018/09/06,1380,1409.5,1353,1359,158.400009155273
4384,2018/09/07,1363,1389.5,1355.5,1387.5,108.599998474121
4384,2018/09/10,1402.5,1462.5,1387,1443,323.399993896484
4384,2018/09/11,1446.5,1493,1431,1457.5,302.800018310547
4384,2018/09/12,1455,1469.5,1400,1433.5,194.400009155273
4384,2018/09/13,1433.5,1439.5,1364.5,1376.5,397.600006103516
4384,2018/09/14,1401.5,1433.5,1362,1373,607
4384,2018/09/18,1323,1515,1323,1515,1003.60003662109
4384,2018/09/19,1484,1777.5,1484,1697.5,1950
4384,2018/09/20,1697.5,1837.5,1632.5,1655,812
4384,2018/09/21,1677.5,1695,1605,1652.5,371.600006103516
4384,2018/09/25,1710,1872.5,1705,1847.5,975.200012207031
4384,2018/09/26,1897.5,1965,1815,1857.5,928.200012207031
4384,2018/09/27,1892.5,1905,1757.5,1775,349.200012207031
4384,2018/09/28,1832.5,1845,1735,1807.5,252.199996948242
4384,2018/10/01,1772.5,1795,1707.5,1767.5,352
4384,2018/10/02,1755,1777.5,1610,1645,521.799987792969
4384,2018/10/03,1672.5,1760,1652.5,1760,519.600036621094
4384,2018/10/04,1800,1800,1667.5,1685,327
4384,2018/10/05,1662.5,1720,1595,1605,367.200012207031
4384,2018/10/09,1577.5,1650,1565,1635,218
4384,2018/10/10,1660,1785,1650,1735,515.200012207031
4384,2018/10/11,1582.5,1697.5,1580,1672.5,704.200012207031
4384,2018/10/12,1635,1665,1570,1650,483.399993896484
4384,2018/10/15,1635,1637.5,1562.5,1567.5,325.600006103516
4384,2018/10/16,1585,1597.5,1505,1562.5,250.600006103516
4384,2018/10/17,1632.5,1635,1590,1635,203.400009155273
4384,2018/10/18,1635,1697.5,1552.5,1557.5,371.600006103516
4384,2018/10/19,1547.5,1610,1525,1592.5,147
4384,2018/10/22,1560,1612.5,1550,1607.5,99.2000045776367
4384,2018/10/23,1635,1730,1622.5,1700,552.600036621094
4384,2018/10/24,1737.5,1790,1685,1742.5,361.800018310547
4384,2018/10/25,1650,1687.5,1615,1637.5,398.200012207031
4384,2018/10/26,1640,1650,1377,1487.5,833.799987792969
4384,2018/10/29,1450,1450,1237.5,1237.5,863.400024414063
4384,2018/10/30,1218.5,1365,1166.5,1328,973.200012207031
4384,2018/10/31,1328,1418,1326.5,1413,329.399993896484
4384,2018/11/01,1370,1430,1329,1356,399.800018310547
4384,2018/11/02,1375,1412.5,1313,1387.5,375
4384,2018/11/05,1400,1525,1400,1505,427.200012207031
4384,2018/11/06,1490,1490,1425.5,1436.5,302.800018310547
4384,2018/11/07,1437,1505,1426.5,1456,296.800018310547
4384,2018/11/08,1500,1540,1465.5,1484,173.800003051758
4384,2018/11/09,1500,1565,1449.5,1480.5,368
4384,2018/11/12,1465,1488,1391,1400,258.200012207031
4384,2018/11/13,1350,1424.5,1297.5,1401.5,492.600006103516
4384,2018/11/14,1402,1560,1402,1527.5,628.799987792969
4384,2018/11/15,1507.5,1692.5,1502.5,1590,702.799987792969
4384,2018/11/16,1520,1607.5,1505,1600,567.600036621094
4384,2018/11/19,1565,1660,1565,1620,363
4384,2018/11/20,1590,1605,1517.5,1552.5,215.199996948242
4384,2018/11/21,1517.5,1602.5,1512.5,1555,209.800003051758
4384,2018/11/22,1562.5,1620,1540,1562.5,160.800003051758
4384,2018/11/26,1552.5,1607.5,1550,1585,139.800003051758
4384,2018/11/27,1610,1612.5,1530,1557.5,226
4384,2018/11/28,1557.5,1580,1532.5,1547.5,146.199996948242
4384,2018/11/29,1550,1590,1527.5,1550,253.199996948242
4384,2018/11/30,1540,1605,1520,1570,922
4384,2018/12/03,1590,1715,1585,1697.5,388.600006103516
4384,2018/12/04,1712.5,1770,1675,1690,395.399993896484
4384,2018/12/05,1637.5,1675,1612.5,1665,232.400009155273
4384,2018/12/06,1665,1665,1507.5,1570,285.399993896484
4384,2018/12/07,1600,1605,1515,1522.5,294.399993896484
4384,2018/12/10,1499,1550,1479.5,1500,251.800003051758
4384,2018/12/11,1515,1572.5,1457.5,1471,347.399993896484
4384,2018/12/12,1475.5,1532.5,1473,1500,278.600006103516
4384,2018/12/13,1522.5,1532.5,1475,1487.5,252.199996948242
4384,2018/12/14,1617.5,1622.5,1417.5,1432,973.400024414063
4384,2018/12/17,1387,1410,1347.5,1372,538.400024414063
4384,2018/12/18,1317,1347,1246,1271.5,624
4384,2018/12/19,1286.5,1305,1221.5,1287,285.399993896484
4384,2018/12/20,1258.5,1272.5,1188,1214,364.600006103516
4384,2018/12/21,1214,1225.5,1090,1162.5,516.600036621094
4384,2018/12/25,1048,1164.5,1047.5,1150,642.200012207031
4384,2018/12/26,1190.5,1240,1118.5,1157,405.200012207031
4384,2018/12/27,1207,1220.5,1175,1201,297.600006103516
4384,2018/12/28,1190,1212,1167,1196,211.600006103516
4384,2019/01/04,1133,1245,1121,1244,536.200012207031
4384,2019/01/07,1270,1339.5,1270,1293.5,476.200012207031
4384,2019/01/08,1290.5,1305,1220,1220,253
4384,2019/01/09,1320,1393,1301,1350.5,664
4384,2019/01/10,1415,1517.5,1377.5,1386,934.200012207031
4384,2019/01/11,1400,1436.5,1360,1389.5,440.200012207031
4384,2019/01/15,1389.5,1394,1330,1335,533.799987792969
4384,2019/01/16,1372,1380.5,1327.5,1329.5,335
4384,2019/01/17,1349,1362.5,1325.5,1330,199.199996948242
4384,2019/01/18,1333.5,1336,1290,1292,287.399993896484
4384,2019/01/21,1307.5,1321.5,1253,1263.5,183.800003051758
4384,2019/01/22,1261,1285,1225.5,1280,161
4384,2019/01/23,1248,1328,1248,1255.5,201.400009155273
4384,2019/01/24,1247.5,1294.5,1231.5,1287,129.600006103516
4384,2019/01/25,1401,1412.5,1353.5,1389.5,664
4384,2019/01/28,1455,1474.5,1375.5,1447.5,390.800018310547
4384,2019/01/29,1444.5,1497.5,1415.5,1464,363
4384,2019/01/30,1420,1442.5,1371,1432,257.200012207031
4384,2019/01/31,1472.5,1475,1427.5,1435.5,158.600006103516
4384,2019/02/01,1458.5,1575,1455,1575,584.200012207031
4384,2019/02/04,1565,1597.5,1520,1587.5,300
4384,2019/02/05,1617.5,1645,1572.5,1627.5,284.399993896484
4384,2019/02/06,1615,1622.5,1580,1602.5,149.199996948242
4384,2019/02/07,1617.5,1652.5,1590,1632.5,231.400009155273
4384,2019/02/08,1605,1690,1570,1665,371.399993896484
4384,2019/02/12,1677.5,1695,1612.5,1612.5,352.200012207031
4384,2019/02/13,1692.5,1962.5,1682.5,1962.5,1104.20007324219
4384,2019/02/14,1907.5,2312.5,1812.5,1875,2088
4384,2019/02/15,1780,1802.5,1642.5,1695,790.799987792969
4384,2019/02/18,1730,1840,1697.5,1780,422.200012207031
4384,2019/02/19,1790,1922.5,1780,1905,528.799987792969
4384,2019/02/20,1927.5,2095,1920,2090,813.200012207031
4384,2019/02/21,2080,2100,1942.5,1942.5,821
4384,2019/02/22,1942.5,1995,1877.5,1907.5,511.800018310547
4384,2019/02/25,1905,1940,1897.5,1915,181.199996948242
4384,2019/02/26,1885,1960,1877.5,1952.5,235.199996948242
4384,2019/02/27,1925,1942.5,1890,1940,211
4384,2019/02/28,1912.5,1940,1882.5,1927.5,293
4384,2019/03/01,1937.5,2065,1922.5,2065,580
4384,2019/03/04,2070,2187.5,2070,2132.5,608.200012207031
4384,2019/03/05,2150,2300,2130,2207.5,688.600036621094
4384,2019/03/06,2207.5,2207.5,2087.5,2157.5,412
4384,2019/03/07,2185,2250,2147.5,2180,447.399993896484
4384,2019/03/08,2110,2157.5,2000,2015,685.799987792969
4384,2019/03/11,2075,2090,2005,2040,244.400009155273
4384,2019/03/12,2070,2137.5,1965,2100,549
4384,2019/03/13,2200,2440,2165,2372.5,2803
4384,2019/03/14,2407.5,2545,2345,2387.5,1360.80004882813
4384,2019/03/15,2360,2412.5,2280,2412.5,385.200012207031
4384,2019/03/18,2500,2565,2390,2432.5,586.200012207031
4384,2019/03/19,2500,2670,2455,2530,872.600036621094
4384,2019/03/20,2447.5,2485,2382.5,2385,541.200012207031
4384,2019/03/22,2375,2440,2275,2380,803.200012207031
4384,2019/03/25,2272.5,2377.5,2265,2327.5,568.400024414063
4384,2019/03/26,2325,2370,2275,2340,509.200012207031
4384,2019/03/27,2400,2447.5,2350,2380,528
4384,2019/03/28,2312.5,2365,2302.5,2340,534.600036621094
4384,2019/03/29,2285,2295,2112.5,2292.5,1120.59997558594
4384,2019/04/01,2362.5,2362.5,2227.5,2277.5,604
4384,2019/04/02,2210,2237.5,2065,2097.5,673.200012207031
4384,2019/04/03,2082.5,2107.5,2012.5,2095,799.600036621094
4384,2019/04/04,2065,2140,2060,2100,370.399993896484
4384,2019/04/05,2055,2110,2030,2075,384.600006103516
4384,2019/04/08,2065,2095,2045,2072.5,237.199996948242
4384,2019/04/09,2052.5,2080,1930,1985,689.600036621094
4384,2019/04/10,1960,1990,1922.5,1965,406.399993896484
4384,2019/04/11,1932.5,1965,1915,1922.5,310.800018310547
4384,2019/04/12,1935,1947.5,1887.5,1910,289.800018310547
4384,2019/04/15,1925,1957.5,1902.5,1930,309.800018310547
4384,2019/04/16,1900,1935,1827.5,1860,433.800018310547
4384,2019/04/17,1812.5,1892.5,1785,1882.5,388.399993896484
4384,2019/04/18,1822.5,1865,1807.5,1835,296
4384,2019/04/19,1870,2080,1865,2047.5,1037.20007324219
4384,2019/04/22,1985,2045,1922.5,1935,513.200012207031
4384,2019/04/23,1942.5,2040,1937.5,1980,348.399993896484
4384,2019/04/24,2040,2132.5,2040,2077.5,618
4384,2019/04/25,2070,2127.5,2050,2120,456.399993896484
4384,2019/04/26,2125,2237.5,2100,2215,1030.80004882813
4384,2019/05/07,2175,2202.5,2135,2135,399
4384,2019/05/08,2102.5,2105,2002.5,2002.5,358.800018310547
4384,2019/05/09,1980,1982.5,1902.5,1907.5,344.200012207031
4384,2019/05/10,1875,1937.5,1835,1847.5,361
4384,2019/05/13,1875,1890,1777.5,1852.5,285.399993896484
4384,2019/05/14,1792.5,1880,1770,1827.5,229.600006103516
4384,2019/05/15,1907.5,1935,1830,1862.5,331
4384,2019/05/16,1892.5,1892.5,1792.5,1810,198
4384,2019/05/17,1827.5,1840,1795,1815,222
4384,2019/05/20,1807.5,1827.5,1765,1775,222.600006103516
4384,2019/05/21,1777.5,1862.5,1737.5,1855,268
4384,2019/05/22,1900,1960,1872.5,1935,593.400024414063
4384,2019/05/23,1920,1952.5,1875,1892.5,364.600006103516
4384,2019/05/24,1900,2030,1887.5,2015,788
4384,2019/05/27,2030,2110,2020,2090,574
4384,2019/05/28,2125,2205,2112.5,2205,648.799987792969
4384,2019/05/29,2200,2290,2132.5,2135,449.399993896484
4384,2019/05/30,2135,2222.5,2135,2190,332.800018310547
4384,2019/05/31,2175,2415,2175,2340,893.400024414063
4384,2019/06/03,2270,2382.5,2170,2172.5,619.600036621094
4384,2019/06/04,2217.5,2270,2112.5,2202.5,322.399993896484
4384,2019/06/05,2212.5,2220,2127.5,2167.5,438.399993896484
4384,2019/06/06,2107.5,2165,2095,2100,153.600006103516
4384,2019/06/07,2110,2137.5,2035,2085,295
4384,2019/06/10,2055,2060,1977.5,1992.5,407.600006103516
4384,2019/06/11,1985,2085,1977.5,2062.5,455.399993896484
4384,2019/06/12,2112.5,2225,2090,2155,671.400024414063
4384,2019/06/13,2200,2240,2100,2120,408.600006103516
4384,2019/06/14,2325,2420,2225,2300,1929.59997558594
4384,2019/06/17,2405,2475,2327.5,2365,1110
4384,2019/06/18,2370,2510,2360,2395,897.200012207031
4384,2019/06/19,2402.5,2417.5,2302.5,2415,490.800018310547
4384,2019/06/20,2415,2445,2367.5,2400,310.600006103516
4384,2019/06/21,2375,2425,2250,2257.5,415.200012207031
4384,2019/06/24,2207.5,2222.5,2075,2175,727.799987792969
4384,2019/06/25,2160,2170,2102.5,2107.5,193.600006103516
4384,2019/06/26,2100,2147.5,2057.5,2117.5,264.600006103516
4384,2019/06/27,2082.5,2115,1952.5,2060,646.200012207031
4384,2019/06/28,2037.5,2075,1970,1970,562.200012207031
4384,2019/07/01,2005,2022.5,1957.5,1962.5,377.200012207031
4384,2019/07/02,1995,2067.5,1965,2067.5,593.799987792969
4384,2019/07/03,2122.5,2130,2047.5,2077.5,554
4384,2019/07/04,2112.5,2115,2002.5,2007.5,463.800018310547
4384,2019/07/05,2000,2017.5,1965,2010,329
4384,2019/07/08,1975,2035,1975,2015,186.199996948242
4384,2019/07/09,2017.5,2042.5,1970,2017.5,291.200012207031
4384,2019/07/10,1982.5,2020,1930,2015,379
4384,2019/07/11,1990,2007.5,1965,1985,132
4384,2019/07/12,1980,1982.5,1865,1885,466.200012207031
4384,2019/07/16,1880,1940,1875,1930,298.800018310547
4384,2019/07/17,1900,1947.5,1862.5,1935,237.800003051758
4384,2019/07/18,1892.5,1922.5,1867.5,1880,151
4384,2019/07/19,1872.5,1917.5,1857.5,1912.5,240.800003051758
4384,2019/07/22,1867.5,1902.5,1837.5,1875,286.200012207031
4384,2019/07/23,1870,1900,1855,1880,130
4384,2019/07/24,1877.5,1960,1877.5,1925,398.600006103516
4384,2019/07/25,1955,1957.5,1885,1892.5,323.200012207031
4384,2019/07/26,1877.5,1877.5,1830,1840,274.600006103516
4384,2019/07/29,1875,1957.5,1872.5,1937.5,526.200012207031
4384,2019/07/30,1927.5,1947.5,1905,1920,164.199996948242
4384,2019/07/31,1920,1932.5,1865,1900,224
4384,2019/08/01,1890,1905,1862.5,1865,155.800003051758
4384,2019/08/02,1840,1900,1817.5,1830,220.800003051758
4384,2019/08/05,1857.5,1857.5,1782.5,1807.5,141.600006103516
4384,2019/08/06,1720,1847.5,1707.5,1835,172.400009155273
4384,2019/08/07,1850,1887.5,1835,1870,191
4384,2019/08/08,1862.5,1880,1820,1820,129
4384,2019/08/09,1817.5,1837.5,1770,1782.5,117.400001525879
4384,2019/08/13,1747.5,1857.5,1697.5,1847.5,313.800018310547
4384,2019/08/14,1862.5,1870,1797.5,1850,173.199996948242
4384,2019/08/15,1787.5,1805,1767.5,1795,232.199996948242
4384,2019/08/16,1777.5,1795,1710,1712.5,248.600006103516
4384,2019/08/19,1702.5,1767.5,1702.5,1765,152
4384,2019/08/20,1782.5,1835,1770,1817.5,139.800003051758
4384,2019/08/21,1800,1840,1797.5,1820,74.4000015258789
4384,2019/08/22,2102.5,2140,1940,1985,2053
4384,2019/08/23,1995,2045,1982.5,2030,556.200012207031
4384,2019/08/26,1985,2015,1960,1962.5,259.399993896484
4384,2019/08/27,1990,2000,1942.5,1970,129.800003051758
4384,2019/08/28,1980,2002.5,1965,1972.5,215.199996948242
4384,2019/08/29,1982.5,1992.5,1957.5,1982.5,236
4384,2019/08/30,2005,2057.5,2002.5,2030,415
4384,2019/09/02,2050,2080,2027.5,2040,292.600006103516
4384,2019/09/03,2050,2112.5,2020,2100,258.399993896484
4384,2019/09/04,2100,2110,2077.5,2082.5,175
4384,2019/09/05,2097.5,2132.5,2070,2125,270.399993896484
4384,2019/09/06,2125,2155,2115,2117.5,219.800003051758
4384,2019/09/09,2120,2190,2117.5,2187.5,407.399993896484
4384,2019/09/10,2170,2170,2007.5,2030,661.600036621094
4384,2019/09/11,2030,2097.5,1982.5,2097.5,377
4384,2019/09/12,2090,2140,2055,2090,436.800018310547
4384,2019/09/13,1917.5,2002.5,1880,1960,1512.40002441406
4384,2019/09/17,1945,1945,1910,1915,280.399993896484
4384,2019/09/18,1890,1890,1775,1785,788.600036621094
4384,2019/09/19,1802.5,1880,1802.5,1860,478
4384,2019/09/20,1862.5,1882.5,1835,1852.5,288.399993896484
4384,2019/09/24,1805,1812.5,1747.5,1750,730.400024414063
4384,2019/09/25,1737.5,1760,1705,1747.5,329.399993896484
4384,2019/09/26,1775,1777.5,1745,1762.5,378.200012207031
4384,2019/09/27,1765,1837.5,1735,1750,2437.19995117188
4384,2019/09/30,1800,1882.5,1775,1785,1074
4384,2019/10/01,1785,1795,1747.5,1750,494.800018310547
4384,2019/10/02,1732.5,1825,1732.5,1795,524.200012207031
4384,2019/10/03,1777.5,1782.5,1730,1730,387
4384,2019/10/04,1775,1795,1762.5,1770,253
4384,2019/10/07,1792.5,1792.5,1747.5,1757.5,145.199996948242
4384,2019/10/08,1770,1782.5,1750,1762.5,120
4384,2019/10/09,1760,1805,1745,1800,242.800003051758
4384,2019/10/10,1807.5,1837.5,1750,1752.5,360.399993896484
4384,2019/10/11,1772.5,1825,1752.5,1762.5,390
4384,2019/10/15,1770,1807.5,1742.5,1745,290.399993896484
4384,2019/10/16,1772.5,1780,1700,1702.5,403.399993896484
4384,2019/10/17,1675,1682.5,1612.5,1617.5,564
4384,2019/10/18,1610,1620,1542.5,1557.5,553.200012207031
4384,2019/10/21,1575,1600,1572.5,1577.5,178.400009155273
4384,2019/10/23,1575,1612.5,1560,1610,140.800003051758
4384,2019/10/24,1645,1737.5,1645,1722.5,673.600036621094
4384,2019/10/25,1725,1747.5,1705,1735,298.200012207031
4384,2019/10/28,1770,1812.5,1747.5,1757.5,405.200012207031
4384,2019/10/29,1757.5,1797.5,1747.5,1747.5,192.800003051758
4384,2019/10/30,1750,1765,1715,1762.5,203
4384,2019/10/31,1787.5,1800,1770,1787.5,437.399993896484
4384,2019/11/01,1795,1872.5,1780,1872.5,495
4384,2019/11/05,1875,1895,1812.5,1812.5,247.199996948242
4384,2019/11/06,1817.5,1840,1792.5,1795,176.600006103516
4384,2019/11/07,1820,1855,1815,1850,131.400009155273
4384,2019/11/08,1857.5,1862.5,1785,1785,166.600006103516
4384,2019/11/11,1782.5,1855,1782.5,1800,152.199996948242
4384,2019/11/12,1787.5,1822.5,1767.5,1810,172
4384,2019/11/13,1835,1845,1810,1835,124.800003051758
4384,2019/11/14,1660,1675,1605,1605,1107.20007324219
4384,2019/11/15,1617.5,1657.5,1610,1645,497.600006103516
4384,2019/11/18,1665,1727.5,1647.5,1697.5,549.799987792969
4384,2019/11/19,1700,1712.5,1660,1665,310.600006103516
4384,2019/11/20,1662.5,1702.5,1655,1680,227.600006103516
4384,2019/11/21,1660,1705,1660,1702.5,280.399993896484
4384,2019/11/22,1750,1760,1722.5,1735,387.800018310547
4384,2019/11/25,1742.5,1840,1740,1830,552.400024414063
4384,2019/11/26,1862.5,1877.5,1825,1842.5,404.600006103516
4384,2019/11/27,1842.5,1857.5,1772.5,1847.5,249.600006103516
4384,2019/11/28,1860,1890,1832.5,1870,349.600006103516
4384,2019/11/29,1880,1907.5,1845,1877.5,319.200012207031
4384,2019/12/02,1885,1902.5,1830,1832.5,315.399993896484
4384,2019/12/03,1815,1815,1755,1765,514.400024414063
4384,2019/12/04,1775,1827.5,1772.5,1772.5,257.399993896484
4384,2019/12/05,1785,1785,1730,1737.5,201.800003051758
4384,2019/12/06,1737.5,1755,1725,1745,118
4384,2019/12/09,1740,1742.5,1707.5,1715,215.800003051758
4384,2019/12/10,1700,1727.5,1675,1697.5,286.600006103516
4384,2019/12/11,1665,1690,1655,1675,291
4384,2019/12/12,1670,1700,1655,1685,447.399993896484
4384,2019/12/13,1720,1725,1650,1657.5,550
4384,2019/12/16,1750,1855,1742.5,1787.5,930.400024414063
4384,2019/12/17,1822.5,1822.5,1725,1727.5,511.600006103516
4384,2019/12/18,1727.5,1787.5,1727.5,1780,376
4384,2019/12/19,1805,1875,1787.5,1875,792.200012207031
4384,2019/12/20,1825,1837.5,1775,1775,699.600036621094
4384,2019/12/23,1775,1810,1772.5,1800,169
4384,2019/12/24,1800,1837.5,1782.5,1835,198.199996948242
4384,2019/12/25,1845,1865,1830,1840,167.400009155273
4384,2019/12/26,1860,1887.5,1852.5,1862.5,245.600006103516
4384,2019/12/27,1850,1892.5,1850,1872.5,157.800003051758
4384,2019/12/30,1845,1877.5,1842.5,1877.5,128.400009155273
4384,2020/01/06,1825,1867.5,1825,1840,192
4384,2020/01/07,1840,1907.5,1840,1900,314.399993896484
4384,2020/01/08,1887.5,1890,1812.5,1827.5,231
4384,2020/01/09,1890,1897.5,1850,1860,322.200012207031
4384,2020/01/10,1857.5,1907.5,1855,1870,233.800003051758
4384,2020/01/14,1875,1895,1852.5,1862.5,241.400009155273
4384,2020/01/15,1897.5,1925,1837.5,1867.5,366.200012207031
4384,2020/01/16,1870,1912.5,1862.5,1897.5,213.400009155273
4384,2020/01/17,1915,1932.5,1885,1897.5,306.800018310547
4384,2020/01/20,1927.5,2022.5,1925,1952.5,488.200012207031
4384,2020/01/21,1950,1975,1937.5,1947.5,200.600006103516
4384,2020/01/22,1967.5,1967.5,1902.5,1917.5,193.199996948242
4384,2020/01/23,1907.5,1937.5,1887.5,1892.5,187.400009155273
4384,2020/01/24,1900,1905,1850,1882.5,174.600006103516
4384,2020/01/27,1830,1847.5,1797.5,1800,259
4384,2020/01/28,1782.5,1827.5,1755,1762.5,399.600006103516
4384,2020/01/29,1765,1792.5,1732.5,1745,308.800018310547
4384,2020/01/30,1747.5,1747.5,1647.5,1652.5,361.600006103516
4384,2020/01/31,1682.5,1770,1667.5,1725,337.200012207031
4384,2020/02/03,1677.5,1785,1677.5,1747.5,366.600006103516
4384,2020/02/04,1757.5,1807.5,1755,1770,289
4384,2020/02/05,1825,1840,1785,1817.5,328.800018310547
4384,2020/02/06,1830,1877.5,1820,1877.5,295.800018310547
4384,2020/02/07,1870,1887.5,1837.5,1857.5,246.400009155273
4384,2020/02/10,1860,1897.5,1852.5,1875,156
4384,2020/02/12,1877.5,1907.5,1875,1900,216.400009155273
4384,2020/02/13,1905,1915,1870,1895,193.800003051758
4384,2020/02/14,1860,1880,1822.5,1830,204.400009155273
4384,2020/02/17,1825,1842.5,1785,1790,195.400009155273
4384,2020/02/18,1807.5,1807.5,1692.5,1700,318
4384,2020/02/19,1700,1765,1685,1752.5,362.800018310547
4384,2020/02/20,1800,1802.5,1722.5,1722.5,219.600006103516
4384,2020/02/21,1702.5,1727.5,1680,1717.5,268.600006103516
4384,2020/02/25,1602.5,1670,1597.5,1635,521
4384,2020/02/26,1625,1640,1545,1597.5,375.600006103516
4384,2020/02/27,1597.5,1600,1520,1542.5,327.600006103516
4384,2020/02/28,1450.5,1457,1396,1414.5,573
4384,2020/03/02,1403.5,1500,1382.5,1425,672.400024414063
4384,2020/03/03,1491.5,1500,1435.5,1454.5,534.600036621094
4384,2020/03/04,1416.5,1499,1390.5,1469,489
4384,2020/03/05,1493,1560,1489,1510,359
4384,2020/03/06,1475,1497.5,1436,1459.5,316.399993896484
4384,2020/03/09,1394.5,1403,1272,1309,409.600006103516
4384,2020/03/10,1259,1333.5,1204.5,1329,665
4384,2020/03/11,1325.5,1325.5,1228.5,1231.5,471.399993896484
4384,2020/03/12,1195,1260,1136.5,1153.5,457.200012207031
4384,2020/03/13,1003.5,1003.5,903.5,904,1103.20007324219
4384,2020/03/16,940,1005,832,854.5,997.799987792969
4384,2020/03/17,840.5,1054.5,796.5,1022.5,989.200012207031
4384,2020/03/18,1054.5,1214,1054.5,1140,1514.59997558594
4384,2020/03/19,1184,1390,1076,1098,2532.19995117188
4384,2020/03/23,1048,1098,944,988.5,997.200012207031
4384,2020/03/24,1033.5,1108,996.5,1089,791.799987792969
4384,2020/03/25,1153.5,1189,1116,1149,861
4384,2020/03/26,1116,1241,1114.5,1186.5,610.400024414063
4384,2020/03/27,1176.5,1228.5,1152,1175,595
4384,2020/03/30,1170.5,1170.5,1040,1134.5,380.600006103516
4384,2020/03/31,1159.5,1202.5,1134,1175,372.200012207031
4384,2020/04/01,1142,1202.5,1098,1110,306.600006103516
4384,2020/04/02,1134.5,1148,1091.5,1115.5,242.600006103516
4384,2020/04/03,1107,1108.5,1049.5,1071,228
4384,2020/04/06,1021,1046,974,1032.5,596
4384,2020/04/07,1065,1087.5,1032,1077,480.399993896484
4384,2020/04/08,1081,1088.5,999,1076.5,499.200012207031
4384,2020/04/09,1067.5,1099.5,1035,1045,349.200012207031
4384,2020/04/10,1083,1133.5,1056.5,1098.5,381.800018310547
4384,2020/04/13,1123.5,1144.5,1097.5,1109.5,440
4384,2020/04/14,1084.5,1130.5,1084.5,1123.5,279.200012207031
4384,2020/04/15,1135,1142,1106,1137,340.399993896484
4384,2020/04/16,1137,1161,1102.5,1123,250.600006103516
4384,2020/04/17,1128.5,1165.5,1107.5,1127,294.200012207031
4384,2020/04/20,1159,1200,1136.5,1161,307.399993896484
4384,2020/04/21,1250.5,1268.5,1146,1172,1214.80004882813
4384,2020/04/22,1140.5,1201,1128.5,1175,581.799987792969
4384,2020/04/23,1224.5,1228,1180,1188,438.200012207031
4384,2020/04/24,1193,1207.5,1182,1199.5,306.200012207031
4384,2020/04/27,1232.5,1232.5,1170,1205.5,418.600006103516
4384,2020/04/28,1211,1277.5,1174,1225,1572.80004882813
4384,2020/04/30,1258,1264.5,1216.5,1234.5,596.799987792969
4384,2020/05/01,1230.5,1290,1215,1275,390.399993896484
4384,2020/05/07,1299.5,1302,1253.5,1271.5,390.600006103516
4384,2020/05/08,1266.5,1285,1230.5,1284.5,323.200012207031
4384,2020/05/11,1304.5,1367,1281,1362.5,262.800018310547
4384,2020/05/12,1379,1412.5,1355.5,1362.5,574.400024414063
4384,2020/05/13,1339,1380.5,1325,1366,234.800003051758
4384,2020/05/14,1373.5,1383.5,1278,1281,385.600006103516
4384,2020/05/15,1356,1363,1270,1284,397.600006103516
4384,2020/05/18,1275,1329.5,1256.5,1319.5,276.800018310547
4384,2020/05/19,1355,1375,1321.5,1362.5,264
4384,2020/05/20,1354.5,1396,1352,1395,195.199996948242
4384,2020/05/21,1403,1460,1400,1444,259.800018310547
4384,2020/05/22,1444,1450,1402.5,1440,214.400009155273
4384,2020/05/25,1461.5,1540,1454.5,1530,306.600006103516
4384,2020/05/26,1560,1660,1555,1620,494.800018310547
4384,2020/05/27,1605,1610,1527.5,1530,430.399993896484
4384,2020/05/28,1525,1535,1452,1472,1061.80004882813
4384,2020/05/29,1472,1481,1444,1453,460
4384,2020/06/01,1440,1444.5,1356,1368.5,762.200012207031
4384,2020/06/02,1418.5,1440,1394,1422,636
4384,2020/06/03,1433.5,1448.5,1391,1422,579.799987792969
4384,2020/06/04,1436.5,1441.5,1322.5,1349.5,867.400024414063
4384,2020/06/05,1326,1332,1276,1303.5,698
4384,2020/06/08,1328.5,1344,1306,1315,918.799987792969
4384,2020/06/09,1314.5,1330,1295.5,1330,417.600006103516
4384,2020/06/10,1323.5,1342.5,1311.5,1334,333.200012207031
4384,2020/06/11,1295.5,1310.5,1271.5,1299,563
4384,2020/06/12,1399,1471.5,1384,1446.5,2467.19995117188
4384,2020/06/15,1446.5,1517.5,1413.5,1426,1038.80004882813
4384,2020/06/16,1499,1517.5,1468,1474.5,736.799987792969
4384,2020/06/17,1470,1617.5,1460.5,1590,793.799987792969
4384,2020/06/18,1575,1585,1510,1575,390.600006103516
4384,2020/06/19,1602.5,1625,1565,1620,482.399993896484
4384,2020/06/22,1585,1605,1555,1582.5,218.199996948242
4384,2020/06/23,1572.5,1590,1483.5,1525,569
4384,2020/06/24,1517.5,1555,1494.5,1530,300.600006103516
4384,2020/06/25,1496,1552.5,1494,1537.5,283.200012207031
4384,2020/06/26,1537.5,1540,1476,1485,347
4384,2020/06/29,1473.5,1510,1451,1502.5,413.600006103516
4384,2020/06/30,1505,1512.5,1437,1460,326.600006103516
4384,2020/07/01,1435,1473.5,1414,1417,318.200012207031
4384,2020/07/02,1431.5,1481.5,1381,1399.5,372.600006103516
4384,2020/07/03,1424.5,1447,1410,1429.5,153.400009155273
4384,2020/07/06,1425,1459,1412,1447,158
4384,2020/07/07,1447,1481,1425,1481,232.600006103516
4384,2020/07/08,1507.5,1560,1492.5,1507.5,440.399993896484
4384,2020/07/09,1542.5,1692.5,1525,1672.5,761.200012207031
4384,2020/07/10,1685,1855,1680,1775,1101.59997558594
4384,2020/07/13,1775,1790,1620,1687.5,469.399993896484
4384,2020/07/14,1670,1695,1600,1635,225.199996948242
4384,2020/07/15,1675,1675,1600,1610,216.400009155273
4384,2020/07/16,1610,1690,1610,1665,245.400009155273
4384,2020/07/17,1692.5,1700,1635,1682.5,194.400009155273
4384,2020/07/20,1700,1720,1575,1610,194.199996948242
4384,2020/07/21,1642.5,1685,1622.5,1675,333.800018310547
4384,2020/07/22,1650,1650,1605,1615,139.800003051758
4384,2020/07/27,1605,1612.5,1567.5,1587.5,169.199996948242
4384,2020/07/28,1615,1627.5,1565,1580,239.800003051758
4384,2020/07/29,1570,1570,1527.5,1530,125
4384,2020/07/30,1527.5,1580,1527.5,1575,154.199996948242
4384,2020/07/31,1522.5,1550,1429.5,1453.5,605
4384,2020/08/03,1461,1487.5,1447,1476,436
4384,2020/08/04,1467,1520,1466,1487,358
4384,2020/08/05,1487,1492,1427.5,1470.5,429.399993896484
4384,2020/08/06,1495.5,1557.5,1485.5,1540,280.200012207031
4384,2020/08/07,1550,1550,1467.5,1470.5,481
4384,2020/08/11,1475.5,1502.5,1430.5,1502.5,397.600006103516
4384,2020/08/12,1547.5,1597.5,1515,1587.5,413
4384,2020/08/13,1647.5,1667.5,1612.5,1625,323.200012207031
4384,2020/08/14,1652.5,1660,1620,1640,145.800003051758
4384,2020/08/17,1605,1605,1567.5,1572.5,99
4384,2020/08/18,1587.5,1592.5,1537.5,1550,302
4384,2020/08/19,1550,1592.5,1515,1525,396.600006103516
4384,2020/08/20,1525,1540,1490,1512.5,320.800018310547
4384,2020/08/21,1505,1527.5,1478.5,1500,503
4384,2020/08/24,1490,1500,1455,1462.5,516.400024414063
4384,2020/08/25,1455,1472,1443.5,1465.5,825.799987792969
4384,2020/08/26,1470,1495,1467,1493.5,567.799987792969
4384,2020/08/27,1520,1525,1469.5,1481,518.799987792969
4384,2020/08/28,1481,1525,1470.5,1510,562.799987792969
4384,2020/08/31,1535,1580,1497.5,1560,502
4384,2020/09/01,1572.5,1592.5,1547.5,1585,287
4384,2020/09/02,1575,1715,1567.5,1700,686.799987792969
4384,2020/09/03,1717.5,1740,1630,1652.5,360.399993896484
4384,2020/09/04,1597.5,1615,1570,1572.5,297.200012207031
4384,2020/09/07,1582.5,1607.5,1542.5,1572.5,296.600006103516
4384,2020/09/08,1555,1647.5,1555,1647.5,216.400009155273
4384,2020/09/09,1612.5,1747.5,1610,1700,580.799987792969
4384,2020/09/10,1750,1847.5,1745,1797.5,623.200012207031
4384,2020/09/11,1902.5,2147.5,1875,2147.5,1511.80004882813
4384,2020/09/14,2227.5,2345,2127.5,2142.5,1374.20007324219
4384,2020/09/15,2087.5,2165,2072.5,2127.5,611.200012207031
4384,2020/09/16,2127.5,2170,2047.5,2122.5,504.399993896484
4384,2020/09/17,2122.5,2172.5,2075,2107.5,469.399993896484
4384,2020/09/18,2100,2190,2087.5,2182.5,358
4384,2020/09/23,2245,2275,2162.5,2217.5,567.400024414063
4384,2020/09/24,2192.5,2200,2065,2072.5,375
4384,2020/09/25,2087.5,2152.5,2062.5,2072.5,382.600006103516
4384,2020/09/28,2172.5,2330,2160,2195,726.799987792969
4384,2020/09/29,2090,2180,2080,2165,558.400024414063
4384,2020/09/30,2160,2205,2132.5,2145,451.600006103516
4384,2020/10/02,2150,2232.5,2142.5,2165,350.399993896484
4384,2020/10/05,2130,2275,2112.5,2247.5,330.200012207031
4384,2020/10/06,2217.5,2272.5,2180,2232.5,234.600006103516
4384,2020/10/07,2240,2260,2197.5,2225,268.399993896484
4384,2020/10/08,2225,2300,2210,2290,330.200012207031
4384,2020/10/09,2280,2325,2252.5,2302.5,251.199996948242
4384,2020/10/12,2370,2425,2337.5,2375,335.399993896484
4384,2020/10/13,2327.5,2350,2250,2275,389
4384,2020/10/14,2275,2312.5,2240,2302.5,282.399993896484
4384,2020/10/15,2277.5,2280,2190,2265,379.800018310547
4384,2020/10/16,2267.5,2307.5,2235,2260,157
4384,2020/10/19,2267.5,2390,2267.5,2320,267.200012207031
4384,2020/10/20,2277.5,2292.5,2240,2280,203.400009155273
4384,2020/10/21,2315,2405,2282.5,2392.5,298.600006103516
4384,2020/10/22,2407.5,2452.5,2367.5,2397.5,348.600006103516
4384,2020/10/23,2375,2525,2367.5,2430,503
4384,2020/10/26,2425,2485,2315,2355,296.800018310547
4384,2020/10/27,2332.5,2495,2315,2475,312.399993896484
4384,2020/10/28,2535,2695,2525,2545,438.399993896484
4384,2020/10/29,2442.5,2590,2415,2560,372.800018310547
4384,2020/10/30,2510,2550,2455,2545,301.399993896484
4384,2020/11/02,2585,2615,2410,2437.5,263.800018310547
4384,2020/11/04,2482.5,2535,2432.5,2455,342.399993896484
4384,2020/11/05,2480,2590,2437.5,2590,413
4384,2020/11/06,2630,2670,2595,2615,263.399993896484
4384,2020/11/09,2685,2775,2620,2735,292
4384,2020/11/10,2635,2750,2540,2595,409.800018310547
4384,2020/11/11,2610,2695,2565,2640,350.800018310547
4384,2020/11/12,2680,2705,2640,2685,147.600006103516
4384,2020/11/13,2660,2700,2620,2700,206.600006103516
4384,2020/11/16,2700,2725,2640,2715,294.399993896484
4384,2020/11/17,2750,2765,2675,2705,226.800003051758
4384,2020/11/18,2640,2685,2575,2575,344.600006103516
4384,2020/11/19,2575,2595,2482.5,2520,484.200012207031
4384,2020/11/20,2495,2520,2407.5,2475,448
4384,2020/11/24,2525,2575,2487.5,2540,214.199996948242
4384,2020/11/25,2540,2540,2495,2510,195
4384,2020/11/26,2510,2575,2490,2545,176
4384,2020/11/27,2495,2565,2475,2530,236.800003051758
4384,2020/11/30,2530,2565,2505,2535,235.400009155273
4384,2020/12/01,2500,2555,2487.5,2535,338.399993896484
4384,2020/12/02,2510,2540,2447.5,2520,228.199996948242
4384,2020/12/03,2520,2520,2392.5,2430,302.399993896484
4384,2020/12/04,2445,2485,2410,2460,236.800003051758
4384,2020/12/07,2525,2615,2455,2455,449.600006103516
4384,2020/12/08,2415,2427.5,2362.5,2402.5,285.800018310547
4384,2020/12/09,2370,2425,2340,2417.5,430.200012207031
4384,2020/12/10,2345,2412.5,2317.5,2380,395.399993896484
4384,2020/12/11,2485,2485,2265,2297.5,594.200012207031
4384,2020/12/14,2402.5,2472.5,2320,2392.5,445.800018310547
4384,2020/12/15,2415,2430,2317.5,2317.5,327.399993896484
4384,2020/12/16,2335,2352.5,2240,2240,292
4384,2020/12/17,2230,2255,2162.5,2177.5,337.800018310547
4384,2020/12/18,2157.5,2205,2140,2160,256.800018310547
4384,2020/12/21,2160,2237.5,2132.5,2220,215.199996948242
4384,2020/12/22,2157.5,2177.5,2072.5,2115,369
4384,2020/12/23,2145,2235,2132.5,2207.5,258.600006103516
4384,2020/12/24,2197.5,2265,2167.5,2217.5,232.800003051758
4384,2020/12/25,2222.5,2282.5,2192.5,2237.5,198.199996948242
4384,2020/12/28,2220,2275,2190,2210,215.800003051758
4384,2020/12/29,2195,2202.5,2162.5,2190,164.800003051758
4384,2020/12/30,2162.5,2245,2152.5,2222.5,202.600006103516
4384,2021/01/04,2210,2210,2135,2160,143
4384,2021/01/05,2160,2210,2142.5,2180,173
4384,2021/01/06,2180,2195,2137.5,2142.5,78.8000030517578
4384,2021/01/07,2192.5,2292.5,2192.5,2272.5,322.600006103516
4384,2021/01/08,2272.5,2272.5,2182.5,2255,263
4384,2021/01/12,2240,2240,2162.5,2187.5,281.399993896484
4384,2021/01/13,2200,2257.5,2175,2240,247.199996948242
4384,2021/01/14,2217.5,2320,2217.5,2252.5,224
4384,2021/01/15,2287.5,2330,2270,2317.5,203.400009155273
4384,2021/01/18,2340,2407.5,2305,2330,255.600006103516
4384,2021/01/19,2332.5,2340,2230,2267.5,281.399993896484
4384,2021/01/20,2235,2245,2120,2130,347
4384,2021/01/21,2135,2197.5,2102.5,2187.5,300.399993896484
4384,2021/01/22,2195,2245,2110,2110,342.800018310547
4384,2021/01/25,2095,2135,2030,2127.5,211.800003051758
4384,2021/01/26,2110,2117.5,2027.5,2062.5,270.200012207031
4384,2021/01/27,2085,2155,2045,2095,247
4384,2021/01/28,2100,2157.5,2085,2110,256.399993896484
4384,2021/01/29,2100,2165,2080,2090,166.800003051758
4384,2021/02/01,2095,2125,2045,2057.5,211
4384,2021/02/02,2080,2195,2077.5,2170,242.199996948242
4384,2021/02/03,2167.5,2235,2160,2200,173.800003051758
4384,2021/02/04,2007.5,2035,1945,1970,1759.59997558594
4384,2021/02/05,2070,2082.5,1975,2000,960.799987792969
4384,2021/02/08,2000,2095,2000,2047.5,837.799987792969
4384,2021/02/09,2075,2080,1985,1987.5,644.799987792969
4384,2021/02/10,2000,2010,1955,1967.5,297.399993896484
4384,2021/02/12,1962.5,1982.5,1935,1967.5,187.400009155273
4384,2021/02/15,1965,1997.5,1927.5,1997.5,221
4384,2021/02/16,2025,2047.5,1960,1965,390.200012207031
4384,2021/02/17,1965,1980,1917.5,1922.5,241
4384,2021/02/18,1920,1950,1907.5,1930,224.400009155273
4384,2021/02/19,1925,1925,1840,1847.5,210
4384,2021/02/22,1880,1937.5,1880,1905,223.600006103516
4384,2021/02/24,1877.5,1932.5,1875,1905,266.200012207031
4384,2021/02/25,1870,1907.5,1840,1865,252.199996948242
4384,2021/02/26,1857.5,1865,1802.5,1855,292
4384,2021/03/01,1890,1917.5,1847.5,1860,208
4384,2021/03/02,1865,1900,1790,1795,252.400009155273
4384,2021/03/03,1802.5,1845,1792.5,1827.5,187
4384,2021/03/04,1820,1827.5,1790,1827.5,117.800003051758
4384,2021/03/05,1815,1815,1727.5,1787.5,311.800018310547
4384,2021/03/08,1822.5,1847.5,1790,1807.5,229.400009155273
4384,2021/03/09,1810,1815,1750,1810,290.200012207031
4384,2021/03/10,1850,1897.5,1805,1897.5,292.800018310547
4384,2021/03/11,1885,1905,1832.5,1895,260.800018310547
4384,2021/03/12,2105,2245,2012.5,2245,2464.19995117188
4384,2021/03/15,2280,2362.5,2227.5,2295,1216
4384,2021/03/16,2322.5,2390,2270,2327.5,736.799987792969
4384,2021/03/17,2302.5,2365,2265,2310,388
4384,2021/03/18,2377.5,2450,2357.5,2415,529.200012207031
4384,2021/03/19,2415,2417.5,2312.5,2340,1026.59997558594
4384,2021/03/22,2330,2390,2292.5,2312.5,515.200012207031
4384,2021/03/23,2285,2350,2255,2320,266
4384,2021/03/24,2285,2307.5,2197.5,2290,377
4384,2021/03/25,2300,2397.5,2277.5,2372.5,339.399993896484
4384,2021/03/26,2415,2515,2402.5,2497.5,464.600006103516
4384,2021/03/29,2635,2670,2510,2540,529.400024414063
4384,2021/03/30,2510,2545,2450,2480,320.600006103516
4384,2021/03/31,2515,2620,2490,2580,497.600006103516
4384,2021/04/01,2600,2615,2505,2525,277.800018310547
4384,2021/04/02,2560,2560,2495,2515,173.600006103516
4384,2021/04/05,2550,2555,2462.5,2490,207.199996948242
4384,2021/04/06,2500,2515,2442.5,2470,201.600006103516
4384,2021/04/07,2455,2590,2385,2580,353
4384,2021/04/08,2530,2650,2515,2650,362.600006103516
4384,2021/04/09,2650,2715,2600,2710,483.800018310547
4384,2021/04/12,2725,2730,2650,2685,294.399993896484
4384,2021/04/13,2735,2800,2700,2745,383.800018310547
4384,2021/04/14,2745,2780,2700,2735,231
4384,2021/04/15,2745,2800,2685,2800,331.800018310547
4384,2021/04/16,2790,2860,2780,2855,278.200012207031
4384,2021/04/19,2845,2845,2720,2730,404
4384,2021/04/20,2690,2720,2615,2655,312.600006103516
4384,2021/04/21,2610,2675,2590,2635,300.200012207031
4384,2021/04/22,2685,2735,2655,2725,259.800018310547
4384,2021/04/23,2775,2835,2715,2775,337.600006103516
4384,2021/04/26,2785,2810,2720,2725,189.600006103516
4384,2021/04/27,2775,2795,2645,2660,346.800018310547
4384,2021/04/28,2630,2700,2590,2640,1425.40002441406
4384,2021/04/30,2640,2640,2540,2545,402.800018310547
4384,2021/05/06,2610,2655,2545,2630,332.800018310547
4384,2021/05/07,2580,2610,2500,2520,299.399993896484
4384,2021/05/10,2520,2520,2430,2452.5,215
4384,2021/05/11,2430,2457.5,2380,2422.5,381.800018310547
4384,2021/05/12,2470,2545,2467.5,2525,393.600006103516
4384,2021/05/13,2525,2525,2425,2425,280.600006103516
4384,2021/05/14,2425,2432.5,2370,2420,311.800018310547
4384,2021/05/17,2455,2497.5,2307.5,2315,378
4384,2021/05/18,2310,2355,2262.5,2345,247
4384,2021/05/19,2302.5,2317.5,2280,2300,207
4384,2021/05/20,2327.5,2352.5,2235,2282.5,378.200012207031
4384,2021/05/21,2270,2372.5,2260,2347.5,283.200012207031
4384,2021/05/24,2277.5,2315,2260,2275,154.400009155273
4384,2021/05/25,2272.5,2310,2235,2302.5,163.199996948242
4384,2021/05/26,2280,2335,2277.5,2300,216.600006103516
4384,2021/05/27,2260,2282.5,2240,2242.5,344.399993896484
4384,2021/05/28,2272.5,2327.5,2265,2277.5,224.400009155273
4384,2021/05/31,2330,2380,2325,2352.5,246.400009155273
4384,2021/06/01,2385,2415,2307.5,2370,338
4384,2021/06/02,2370,2430,2355,2395,264.200012207031
4384,2021/06/03,2385,2470,2370,2450,317.200012207031
4384,2021/06/04,2415,2415,2300,2322.5,408.200012207031
4384,2021/06/07,2337.5,2415,2280,2397.5,496
4384,2021/06/08,2397.5,2417.5,2350,2362.5,232.800003051758
4384,2021/06/09,2382.5,2400,2325,2325,219
4384,2021/06/10,2307.5,2420,2280,2402.5,364.600006103516
4384,2021/06/11,2610,2745,2550,2620,1385.59997558594
4384,2021/06/14,2670,2705,2600,2625,535.600036621094
4384,2021/06/15,2625,2650,2575,2605,191
4384,2021/06/16,2585,2585,2465,2495,495.800018310547
4384,2021/06/17,2460,2460,2350,2357.5,635.200012207031
4384,2021/06/18,2445,2470,2357.5,2357.5,607
4384,2021/06/21,2300,2335,2250,2315,412
4384,2021/06/22,2382.5,2410,2337.5,2377.5,392
4384,2021/06/23,2377.5,2467.5,2372.5,2457.5,322.800018310547
4384,2021/06/24,2457.5,2550,2457.5,2540,330.600006103516
4384,2021/06/25,2565,2655,2545,2650,364.600006103516
4384,2021/06/28,2630,2635,2565,2575,230.600006103516
4384,2021/06/29,2550,2615,2500,2595,260
4384,2021/06/30,2675,2730,2620,2715,457.600006103516
4384,2021/07/01,2665,2755,2630,2725,396
4384,2021/07/02,2745,2800,2715,2735,308
4384,2021/07/05,2715,2755,2700,2720,140.400009155273
4384,2021/07/06,2715,2755,2690,2730,118.400001525879
4384,2021/07/07,2715,2805,2700,2770,419
4384,2021/07/08,2775,2825,2760,2805,375.800018310547
4384,2021/07/09,2755,2780,2675,2775,306.200012207031
4384,2021/07/12,2850,2945,2815,2910,434.399993896484
4384,2021/07/13,2905,2950,2800,2840,246.199996948242
4384,2021/07/14,2820,2880,2805,2865,96.5999984741211
4384,2021/07/15,2840,2840,2725,2745,205.600006103516
4384,2021/07/16,2725,2745,2690,2710,164.199996948242
4384,2021/07/19,2635,2710,2635,2690,180.600006103516
4384,2021/07/20,2680,2740,2655,2730,157.800003051758
4384,2021/07/21,2780,2795,2710,2725,131.199996948242
4384,2021/07/26,2800,2815,2760,2780,135.199996948242
4384,2021/07/27,2750,2755,2705,2725,148
4384,2021/07/28,2700,2755,2675,2700,186.400009155273
4384,2021/07/29,2675,2680,2630,2675,150
4384,2021/07/30,2650,2650,2545,2575,191.400009155273
4384,2021/08/02,2580,2645,2565,2605,105.800003051758
4384,2021/08/03,2575,2645,2575,2630,193
4384,2021/08/04,2630,2630,2525,2530,155.400009155273
4384,2021/08/05,2530,2640,2525,2605,166
4384,2021/08/06,2645,2695,2625,2630,179
4384,2021/08/10,2705,2705,2605,2605,166
4384,2021/08/11,2555,2565,2500,2535,238.800003051758
4384,2021/08/12,2585,2675,2575,2585,195
4384,2021/08/13,2555,2625,2555,2615,117.200004577637
4384,2021/08/16,2550,2575,2520,2545,140.800003051758
4384,2021/08/17,2625,2660,2570,2570,218.400009155273
4384,2021/08/18,2625,2675,2590,2670,184.199996948242
4384,2021/08/19,2635,2700,2595,2600,157
4384,2021/08/20,2650,2675,2590,2610,152.400009155273
4384,2021/08/23,2640,2720,2640,2670,189.800003051758
4384,2021/08/24,2730,2760,2720,2740,241
4384,2021/08/25,2690,2715,2625,2640,152.800003051758
4384,2021/08/26,2705,2740,2675,2730,163
4384,2021/08/27,2735,2815,2685,2815,256.200012207031
4384,2021/08/30,2850,2855,2750,2790,318.600006103516
4384,2021/08/31,2840,2915,2835,2905,254.199996948242
4384,2021/09/01,2910,2925,2870,2925,135.199996948242
4384,2021/09/02,2940,3005,2850,2905,285.800018310547
4384,2021/09/03,2855,2895,2800,2860,302.399993896484
4384,2021/09/06,2880,2985,2875,2970,162.800003051758
4384,2021/09/07,3000,3020,2955,2970,171.600006103516
4384,2021/09/08,2975,2985,2905,2975,175
4384,2021/09/09,2925,2995,2915,2975,263.399993896484
4384,2021/09/10,2960,3090,2945,3065,409.800018310547
4384,2021/09/13,3125,3135,2935,3005,678.400024414063
4384,2021/09/14,3135,3205,3080,3120,457.800018310547
4384,2021/09/15,3150,3360,3150,3320,591.799987792969
4384,2021/09/16,3370,3390,3240,3315,338.200012207031
4384,2021/09/17,3345,3440,3290,3410,294.600006103516
4384,2021/09/21,3285,3320,3215,3240,425.200012207031
4384,2021/09/22,3280,3365,3200,3200,329
4384,2021/09/24,3240,3250,3125,3225,389.600006103516
4384,2021/09/27,3215,3235,3135,3145,196.199996948242
4384,2021/09/28,3105,3105,2975,3015,299.200012207031
4384,2021/09/29,2930,2965,2885,2960,309
4384,2021/09/30,2960,2980,2905,2940,328.399993896484
4384,2021/10/01,2890,2930,2855,2860,275.600006103516
4384,2021/10/04,2860,2860,2750,2760,264.399993896484
4384,2021/10/05,2650,2650,2550,2575,642.600036621094
4384,2021/10/06,2725,2775,2645,2655,493.200012207031
4384,2021/10/07,2715,2785,2705,2760,483.800018310547
4384,2021/10/08,2785,2895,2785,2825,292.800018310547
4384,2021/10/11,2795,2865,2725,2865,143.199996948242
4384,2021/10/12,2855,2875,2800,2825,191.600006103516
4384,2021/10/13,2810,2855,2775,2780,96.5999984741211
4384,2021/10/14,2795,2840,2760,2790,144.800003051758
4384,2021/10/15,2865,2905,2810,2895,133.600006103516
4384,2021/10/18,2925,2985,2910,2980,232.600006103516
4384,2021/10/19,2975,3055,2970,3030,224.199996948242
4384,2021/10/20,3090,3135,3080,3100,253.400009155273
4384,2021/10/21,3075,3105,3000,3000,172.400009155273
4384,2021/10/22,3010,3050,2960,2985,165.400009155273
4384,2021/10/25,2955,3020,2955,3020,74.4000015258789
4384,2021/10/26,3065,3095,3045,3095,156.600006103516
4384,2021/10/27,3110,3120,3020,3090,159.800003051758
4384,2021/10/28,3065,3110,3035,3060,212.600006103516
4384,2021/10/29,3055,3135,3030,3135,254.600006103516
4384,2021/11/01,3225,3275,3185,3275,291
4384,2021/11/02,3225,3320,3190,3190,209
4384,2021/11/04,3180,3215,3125,3200,182.600006103516
4384,2021/11/05,3245,3335,3245,3300,213
4384,2021/11/08,3495,3535,3380,3430,353.600006103516
4384,2021/11/09,3430,3440,3345,3375,136.600006103516
4384,2021/11/10,3375,3445,3375,3415,133
4384,2021/11/11,3435,3460,3360,3445,121.800003051758
4384,2021/11/12,3450,3520,3450,3520,129
4384,2021/11/15,3535,3630,3530,3615,202.199996948242
4384,2021/11/16,3615,3620,3530,3580,149.800003051758
4384,2021/11/17,3620,3645,3585,3595,171.199996948242
4384,2021/11/18,3620,3655,3605,3630,149.199996948242
4384,2021/11/19,3630,3640,3495,3520,187.800003051758
4384,2021/11/22,3465,3480,3395,3455,216.800003051758
4384,2021/11/24,3505,3510,3425,3460,136.800003051758
4384,2021/11/25,3510,3620,3510,3570,158
4384,2021/11/26,3590,3595,3420,3430,162.199996948242
4384,2021/11/29,3355,3460,3325,3360,246.199996948242
4384,2021/11/30,3310,3355,3115,3130,470.399993896484
4384,2021/12/01,3115,3130,3030,3085,257.200012207031
4384,2021/12/02,3035,3080,3000,3020,241.199996948242
4384,2021/12/03,3020,3080,3010,3060,241.199996948242
4384,2021/12/06,3030,3055,2875,2930,371.800018310547
4384,2021/12/07,2980,3015,2955,2995,292.600006103516
4384,2021/12/08,3075,3190,3075,3150,408
4384,2021/12/09,3140,3190,2985,3000,468.600006103516
4384,2021/12/10,2735,2800,2645,2715,994.600036621094
4384,2021/12/13,2700,2815,2675,2775,592
4384,2021/12/14,2760,2770,2670,2670,351.200012207031
4384,2021/12/15,2610,2625,2525,2570,692.799987792969
4384,2021/12/16,2670,2730,2605,2640,365.600006103516
4384,2021/12/17,2590,2635,2550,2575,336.600006103516
4384,2021/12/20,2580,2605,2477.5,2492.5,326.200012207031
4384,2021/12/21,2560,2585,2475,2515,267.200012207031
4384,2021/12/22,2580,2615,2515,2565,277
4384,2021/12/23,2665,2695,2620,2645,306.800018310547
4384,2021/12/24,2650,2675,2620,2630,142.199996948242
4384,2021/12/27,2655,2745,2640,2740,268.800018310547
4384,2021/12/28,2775,2800,2710,2745,250.400009155273
4384,2021/12/29,2895,2950,2835,2860,413.200012207031
4384,2021/12/30,2810,2860,2755,2840,336.800018310547
4384,2022/01/04,2875,2885,2755,2800,213.199996948242
4384,2022/01/05,2700,2735,2525,2550,621.799987792969
4384,2022/01/06,2472.5,2497.5,2325,2372.5,740.799987792969
4384,2022/01/07,2440,2440,2282.5,2335,402.600006103516
4384,2022/01/11,2292.5,2377.5,2255,2375,413.800018310547
4384,2022/01/12,2425,2520,2397.5,2430,340
4384,2022/01/13,2442.5,2465,2282.5,2295,683.799987792969
4384,2022/01/14,2225,2275,2197.5,2250,528.400024414063
4384,2022/01/17,2247.5,2287.5,2217.5,2237.5,267.399993896484
4384,2022/01/18,2272.5,2300,2197.5,2275,329.800018310547
4384,2022/01/19,2182.5,2205,2085,2097.5,393.200012207031
4384,2022/01/20,2065,2147.5,2057.5,2132.5,326
4384,2022/01/21,2062.5,2082.5,2007.5,2070,386.800018310547
4384,2022/01/24,1905,2005,1867.5,1990,672
4384,2022/01/25,2025,2042.5,1855,1875,667.799987792969
4384,2022/01/26,1882.5,1915,1830,1892.5,594.600036621094
4384,2022/01/27,1927.5,1927.5,1702.5,1760,1095
4384,2022/01/28,1830,1845,1712.5,1782.5,575.600036621094
4384,2022/01/31,1812.5,1872.5,1787.5,1837.5,538.799987792969
4384,2022/02/01,1900,1940,1837.5,1860,680.799987792969
4384,2022/02/02,1922.5,2027.5,1912.5,2012.5,1021.20001220703
4384,2022/02/03,1985,2025,1880,1947.5,815.400024414063
4384,2022/02/04,1932.5,1972.5,1890,1960,569.600036621094
4384,2022/02/07,1937.5,1942.5,1770,1820,790.799987792969
4384,2022/02/08,1770,1827.5,1752.5,1762.5,712.799987792969
4384,2022/02/09,1765,1852.5,1765,1845,607.400024414063
4384,2022/02/10,1950,1962.5,1900,1930,657.200012207031
4384,2022/02/14,1875,1890,1770,1837.5,908.200012207031
4384,2022/02/15,1787.5,1807.5,1740,1767.5,668
4384,2022/02/16,1805,1827.5,1685,1700,906.799987792969
4384,2022/02/17,1685,1690,1570,1592.5,1439.20007324219
4384,2022/02/18,1530,1590,1525,1565,1003.40002441406
4384,2022/02/21,1507.5,1542.5,1479.5,1530,585.400024414063
4384,2022/02/22,1497.5,1532.5,1464.5,1487.5,513.200012207031
4384,2022/02/24,1437.5,1459,1405,1437,1314.40002441406
4384,2022/02/25,1512.5,1527.5,1452.5,1510,953.799987792969
4384,2022/02/28,1527.5,1577.5,1477,1550,724.600036621094
4384,2022/03/01,1562.5,1677.5,1540,1665,976.600036621094
4384,2022/03/02,1650,1720,1615,1645,697
4384,2022/03/03,1680,1697.5,1605,1642.5,587.400024414063
4384,2022/03/04,1607.5,1625,1507.5,1565,672.600036621094
4384,2022/03/07,1502.5,1515,1446,1482.5,555
4384,2022/03/08,1450,1525,1426,1440.5,968.400024414063
4384,2022/03/09,1465.5,1466,1371,1401.5,767.799987792969
4384,2022/03/10,1475,1483,1417,1433.5,773.400024414063
4384,2022/03/11,1378.5,1388.5,1313,1352.5,1589.40002441406
4384,2022/03/14,1262.5,1352.5,1217.5,1234.5,2545.60009765625
4384,2022/03/15,1209.5,1254,1169,1235.5,1660.40002441406
4384,2022/03/16,1260.5,1290,1236.5,1269.5,785.799987792969
4384,2022/03/17,1326.5,1382.5,1309.5,1369,1221.59997558594
4384,2022/03/18,1351,1440,1351,1439,899
4384,2022/03/22,1432.5,1439.5,1353,1365.5,755.400024414063
4384,2022/03/23,1393.5,1452.5,1384.5,1403.5,722.200012207031
4384,2022/03/24,1403,1437,1379,1437,594.799987792969
4384,2022/03/25,1454,1468,1372,1421,575.400024414063
4384,2022/03/28,1396,1402,1292,1323.5,896
4384,2022/03/29,1339,1418.5,1336.5,1382.5,1342.20007324219
4384,2022/03/30,1449.5,1510,1439.5,1510,1184.20007324219
4384,2022/03/31,1477.5,1535,1464.5,1512.5,933
4384,2022/04/01,1496.5,1565,1485,1540,818.600036621094
4384,2022/04/04,1562.5,1645,1520,1642.5,1087.59997558594
4384,2022/04/05,1782.5,1792.5,1705,1767.5,1827.59997558594
4384,2022/04/06,1717.5,1722.5,1647.5,1682.5,1209.80004882813
4384,2022/04/07,1582.5,1630,1545,1595,896.600036621094
4384,2022/04/08,1620,1675,1580,1597.5,641.400024414063
4384,2022/04/11,1575,1575,1477,1515,752.200012207031
4384,2022/04/12,1462,1496.5,1434,1437.5,874.400024414063
4384,2022/04/13,1419,1542.5,1395.5,1530,916.799987792969
4384,2022/04/14,1555,1575,1507.5,1557.5,526
4384,2022/04/15,1502.5,1522.5,1492.5,1507.5,385.600006103516
4384,2022/04/18,1497.5,1497.5,1426,1476.5,539.600036621094
4384,2022/04/19,1500,1520,1465,1496,424.399993896484
4384,2022/04/20,1522.5,1522.5,1424,1435,604
4384,2022/04/21,1424,1442,1373.5,1398.5,813.799987792969
4384,2022/04/22,1363.5,1367,1309.5,1331,629.400024414063
4384,2022/04/25,1297,1363,1289.5,1324.5,777.799987792969
4384,2022/04/26,1351.5,1412,1342,1406,754
4384,2022/04/27,1356,1386,1322,1374,1155.59997558594
4384,2022/04/28,1349,1370,1327,1366.5,572.799987792969
4384,2022/05/02,1331.5,1335,1294,1302.5,663.400024414063
4384,2022/05/06,1252.5,1265,1229.5,1243,713.600036621094
4384,2022/05/09,1229,1249,1166,1167,716.799987792969
4384,2022/05/10,1155.5,1179.5,1101,1160,967.200012207031
4384,2022/05/11,1159,1189.5,1120.5,1173,541.200012207031
4384,2022/05/12,1126.5,1127,1058,1065,1151
4384,2022/05/13,1080,1124,1065.5,1101.5,1087.59997558594
4384,2022/05/16,1145,1158.5,1111.5,1138.5,629
4384,2022/05/17,1121,1127,1083.5,1105,561.799987792969
4384,2022/05/18,1130,1150,1082,1092.5,813
4384,2022/05/19,1034.5,1047.5,1023,1037.5,737.600036621094
4384,2022/05/20,1061.5,1065,1020,1057.5,667.200012207031
4384,2022/05/23,1075,1113.5,1057.5,1112.5,755.200012207031
4384,2022/05/24,1097.5,1127,1071,1073.5,552.799987792969
4384,2022/05/25,1052.5,1066,1016.5,1017.5,556.200012207031
4384,2022/05/26,1017,1061,1011.5,1013,839.799987792969
4384,2022/05/27,1030.5,1035,979.5,1002.5,819.200012207031
4384,2022/05/30,1018,1077.5,999.5,1069.5,2648.80004882813
4384,2022/05/31,1070,1074,1027,1070,920.200012207031
4384,2022/06/01,1064.5,1101,1058.5,1078.5,885.600036621094
4384,2022/06/02,1051.5,1066,988,991,1871.80004882813
4384,2022/06/03,1013.5,1057.5,1007.5,1052,1757
4384,2022/06/06,1030,1078,1027,1070.5,775.400024414063
4384,2022/06/07,1074.5,1101,1052,1053.5,930.799987792969
4384,2022/06/08,1063.5,1123,1057.5,1115.5,898.200012207031
4384,2022/06/09,1111.5,1164,1094.5,1153.5,1000.40002441406
4384,2022/06/10,1122.5,1128.5,1094,1112.5,1117.40002441406
4384,2022/06/13,927.5,928,862.5,862.5,4151.2001953125
4384,2022/06/14,782.5,826,753,799.5,5359
4384,2022/06/15,790,795,767,773.5,2109.60009765625
4384,2022/06/16,789.5,806,741.5,741.5,2308.60009765625
4384,2022/06/17,726.5,735,711,724.5,2164.40014648438
4384,2022/06/20,727.5,748.5,720,746,1554.40002441406
4384,2022/06/21,746.5,784.5,738,773,1553.59997558594
4384,2022/06/22,789.5,829.5,777,810,2535
4384,2022/06/23,826,863.5,814.5,826,2108
4384,2022/06/24,833,912,833,883,2419
4384,2022/06/27,905,929,896.5,924,2024
4384,2022/06/28,910.5,939.5,892.5,936,1404
4384,2022/06/29,909.5,932.5,877,926.5,2099.60009765625
4384,2022/06/30,946.5,959.5,921,931.5,1057.20007324219
4384,2022/07/01,920,957,880.5,900.5,1524
4384,2022/07/04,933.5,954.5,911,933.5,1097.80004882813
4384,2022/07/05,944,974.5,934,949,1052.40002441406
4384,2022/07/06,962.5,985.5,948.5,974,1365.40002441406
4384,2022/07/07,970.5,989,947.5,969,1122.40002441406
4384,2022/07/08,983.5,988.5,948,978,932.400024414063
4384,2022/07/11,995,1021,963,965.5,1072.80004882813
4384,2022/07/12,945.5,948,900.5,916,1363
4384,2022/07/13,906.5,928,902.5,924,710.600036621094
4384,2022/07/14,925,935,905,930.5,602.400024414063
4384,2022/07/15,940,947.5,903,924.5,734
4384,2022/07/19,909,914.5,885.5,902,736.600036621094
4384,2022/07/20,926,940,914.5,939,624
4384,2022/07/21,970.5,1014.5,968.5,1011.5,1579.20007324219
4384,2022/07/22,1017.5,1051.5,996,1049.5,1504.20007324219
4384,2022/07/25,1034,1079.5,1005.5,1063.5,1511.20007324219
4384,2022/07/26,1047,1070.5,1010.5,1060,1457.40002441406
4384,2022/07/27,1059,1072.5,1015.5,1020.5,1180.59997558594
4384,2022/07/28,1050,1085,1032.5,1044.5,1230.80004882813
4384,2022/07/29,1060,1113,1053.5,1092,1935.59997558594
4384,2022/08/01,1082,1123,1071.5,1118,1122
4384,2022/08/02,1120,1121.5,1086.5,1104,750.200012207031
4384,2022/08/03,1120,1210,1114.5,1205,2111.60009765625
4384,2022/08/04,1206,1225,1163,1175.5,2247.60009765625
4384,2022/08/05,1191,1248.5,1175.5,1223,2144.40014648438
4384,2022/08/08,1200.5,1209.5,1140.5,1194,1646
4384,2022/08/09,1175,1228,1154,1221.5,1012.60003662109
4384,2022/08/10,1196.5,1210.5,1166,1178,958
4384,2022/08/12,1183.5,1222,1163.5,1195.5,986.400024414063
4384,2022/08/15,1195.5,1212.5,1151.5,1175.5,911.799987792969
4384,2022/08/16,1183,1235,1182,1218,708.400024414063
4384,2022/08/17,1212.5,1223.5,1193.5,1213,547.200012207031
4384,2022/08/18,1186,1186,1138.5,1165,1182.40002441406
4384,2022/08/19,1167,1179,1135.5,1137,858.400024414063
4384,2022/08/22,1100,1115.5,1075,1103.5,880.600036621094
4384,2022/08/23,1086.5,1108.5,1070,1107.5,561.600036621094
4384,2022/08/24,1107.5,1115,1085,1085,718.799987792969
4384,2022/08/25,1098.5,1119.5,1086.5,1109,373.600006103516
4384,2022/08/26,1120,1130.5,1087.5,1094.5,414.399993896484
4384,2022/08/29,1033,1057.5,1023.5,1041,762
4384,2022/08/30,1055,1068,1042.5,1062,476.200012207031
4384,2022/08/31,1052,1079.5,1051,1079.5,486.399993896484
4384,2022/09/01,1054.5,1062.5,1020.5,1020.5,830
4384,2022/09/02,1025,1037.5,984.5,1018.5,905
4384,2022/09/05,998.5,1059.5,998,1054.5,551.200012207031
4384,2022/09/06,1056.5,1099,1050.5,1067,540.600036621094
4384,2022/09/07,1061,1068,1024,1050,668.600036621094
4384,2022/09/08,1082,1105,1076.5,1105,705
4384,2022/09/09,1107.5,1167.5,1107.5,1159.5,1201.59997558594
4384,2022/09/12,1197.5,1199,1145.5,1187.5,1056
4384,2022/09/13,1200,1263.5,1194.5,1262,1744.40002441406
4384,2022/09/14,1162,1168,1134.5,1144,2466.19995117188
4384,2022/09/15,1300,1394,1240,1394,5871.80029296875
4384,2022/09/16,1469,1492,1344,1431,9606.6005859375
4384,2022/09/20,1452,1460,1361,1374,2046.40002441406
4384,2022/09/21,1345.5,1362.5,1307.5,1355,1643.59997558594
4384,2022/09/22,1321,1360.5,1279,1350.5,1485
4384,2022/09/26,1300.5,1309,1242.5,1287.5,1608
4384,2022/09/27,1285,1298.5,1247.5,1250,1070.40002441406
4384,2022/09/28,1252.5,1269.5,1198.5,1225.5,989.799987792969
4384,2022/09/29,1275.5,1320.5,1236,1245,1309.59997558594
4384,2022/09/30,1220,1247.5,1212.5,1242,938
4384,2022/10/03,1228.5,1262.5,1181.5,1258,1053.20007324219
4384,2022/10/04,1287.5,1354.5,1278,1352,1365
4384,2022/10/05,1377,1380.5,1323,1338.5,920.200012207031
4384,2022/10/06,1337,1405,1324.5,1400,1073.20007324219
4384,2022/10/07,1375,1403,1361,1396,886.600036621094
4384,2022/10/11,1357.5,1415.5,1355,1385.5,924
4384,2022/10/12,1361,1431,1350.5,1420.5,1136.40002441406
4384,2022/10/13,1414,1420,1312.5,1324.5,1442.20007324219
4384,2022/10/14,1344.5,1377,1316.5,1371,1200.20007324219
4384,2022/10/17,1342.5,1348,1295.5,1295.5,937.600036621094
4384,2022/10/18,1345.5,1415,1340.5,1381.5,1736
4384,2022/10/19,1395.5,1419,1381.5,1383,878.600036621094
4384,2022/10/20,1362.5,1386.5,1353,1372.5,804.799987792969
4384,2022/10/21,1350,1440,1337.5,1422,1022.40002441406
4384,2022/10/24,1430.5,1440,1366.5,1406.5,1113.40002441406
4384,2022/10/25,1418.5,1419.5,1379,1390,710.200012207031
4384,2022/10/26,1430,1497,1422.5,1456.5,1461.40002441406
4384,2022/10/27,1435.5,1446.5,1415.5,1429,709.799987792969
4384,2022/10/28,1410,1453.5,1407.5,1433,1128.80004882813
4384,2022/10/31,1458,1483,1445.5,1469,986.200012207031
4384,2022/11/01,1450,1480,1440,1479.5,504.600006103516
4384,2022/11/02,1465,1488.5,1452,1463.5,503.800018310547
4384,2022/11/04,1430.5,1447.5,1403.5,1442,731.799987792969
4384,2022/11/07,1443,1459.5,1422.5,1433,411
4384,2022/11/08,1446.5,1469.5,1426,1455,447.600006103516
4384,2022/11/09,1474.5,1477,1389.5,1392,1050.20007324219
4384,2022/11/10,1406.5,1430,1397,1402.5,575
4384,2022/11/11,1474.5,1552.5,1473,1547.5,1827.40002441406
4384,2022/11/14,1575,1657.5,1557.5,1560,1306.40002441406
4384,2022/11/15,1525,1555,1485.5,1547.5,1072.80004882813
4384,2022/11/16,1540,1572.5,1507.5,1557.5,621.600036621094
4384,2022/11/17,1537.5,1590,1535,1565,429.600006103516
4384,2022/11/18,1565,1572.5,1495,1495,627.600036621094
4384,2022/11/21,1494,1532.5,1455.5,1522.5,728.600036621094
4384,2022/11/22,1500,1537.5,1491.5,1535,488.800018310547
4384,2022/11/24,1562.5,1615,1545,1615,805.200012207031
4384,2022/11/25,1640,1650,1547.5,1577.5,703.600036621094
4384,2022/11/28,1582.5,1600,1555,1580,251
4384,2022/11/29,1552.5,1572.5,1537.5,1560,274.399993896484
4384,2022/11/30,1535,1545,1512.5,1532.5,466.800018310547
4384,2022/12/01,1602.5,1620,1532.5,1535,603
4384,2022/12/02,1545,1560,1517.5,1527.5,387.399993896484
4384,2022/12/05,1530,1535,1502.5,1505,263
4384,2022/12/06,1471,1492.5,1438,1479.5,721.799987792969
4384,2022/12/07,1454.5,1488.5,1435,1471,390.800018310547
4384,2022/12/08,1484,1525,1475,1488,574.400024414063
4384,2022/12/09,1490.5,1552.5,1488.5,1545,479.200012207031
4384,2022/12/12,1505,1555,1485,1527.5,967.400024414063
4384,2022/12/13,1732.5,1877.5,1672.5,1877.5,7674.60009765625
4384,2022/12/14,1925,1967.5,1832.5,1860,6432.60009765625
4384,2022/12/15,1870,1875,1775,1837.5,2262.60009765625
4384,2022/12/16,1785,1785,1735,1760,1554.59997558594
4384,2022/12/19,1727.5,1755,1690,1732.5,1085.80004882813
4384,2022/12/20,1712.5,1765,1625,1650,1264
4384,2022/12/21,1652.5,1675,1567.5,1625,1146.20007324219
4384,2022/12/22,1625,1630,1547.5,1557.5,829.600036621094
4384,2022/12/23,1535,1540,1497.5,1505,660.400024414063
4384,2022/12/26,1495.5,1555,1493.5,1542.5,589.400024414063
4384,2022/12/27,1545,1592.5,1545,1585,613
4384,2022/12/28,1557.5,1560,1505,1535,904.400024414063
4384,2022/12/29,1530,1592.5,1520,1590,713.600036621094
4384,2022/12/30,1602.5,1680,1602.5,1660,944.799987792969
4384,2023/01/04,1650,1692.5,1585,1595,773.200012207031
4384,2023/01/05,1597.5,1617.5,1527.5,1530,680
4384,2023/01/06,1525,1557.5,1525,1540,389.399993896484
4384,2023/01/10,1565,1612.5,1562.5,1585,667
4384,2023/01/11,1650,1757.5,1615,1675,1729.20007324219
4384,2023/01/12,1670,1685,1597.5,1620,747.400024414063
4384,2023/01/13,1607.5,1632.5,1567.5,1577.5,555.400024414063
4384,2023/01/16,1555,1587.5,1550,1562.5,474.800018310547
4384,2023/01/17,1562.5,1590,1532.5,1540,399.200012207031
4384,2023/01/18,1562.5,1590,1522.5,1577.5,523.200012207031
4384,2023/01/19,1570,1570,1525,1542.5,412.200012207031
4384,2023/01/20,1520,1527.5,1463.5,1496,1148.40002441406
4384,2023/01/23,1515,1520,1475,1480.5,858.799987792969
4384,2023/01/24,1493,1493,1414,1427,1223.20007324219
4384,2023/01/25,1403,1460,1386,1455,961.600036621094
4384,2023/01/26,1450.5,1469.5,1437,1449.5,518.400024414063
4384,2023/01/27,1441,1450.5,1386.5,1393,856.200012207031
4384,2023/01/30,1400,1416,1354,1371,651.700012207031
4384,2023/01/31,1352,1387,1341,1387,449.100006103516
4384,2023/02/01,1394,1480,1394,1466,861.700012207031
4384,2023/02/02,1471,1541,1470,1500,940.900024414063
4384,2023/02/03,1486,1516,1440,1496,806.700012207031
4384,2023/02/06,1485,1498,1462,1492,438.300018310547
4384,2023/02/07,1510,1562,1510,1553,525.400024414063
4384,2023/02/08,1551,1592,1526,1591,504.899993896484
4384,2023/02/09,1575,1605,1555,1568,348.399993896484
4384,2023/02/10,1528,1590,1500,1515,476.800018310547
4384,2023/02/13,1475,1502,1435,1461,607.600036621094
4384,2023/02/14,1501,1521,1454,1466,407.399993896484
4384,2023/02/15,1478,1492,1415,1424,507.700012207031
4384,2023/02/16,1418,1425,1389,1400,783.5
4384,2023/02/17,1388,1396,1369,1373,672.700012207031
4384,2023/02/20,1378,1379,1325,1354,599.799987792969
4384,2023/02/21,1370,1390,1352,1354,423.5
4384,2023/02/22,1308,1343,1294,1326,405.600006103516
4384,2023/02/24,1323,1378,1315,1342,477.200012207031
4384,2023/02/27,1319,1361,1311,1359,391.700012207031
4384,2023/02/28,1368,1397,1346,1362,604.700012207031
4384,2023/03/01,1400,1442,1390,1435,1304.70007324219
4384,2023/03/02,1419,1487,1380,1483,985.600036621094
4384,2023/03/03,1495,1570,1492,1546,1178.59997558594
4384,2023/03/06,1557,1615,1545,1583,1262.70007324219
4384,2023/03/07,1556,1632,1536,1614,923
4384,2023/03/08,1596,1657,1585,1652,871
4384,2023/03/09,1668,1695,1643,1679,1225
4384,2023/03/10,1653,1679,1635,1666,956.900024414063
4384,2023/03/13,1769,1785,1617,1707,4575.30029296875
4384,2023/03/14,1667,1696,1586,1590,1967.70007324219
4384,2023/03/15,1630,1679,1566,1577,1444.09997558594
4384,2023/03/16,1535,1542,1460,1509,1606.59997558594
4384,2023/03/17,1528,1601,1487,1581,1316.59997558594
4384,2023/03/20,1621,1630,1491,1492,957.400024414063
4384,2023/03/22,1537,1573,1505,1510,978.200012207031
4384,2023/03/23,1487,1493,1432,1474,814.200012207031
4384,2023/03/24,1475,1500,1429,1472,813.700012207031
4384,2023/03/27,1472,1473,1419,1422,823.400024414063
4384,2023/03/28,1426,1426,1325,1328,1328.90002441406
4384,2023/03/29,1348,1381,1339,1381,1157.59997558594
4384,2023/03/30,1399,1434,1378,1400,982.5
4384,2023/03/31,1420,1422,1351,1376,861.100036621094
4384,2023/04/03,1406,1443,1387,1430,1044
4384,2023/04/04,1444,1449,1375,1404,808.400024414063
4384,2023/04/05,1381,1385,1360,1363,542.700012207031
4384,2023/04/06,1334,1349,1305,1309,807.100036621094
4384,2023/04/07,1306,1313,1277,1290,870.400024414063
4384,2023/04/10,1303,1317,1258,1290,810.600036621094
4384,2023/04/11,1300,1315,1283,1290,640.200012207031
4384,2023/04/12,1309,1315,1271,1285,702.400024414063
4384,2023/04/13,1263,1338,1252,1331,1127.20007324219
4384,2023/04/14,1344,1388,1331,1383,1136.70007324219
4384,2023/04/17,1354,1382,1345,1382,741.400024414063
4384,2023/04/18,1376,1381,1354,1354,543.700012207031
4384,2023/04/19,1330,1361,1314,1339,557.100036621094
4384,2023/04/20,1323,1354,1319,1346,440.200012207031
4384,2023/04/21,1350,1374,1316,1330,653.700012207031
4384,2023/04/24,1344,1373,1326,1335,421.700012207031
4384,2023/04/25,1332,1356,1325,1351,534.100036621094
4384,2023/04/26,1333,1333,1306,1311,655.600036621094
4384,2023/04/27,1308,1332,1308,1329,1141.40002441406
4384,2023/04/28,1350,1377,1335,1377,635.200012207031
4384,2023/05/01,1388,1441,1368,1438,1292
4384,2023/05/02,1428,1430,1358,1409,920.700012207031
4384,2023/05/08,1417,1448,1413,1442,559.600036621094
4384,2023/05/09,1435,1438,1386,1386,590.799987792969
4384,2023/05/10,1385,1396,1345,1345,672.900024414063
4384,2023/05/11,1337,1358,1319,1321,581.400024414063
4384,2023/05/12,1319,1327,1304,1325,483.899993896484
4384,2023/05/15,1329,1352,1318,1347,343
4384,2023/05/16,1362,1370,1330,1357,410.100006103516
4384,2023/05/17,1356,1375,1345,1357,451.899993896484
4384,2023/05/18,1428,1461,1381,1383,1765.80004882813
4384,2023/05/19,1400,1429,1378,1382,752.700012207031
4384,2023/05/22,1390,1394,1363,1388,488.800018310547
4384,2023/05/23,1396,1407,1350,1350,842.799987792969
4384,2023/05/24,1335,1357,1319,1321,717.400024414063
4384,2023/05/25,1311,1316,1291,1295,911.900024414063
4384,2023/05/26,1285,1330,1269,1317,929.299987792969
4384,2023/05/29,1340,1340,1281,1285,765.400024414063
4384,2023/05/30,1292,1322,1256,1317,919.100036621094
4384,2023/05/31,1300,1311,1275,1287,840.299987792969
4384,2023/06/01,1268,1285,1241,1256,1047.5
4384,2023/06/02,1263,1317,1257,1306,719.799987792969
4384,2023/06/05,1334,1364,1305,1361,1170.70007324219
4384,2023/06/06,1361,1413,1340,1368,1175
4384,2023/06/07,1402,1439,1374,1378,1271.40002441406
4384,2023/06/08,1348,1370,1318,1335,1545.40002441406
4384,2023/06/09,1350,1358,1324,1337,1333
4384,2023/06/12,1367,1367,1276,1358,3761.90014648438
4384,2023/06/13,1367,1438,1293,1300,2292.80004882813
4384,2023/06/14,1292,1325,1273,1292,1905
4384,2023/06/15,1289,1300,1251,1260,1506.40002441406
4384,2023/06/16,1266,1328,1265,1306,1677.80004882813
4384,2023/06/19,1314,1433,1306,1404,2716.60009765625
4384,2023/06/20,1400,1437,1359,1414,1465.80004882813
4384,2023/06/21,1427,1478,1415,1436,1460.70007324219
4384,2023/06/22,1413,1436,1386,1421,932.200012207031
4384,2023/06/23,1450,1468,1380,1398,1258.59997558594
4384,2023/06/26,1370,1381,1347,1363,873.100036621094
4384,2023/06/27,1341,1365,1321,1359,837.299987792969
4384,2023/06/28,1375,1381,1348,1380,494.100006103516
4384,2023/06/29,1394,1401,1338,1344,648.900024414063
4384,2023/06/30,1330,1347,1309,1343,1117.09997558594
4384,2023/07/03,1345,1351,1313,1351,777.799987792969
4384,2023/07/04,1344,1410,1342,1396,834.600036621094
4384,2023/07/05,1402,1415,1381,1410,811.100036621094
4384,2023/07/06,1401,1425,1370,1408,1045
4384,2023/07/07,1387,1466,1380,1456,1430.09997558594
4384,2023/07/10,1454,1497,1441,1492,1408.80004882813
4384,2023/07/11,1498,1575,1488,1547,2212.90014648438
4384,2023/07/12,1551,1568,1490,1505,1452
4384,2023/07/13,1490,1576,1482,1546,1281.70007324219
4384,2023/07/14,1561,1565,1482,1486,1014
4384,2023/07/18,1486,1490,1450,1461,766.799987792969
4384,2023/07/19,1480,1500,1465,1493,544.5
4384,2023/07/20,1482,1482,1440,1470,556.600036621094
4384,2023/07/21,1469,1491,1456,1457,471.700012207031
4384,2023/07/24,1469,1523,1464,1515,636.5
4384,2023/07/25,1518,1518,1435,1447,1056.5
4384,2023/07/26,1448,1456,1395,1404,806.200012207031
4384,2023/07/27,1397,1414,1388,1410,692.200012207031
4384,2023/07/28,1388,1447,1382,1447,624.400024414063
4384,2023/07/31,1466,1478,1398,1403,1222.5
4384,2023/08/01,1412,1419,1384,1398,796.900024414063
4384,2023/08/02,1385,1390,1354,1384,762.700012207031
4384,2023/08/03,1372,1394,1363,1374,458.399993896484
4384,2023/08/04,1366,1391,1361,1372,472.5
4384,2023/08/07,1365,1403,1355,1403,401.300018310547
4384,2023/08/08,1395,1397,1360,1360,529.299987792969
4384,2023/08/09,1360,1384,1353,1361,287.700012207031
4384,2023/08/10,1349,1367,1337,1366,317.399993896484
4384,2023/08/14,1370,1388,1344,1348,428.100006103516
4384,2023/08/15,1365,1366,1320,1351,497.399993896484
4384,2023/08/16,1349,1352,1305,1310,720.100036621094
4384,2023/08/17,1299,1336,1296,1321,516.700012207031
4384,2023/08/18,1300,1324,1289,1324,676.5
4384,2023/08/21,1319,1341,1306,1333,447.100006103516
4384,2023/08/22,1337,1338,1302,1306,412.399993896484
4384,2023/08/23,1306,1360,1306,1358,381.899993896484
4384,2023/08/24,1358,1386,1350,1368,559.5
4384,2023/08/25,1353,1385,1341,1375,386.800018310547
4384,2023/08/28,1389,1393,1349,1362,292.800018310547
4384,2023/08/29,1373,1426,1370,1419,847
4384,2023/08/30,1430,1431,1388,1400,453.600006103516
4384,2023/08/31,1424,1425,1391,1408,398.600006103516
4384,2023/09/01,1410,1425,1398,1419,368.700012207031
4384,2023/09/04,1425,1436,1406,1410,398.399993896484
4384,2023/09/05,1420,1461,1418,1435,799.600036621094
4384,2023/09/06,1430,1440,1413,1420,376
4384,2023/09/07,1421,1428,1393,1418,467.5
4384,2023/09/08,1485,1587,1482,1521,4284.89990234375
4384,2023/09/11,1504,1544,1481,1531,1238.20007324219
4384,2023/09/12,1525,1552,1501,1533,1353.59997558594
4384,2023/09/13,1379,1475,1366,1395,2586.90014648438
4384,2023/09/14,1395,1445,1322,1347,1868.90002441406
4384,2023/09/15,1331,1392,1327,1386,926.299987792969
4384,2023/09/19,1386,1414,1381,1398,671.799987792969
4384,2023/09/20,1381,1470,1376,1456,1129.30004882813
4384,2023/09/21,1442,1464,1412,1442,702.100036621094
4384,2023/09/22,1402,1429,1352,1409,1231.40002441406
4384,2023/09/25,1391,1417,1372,1407,512.799987792969
4384,2023/09/26,1360,1364,1314,1322,1758.30004882813
4384,2023/09/27,1304,1337,1297,1327,816.100036621094
4384,2023/09/28,1321,1335,1303,1322,630.799987792969
4384,2023/09/29,1336,1359,1318,1331,859.299987792969
4384,2023/10/02,1350,1377,1311,1311,810.5
4384,2023/10/03,1298,1314,1228,1235,954.299987792969
4384,2023/10/04,1194,1197,1146,1150,1066.59997558594
4384,2023/10/05,1149,1218,1146,1196,1139.09997558594
4384,2023/10/06,1211,1213,1172,1199,511.300018310547
4384,2023/10/10,1229,1266,1220,1231,775.900024414063
4384,2023/10/11,1238,1265,1185,1186,816.100036621094
4384,2023/10/12,1179,1218,1167,1218,552.299987792969
4384,2023/10/13,1189,1203,1166,1182,550.799987792969
4384,2023/10/16,1153,1156,1115,1125,736.200012207031
4384,2023/10/17,1163,1185,1154,1177,627.100036621094
4384,2023/10/18,1175,1193,1151,1171,544.200012207031
4384,2023/10/19,1138,1165,1133,1156,384.300018310547
4384,2023/10/20,1176,1184,1135,1138,1299.59997558594
4384,2023/10/23,1115,1126,1089,1098,960.600036621094
4384,2023/10/24,1128,1142,1070,1138,794.400024414063
4384,2023/10/25,1154,1174,1135,1160,624.299987792969
4384,2023/10/26,1140,1180,1138,1178,475.600006103516
4384,2023/10/27,1178,1231,1161,1229,668.200012207031
4384,2023/10/30,1212,1258,1212,1229,699.100036621094
4384,2023/10/31,1213,1257,1208,1256,529.700012207031
4384,2023/11/01,1278,1278,1227,1229,664.299987792969
4384,2023/11/02,1242,1294,1226,1289,648.700012207031
4384,2023/11/06,1330,1385,1322,1381,1250.59997558594
4384,2023/11/07,1351,1408,1351,1393,705.600036621094
4384,2023/11/08,1399,1426,1392,1414,701.799987792969
4384,2023/11/09,1408,1427,1374,1415,668.700012207031
4384,2023/11/10,1383,1413,1377,1397,475.100006103516
4384,2023/11/13,1405,1420,1367,1370,357.399993896484
4384,2023/11/14,1365,1377,1336,1364,539.200012207031
4384,2023/11/15,1424,1430,1387,1391,808.200012207031
4384,2023/11/16,1379,1397,1374,1375,304.100006103516
4384,2023/11/17,1370,1374,1341,1357,373.300018310547
4384,2023/11/20,1356,1400,1340,1381,553.600036621094
4384,2023/11/21,1396,1418,1379,1418,348.200012207031
4384,2023/11/22,1417,1461,1402,1448,602.799987792969
4384,2023/11/24,1430,1478,1423,1454,339.899993896484
4384,2023/11/27,1455,1466,1438,1446,184.199996948242
4384,2023/11/28,1439,1441,1420,1424,201.5
4384,2023/11/29,1429,1480,1425,1467,390.200012207031
4384,2023/11/30,1460,1461,1427,1430,359.300018310547
4384,2023/12/01,1392,1410,1376,1393,572.700012207031
4384,2023/12/04,1400,1426,1398,1404,259
4384,2023/12/05,1401,1421,1351,1351,366.800018310547
4384,2023/12/06,1346,1384,1344,1382,367.5
4384,2023/12/07,1352,1370,1333,1333,319.600006103516
4384,2023/12/08,1311,1326,1289,1312,514.5
4384,2023/12/11,1315,1321,1297,1312,391.300018310547
4384,2023/12/12,1334,1344,1312,1313,424.700012207031
4384,2023/12/13,1312,1363,1311,1331,644.799987792969
4384,2023/12/14,1380,1398,1341,1351,1306.5
4384,2023/12/15,1220,1279,1212,1254,1625.5
4384,2023/12/18,1246,1263,1198,1206,857.200012207031
4384,2023/12/19,1200,1239,1196,1209,962.5
4384,2023/12/20,1215,1268,1202,1224,931.400024414063
4384,2023/12/21,1202,1211,1182,1186,660.900024414063
4384,2023/12/22,1182,1207,1178,1189,516.700012207031
4384,2023/12/25,1199,1203,1167,1171,349.899993896484
4384,2023/12/26,1170,1204,1170,1177,480.300018310547
4384,2023/12/27,1199,1247,1193,1237,657.200012207031
4384,2023/12/28,1250,1278,1227,1277,549
4384,2023/12/29,1286,1303,1254,1268,499.600006103516
4384,2024/01/04,1249,1249,1213,1232,584.200012207031
4384,2024/01/05,1232,1233,1166,1171,976.900024414063
4384,2024/01/09,1181,1191,1146,1155,924.600036621094
4384,2024/01/10,1140,1169,1123,1146,839.900024414063
4384,2024/01/11,1160,1162,1126,1131,783.200012207031
4384,2024/01/12,1134,1156,1120,1150,781.799987792969
4384,2024/01/15,1174,1175,1132,1172,855.400024414063
4384,2024/01/16,1176,1187,1148,1155,653.299987792969
4384,2024/01/17,1152,1166,1123,1123,672.700012207031
4384,2024/01/18,1110,1116,1049,1059,1691.80004882813
4384,2024/01/19,1053,1071,1035,1038,1563.59997558594
4384,2024/01/22,1031,1100,1025,1098,1327
4384,2024/01/23,1140,1218,1137,1190,3284.90014648438
4384,2024/01/24,1187,1222,1161,1186,1228.09997558594
4384,2024/01/25,1183,1222,1147,1212,1540.5
4384,2024/01/26,1196,1198,1165,1186,1105.30004882813
4384,2024/01/29,1190,1203,1172,1172,650.900024414063
4384,2024/01/30,1190,1193,1160,1173,457.899993896484
4384,2024/01/31,1159,1160,1125,1156,888.900024414063
4384,2024/02/01,1131,1150,1108,1145,977.600036621094
4384,2024/02/02,1125,1151,1119,1137,852.5
4384,2024/02/05,1116,1146,1109,1125,713.299987792969
4384,2024/02/06,1104,1108,1078,1085,1070.09997558594
4384,2024/02/07,1067,1071,1035,1063,1322
4384,2024/02/08,1050,1062,1026,1054,1152.80004882813
4384,2024/02/09,1046,1069,1034,1056,816.100036621094
4384,2024/02/13,1073,1087,1059,1083,708.200012207031
4384,2024/02/14,1038,1055,1023,1023,1086.5
4384,2024/02/15,1023,1050,1022,1043,681.799987792969
4384,2024/02/16,1058,1066,1033,1044,702.400024414063
4384,2024/02/19,1049,1085,1045,1075,557.299987792969
4384,2024/02/20,1085,1092,1060,1083,539.799987792969
4384,2024/02/21,1073,1076,1042,1053,523.900024414063
4384,2024/02/22,1064,1068,1046,1057,432.800018310547
4384,2024/02/26,1065,1128,1044,1108,1091.40002441406
4384,2024/02/27,1133,1147,1116,1127,668.799987792969
4384,2024/02/28,1139,1154,1119,1125,476.899993896484
4384,2024/02/29,1127,1132,1101,1129,469
4384,2024/03/01,1159,1198,1148,1159,1157.30004882813
4384,2024/03/04,1149,1167,1136,1136,515
4384,2024/03/05,1138,1143,1115,1116,766.299987792969
4384,2024/03/06,1081,1133,1077,1113,572.700012207031
4384,2024/03/07,1120,1125,1080,1100,846.400024414063
4384,2024/03/08,1081,1141,1077,1120,667.600036621094
4384,2024/03/11,1100,1120,1090,1118,551.600036621094
4384,2024/03/12,1129,1151,1103,1150,832.200012207031
4384,2024/03/13,1160,1185,1153,1171,1590.90002441406
4384,2024/03/14,1271,1360,1245,1283,7093.5
4384,2024/03/15,1310,1314,1162,1180,3111.10009765625
4384,2024/03/18,1185,1232,1185,1203,1669.70007324219
4384,2024/03/19,1221,1249,1174,1189,769.900024414063
4384,2024/03/21,1245,1255,1205,1205,954
4384,2024/03/22,1200,1204,1177,1183,734.100036621094
4384,2024/03/25,1153,1169,1135,1140,728.900024414063
4384,2024/03/26,1123,1142,1105,1127,754.299987792969
4384,2024/03/27,1140,1141,1106,1106,749.299987792969
4384,2024/03/28,1108,1119,1075,1077,835
4384,2024/03/29,1076,1090,1068,1081,534.799987792969
4384,2024/04/01,1082,1096,1055,1058,538.200012207031
4384,2024/04/02,1044,1044,1004,1005,1273.90002441406
4384,2024/04/03,993,1003,969,985,964.100036621094
4384,2024/04/04,986,996,967,975,900.400024414063
4384,2024/04/05,975,1003,970,987,759.5
4384,2024/04/08,987,1009,985,994,855.700012207031
4384,2024/04/09,994,997,971,996,769
4384,2024/04/10,1005,1007,962,980,963.299987792969
4384,2024/04/11,960,988,943,981,1054.09997558594
4384,2024/04/12,975,983,951,953,855
4384,2024/04/15,940,946,917,936,962
4384,2024/04/16,927,964,916,950,1024.80004882813
4384,2024/04/17,948,948,895,904,1003.60003662109
4384,2024/04/18,900,939,895,924,638.799987792969
4384,2024/04/19,915,916,869,869,1190.70007324219
4384,2024/04/22,884,894,872,891,756.900024414063
4384,2024/04/23,898,908,879,881,373.700012207031
4384,2024/04/24,895,917,885,913,620.700012207031
4384,2024/04/25,899,905,886,890,576.5
4384,2024/04/26,890,905,872,905,671.100036621094
4384,2024/04/30,905,911,891,904,447.800018310547
4384,2024/05/01,891,927,885,911,581
4384,2024/05/02,906,933,902,910,659.700012207031
4384,2024/05/07,911,926,907,922,673.600036621094
4384,2024/05/08,912,932,902,913,669.200012207031
4384,2024/05/09,928,937,914,932,423.399993896484
4384,2024/05/10,939,962,923,929,579.5
4384,2024/05/13,940,947,924,936,319.100006103516
4384,2024/05/14,946,965,944,960,523.700012207031
4384,2024/05/15,965,966,933,935,576.5
4384,2024/05/16,956,966,929,931,465.300018310547
4384,2024/05/17,919,929,913,924,389.899993896484
4384,2024/05/20,914,958,909,950,764.600036621094
4384,2024/05/21,929,940,890,890,919
4384,2024/05/22,889,895,875,885,575.900024414063
4384,2024/05/23,889,900,871,875,493
4384,2024/05/24,852,879,849,870,600.900024414063
4384,2024/05/27,865,871,852,862,530.5
4384,2024/05/28,862,888,859,873,430.600006103516
4384,2024/05/29,865,869,833,838,927.299987792969
4384,2024/05/30,832,864,830,856,660.799987792969
4384,2024/05/31,860,893,858,883,2815
4384,2024/06/03,890,916,882,906,750.299987792969
4384,2024/06/04,907,947,906,934,1164.70007324219
4384,2024/06/05,925,940,913,913,568.600036621094
4384,2024/06/06,928,933,899,904,594.5
4384,2024/06/07,900,925,896,915,746.299987792969
4384,2024/06/10,916,926,903,924,663.200012207031
4384,2024/06/11,932,933,906,914,1007.40002441406
4384,2024/06/12,1014,1035,963,1002,7078.80029296875
4384,2024/06/13,1010,1015,961,977,1914.70007324219
4384,2024/06/14,959,994,938,983,1542.30004882813
4384,2024/06/17,970,976,942,960,1124.59997558594
4384,2024/06/18,967,978,952,955,798.5
4384,2024/06/19,953,957,938,954,807.900024414063
4384,2024/06/20,958,961,921,928,769.799987792969
4384,2024/06/21,930,966,929,957,813.100036621094
4384,2024/06/24,955,970,946,954,617.200012207031
4384,2024/06/25,954,968,952,958,365.399993896484
4384,2024/06/26,961,984,957,959,532
4384,2024/06/27,951,969,946,965,378.700012207031
4384,2024/06/28,972,972,943,950,601.200012207031
4384,2024/07/01,960,960,940,945,431
4384,2024/07/02,943,954,934,942,541.799987792969
4384,2024/07/03,947,984,939,984,797.900024414063
4384,2024/07/04,984,1022,979,997,965.799987792969
4384,2024/07/05,999,1016,979,995,476.300018310547
4384,2024/07/08,990,1004,983,1004,378.600006103516
4384,2024/07/09,1005,1035,1005,1026,720.700012207031
4384,2024/07/10,1020,1032,980,985,628
4384,2024/07/11,995,995,960,973,622.600036621094
4384,2024/07/12,983,1060,983,1033,1641.90002441406
4384,2024/07/16,1031,1055,1030,1049,577.700012207031
4384,2024/07/17,1099,1113,1069,1078,1257.20007324219
4384,2024/07/18,1076,1103,1073,1088,760.400024414063
4384,2024/07/19,1076,1084,1064,1077,377.200012207031
4384,2024/07/22,1085,1095,1056,1075,563.400024414063
4384,2024/07/23,1076,1100,1074,1088,521.100036621094
4384,2024/07/24,1065,1080,1062,1064,491.600006103516
4384,2024/07/25,1065,1081,1046,1072,476.300018310547
4384,2024/07/26,1080,1095,1065,1080,480.800018310547
4384,2024/07/29,1094,1130,1083,1123,563.100036621094
4384,2024/07/30,1115,1127,1098,1125,507.399993896484
4384,2024/07/31,1122,1142,1117,1135,576.700012207031
4384,2024/08/01,1118,1118,1064,1079,941
4384,2024/08/02,1039,1063,1023,1023,914.100036621094
4384,2024/08/05,978,987,874,882,1360.40002441406
4384,2024/08/06,972,1008,942,1001,765.100036621094
4384,2024/08/07,961,1026,961,1004,737.600036621094
4384,2024/08/08,984,1034,979,1017,448.600006103516
4384,2024/08/09,1047,1055,1007,1028,428.399993896484
4384,2024/08/13,1034,1053,1031,1042,397.700012207031
4384,2024/08/14,1051,1065,1030,1060,495.800018310547
4384,2024/08/15,1050,1064,1045,1059,397.800018310547
4384,2024/08/16,1070,1084,1055,1082,414.700012207031
4384,2024/08/19,1070,1106,1056,1079,532.900024414063
4384,2024/08/20,1085,1135,1085,1135,551.600036621094
4384,2024/08/21,1126,1151,1121,1130,429.700012207031
4384,2024/08/22,1132,1141,1116,1141,405.600006103516
4384,2024/08/23,1136,1170,1129,1170,521.900024414063
4384,2024/08/26,1215,1243,1200,1236,1183.90002441406
4384,2024/08/27,1227,1246,1216,1232,587
4384,2024/08/28,1218,1220,1193,1210,593.900024414063
4384,2024/08/29,1203,1220,1192,1212,334.399993896484
4384,2024/08/30,1212,1225,1200,1222,373.600006103516
4384,2024/09/02,1227,1227,1192,1196,346.5
4384,2024/09/03,1196,1223,1196,1220,428.800018310547
4384,2024/09/04,1202,1228,1192,1195,552.600036621094
4384,2024/09/05,1194,1227,1176,1188,655
4384,2024/09/06,1204,1209,1168,1177,489.300018310547
4384,2024/09/09,1148,1203,1142,1196,546.700012207031
4384,2024/09/10,1210,1217,1190,1200,584.299987792969
4384,2024/09/11,1191,1203,1137,1154,612.900024414063
4384,2024/09/12,1184,1210,1167,1203,1047.40002441406
4384,2024/09/13,1193,1220,1093,1108,2674.40014648438
4384,2024/09/17,1101,1138,1087,1130,1221.70007324219
4384,2024/09/18,1144,1167,1106,1118,772.5
4384,2024/09/19,1105,1132,1079,1122,1059.59997558594
4384,2024/09/20,1161,1227,1155,1214,1585.70007324219
4384,2024/09/24,1231,1255,1228,1240,999.600036621094
4384,2024/09/25,1267,1307,1260,1285,859.799987792969
4384,2024/09/26,1315,1369,1291,1369,1287
4384,2024/09/27,1361,1373,1343,1364,530.799987792969
4384,2024/09/30,1345,1362,1297,1306,866.600036621094
4384,2024/10/01,1298,1305,1275,1299,730.200012207031
4384,2024/10/02,1226,1245,1168,1181,1452.5
4384,2024/10/03,1195,1236,1171,1236,965.5
4384,2024/10/04,1253,1270,1239,1242,513
4384,2024/10/07,1272,1300,1261,1286,601.400024414063
4384,2024/10/08,1285,1286,1247,1253,506.399993896484
4384,2024/10/09,1305,1324,1279,1279,891
4384,2024/10/10,1279,1279,1250,1256,570
4384,2024/10/11,1278,1287,1261,1275,371.399993896484
4384,2024/10/15,1305,1340,1276,1340,655.299987792969
4384,2024/10/16,1333,1348,1297,1297,471.300018310547
4384,2024/10/17,1305,1320,1296,1306,316
4384,2024/10/18,1306,1317,1269,1280,384.399993896484
4384,2024/10/21,1278,1299,1272,1281,213.400009155273
4384,2024/10/22,1260,1268,1223,1230,362.700012207031
4384,2024/10/23,1233,1256,1208,1244,313.899993896484
4384,2024/10/24,1255,1316,1244,1290,585.299987792969
4384,2024/10/25,1284,1287,1234,1254,495.300018310547
4384,2024/10/28,1231,1269,1220,1220,387.300018310547
4384,2024/10/29,1220,1255,1201,1255,332.200012207031
4384,2024/10/30,1267,1268,1230,1242,343
4384,2024/10/31,1243,1303,1239,1302,459.399993896484
4384,2024/11/01,1277,1315,1277,1289,305.800018310547
4384,2024/11/05,1260,1283,1256,1280,215.300003051758
4384,2024/11/06,1299,1302,1257,1269,415.899993896484
4384,2024/11/07,1274,1288,1237,1239,362.5
4384,2024/11/08,1264,1283,1247,1270,347
4384,2024/11/11,1262,1272,1250,1265,162.300003051758
4384,2024/11/12,1257,1280,1223,1234,280.600006103516
4384,2024/11/13,1209,1257,1206,1236,302.600006103516
4384,2024/11/14,1219,1223,1200,1207,316.200012207031
4384,2024/11/15,1190,1205,1183,1198,233.900009155273
4384,2024/11/18,1184,1190,1169,1179,248.100006103516
4384,2024/11/19,1183,1194,1171,1171,164.400009155273
4384,2024/11/20,1171,1187,1153,1158,237.100006103516
4384,2024/11/21,1147,1164,1138,1145,198.5
4384,2024/11/22,1160,1178,1159,1173,220.5
4384,2024/11/25,1183,1196,1142,1142,358.100006103516
4384,2024/11/26,1135,1137,1111,1130,339.300018310547
4384,2024/11/27,1123,1127,1092,1111,337.899993896484
4384,2024/11/28,1110,1124,1102,1115,203
4384,2024/11/29,1104,1129,1097,1120,162.300003051758
4384,2024/12/02,1119,1134,1105,1124,219.199996948242
4384,2024/12/03,1123,1162,1112,1162,439.600006103516
4384,2024/12/04,1149,1151,1112,1118,556.700012207031
4384,2024/12/05,1120,1152,1117,1140,296.100006103516
4384,2024/12/06,1142,1146,1104,1117,315.899993896484
4384,2024/12/09,1118,1132,1110,1127,291.800018310547
4384,2024/12/10,1135,1143,1117,1132,306.5
4384,2024/12/11,1127,1130,1105,1114,262.600006103516
4384,2024/12/12,1122,1132,1106,1106,330.700012207031
4384,2024/12/13,1286,1343,1251,1334,4016.60009765625
4384,2024/12/16,1359,1420,1338,1398,3428
4384,2024/12/17,1410,1410,1364,1377,1237.20007324219
4384,2024/12/18,1364,1398,1343,1343,830.100036621094
4384,2024/12/19,1314,1363,1310,1333,661.900024414063
4384,2024/12/20,1326,1361,1322,1344,557.799987792969
4384,2024/12/23,1373,1402,1341,1342,549.600036621094
4384,2024/12/24,1360,1368,1316,1316,420.600006103516
4384,2024/12/25,1325,1339,1286,1307,376.899993896484
4384,2024/12/26,1300,1316,1283,1316,428.399993896484
4384,2024/12/27,1318,1333,1311,1317,332.899993896484
4384,2024/12/30,1317,1339,1302,1331,441.700012207031
4384,2025/01/06,1328,1333,1233,1233,602.200012207031
4384,2025/01/07,1222,1234,1152,1161,787.600036621094
4384,2025/01/08,1160,1186,1133,1139,829.5
4384,2025/01/09,1144,1144,1115,1120,580.5
4384,2025/01/10,1119,1184,1116,1172,969.100036621094
4384,2025/01/14,1186,1192,1148,1150,627.200012207031
4384,2025/01/15,1134,1142,1106,1112,677.100036621094
4384,2025/01/16,1125,1169,1116,1165,786.5
4384,2025/01/17,1170,1181,1153,1178,471.100006103516
4384,2025/01/20,1183,1229,1182,1212,877
4384,2025/01/21,1213,1220,1191,1210,506.100006103516
4384,2025/01/22,1209,1222,1192,1217,414.899993896484
4384,2025/01/23,1234,1266,1212,1248,707.200012207031
4384,2025/01/24,1253,1323,1253,1322,714.400024414063
4384,2025/01/27,1322,1388,1322,1377,1032.20007324219
4384,2025/01/28,1365,1411,1341,1391,970.5
4384,2025/01/29,1394,1450,1385,1422,1206.70007324219
4384,2025/01/30,1430,1445,1408,1436,797.799987792969
4384,2025/01/31,1425,1426,1348,1358,958.5
4384,2025/02/03,1335,1345,1303,1326,701.200012207031
4384,2025/02/04,1339,1343,1278,1295,600.200012207031
4384,2025/02/05,1300,1303,1259,1264,479.5
4384,2025/02/06,1275,1300,1252,1268,432.200012207031
4384,2025/02/07,1259,1276,1256,1263,318.899993896484
4384,2025/02/10,1252,1278,1248,1265,360.899993896484
4384,2025/02/12,1268,1283,1253,1264,338.300018310547
4384,2025/02/13,1265,1270,1255,1263,281.899993896484
4384,2025/02/14,1274,1276,1257,1260,292.300018310547
4384,2025/02/17,1261,1263,1241,1247,396.899993896484
4384,2025/02/18,1231,1266,1226,1252,336.399993896484
4384,2025/02/19,1246,1265,1240,1240,210.300003051758
4384,2025/02/20,1234,1260,1231,1250,357.100006103516
4384,2025/02/21,1240,1260,1228,1235,431.300018310547
4384,2025/02/25,1235,1249,1222,1238,349.899993896484
4384,2025/02/26,1231,1233,1175,1194,561.700012207031
4384,2025/02/27,1218,1229,1198,1204,441.100006103516
4384,2025/02/28,1203,1203,1170,1185,383.600006103516
4384,2025/03/03,1198,1201,1174,1191,319.5
4384,2025/03/04,1191,1200,1170,1181,277.300018310547
4384,2025/03/05,1197,1199,1169,1181,327.200012207031
4384,2025/03/06,1189,1194,1175,1176,198.199996948242
4384,2025/03/07,1169,1180,1154,1168,484.200012207031
4384,2025/03/10,1178,1182,1167,1173,330.300018310547
4384,2025/03/11,1143,1180,1124,1178,614.5
4384,2025/03/12,1178,1245,1176,1230,670.700012207031
4384,2025/03/13,1233,1248,1215,1230,617.400024414063
4384,2025/03/14,1111,1161,1090,1149,3075.5
4384,2025/03/17,1150,1180,1130,1167,1001.40002441406
4384,2025/03/18,1142,1198,1117,1181,982.799987792969
4384,2025/03/19,1169,1198,1148,1149,648.5
4384,2025/03/21,1140,1141,1102,1104,1190.09997558594
4384,2025/03/24,1100,1109,1076,1078,678.299987792969
4384,2025/03/25,1078,1107,1078,1088,536
4384,2025/03/26,1088,1089,1072,1074,374.399993896484
4384,2025/03/27,1063,1074,1049,1065,460.300018310547
4384,2025/03/28,1055,1079,1038,1046,413.200012207031
4384,2025/03/31,1029,1036,1010,1010,629
4384,2025/04/01,1019,1020,1002,1007,252
4384,2025/04/02,1007,1010,986,996,365.899993896484
4384,2025/04/03,960,992,955,991,385
4384,2025/04/04,961,967,925,949,671.100036621094
4384,2025/04/07,855,901,844,873,705.100036621094
4384,2025/04/08,948,993,945,993,785.200012207031
4384,2025/04/09,963,964,931,950,672
4384,2025/04/10,1026,1032,997,1022,651.400024414063
4384,2025/04/11,1006,1078,996,1067,957.299987792969
4384,2025/04/14,1056,1084,1050,1065,411.300018310547
4384,2025/04/15,1065,1080,1052,1056,327.399993896484
4384,2025/04/16,1051,1055,1029,1043,368.200012207031
4384,2025/04/17,1040,1065,1027,1065,283.399993896484
4384,2025/04/18,1065,1070,1052,1065,240.199996948242
4384,2025/04/21,1065,1115,1065,1108,648
4384,2025/04/22,1137,1154,1121,1136,695.799987792969
4384,2025/04/23,1149,1152,1126,1133,299.899993896484
4384,2025/04/24,1133,1150,1130,1133,225.100006103516
4384,2025/04/25,1139,1149,1131,1134,237.300003051758
4384,2025/04/28,1129,1149,1122,1145,1123.70007324219
4384,2025/04/30,1155,1166,1147,1148,339
4384,2025/05/01,1148,1177,1144,1164,224.100006103516
4384,2025/05/02,1146,1153,1136,1140,226.400009155273
4384,2025/05/07,1135,1157,1131,1151,190.300003051758
4384,2025/05/08,1170,1177,1158,1177,220.100006103516
4384,2025/05/09,1180,1190,1169,1182,231.699996948242
4384,2025/05/12,1190,1195,1170,1187,218.5
4384,2025/05/13,1200,1207,1184,1196,252.300003051758
4384,2025/05/14,1195,1203,1173,1191,232.900009155273
4384,2025/05/15,1180,1184,1153,1156,257.399993896484
4384,2025/05/16,1156,1173,1153,1170,180.400009155273
4384,2025/05/19,1170,1179,1158,1172,181.900009155273
4384,2025/05/20,1173,1179,1145,1162,210.800003051758
4384,2025/05/21,1164,1169,1151,1162,202.300003051758
4384,2025/05/22,1142,1168,1140,1154,153.800003051758
4384,2025/05/23,1165,1169,1143,1153,196.699996948242
4384,2025/05/26,1155,1190,1148,1183,217.5
4384,2025/05/27,1192,1232,1192,1218,397.700012207031
4384,2025/05/28,1230,1232,1191,1191,312.800018310547
4384,2025/05/29,1205,1211,1192,1204,283.200012207031
4384,2025/05/30,1195,1216,1195,1212,182.600006103516
4384,2025/06/02,1212,1227,1208,1225,252.300003051758
4384,2025/06/03,1214,1237,1190,1190,496.899993896484
4384,2025/06/04,1173,1224,1172,1202,434.5
4384,2025/06/05,1210,1229,1202,1215,332
4384,2025/06/06,1219,1233,1208,1213,295.300018310547
4384,2025/06/09,1219,1235,1212,1234,219.800003051758
4384,2025/06/10,1236,1246,1226,1233,226.199996948242
4384,2025/06/11,1240,1256,1231,1245,364.5
4384,2025/06/12,1244,1256,1226,1245,521
4384,2025/06/13,1185,1185,1115,1139,2483.5
4384,2025/06/16,1136,1152,1120,1134,685.5
4384,2025/06/17,1150,1164,1087,1102,976.600036621094
4384,2025/06/18,1102,1129,1102,1112,611.700012207031
4384,2025/06/19,1124,1141,1110,1126,444.700012207031
4384,2025/06/20,1116,1127,1100,1100,547.200012207031
4384,2025/06/23,1076,1100,1065,1097,448.600006103516
4384,2025/06/24,1109,1133,1104,1113,290.899993896484
4384,2025/06/25,1113,1123,1093,1118,324
4384,2025/06/26,1114,1133,1103,1107,510.899993896484
4384,2025/06/27,1112,1135,1105,1112,523.600036621094
4384,2025/06/30,1123,1141,1117,1117,487.200012207031
4384,2025/07/01,1110,1127,1102,1122,604.5
4384,2025/07/02,1115,1132,1106,1132,522.400024414063
4384,2025/07/03,1128,1134,1111,1131,554.600036621094
4384,2025/07/04,1132,1137,1118,1123,246.900009155273
4384,2025/07/07,1111,1146,1108,1142,617.200012207031
4384,2025/07/08,1164,1199,1146,1191,859.200012207031
4384,2025/07/09,1202,1232,1192,1224,810.900024414063
4384,2025/07/10,1241,1274,1227,1272,665
4384,2025/07/11,1272,1279,1245,1249,380.300018310547
4384,2025/07/14,1249,1264,1235,1242,378.899993896484
4384,2025/07/15,1242,1254,1210,1211,327.300018310547
4384,2025/07/16,1206,1228,1195,1220,315.800018310547
4384,2025/07/17,1227,1248,1223,1238,228.600006103516
4384,2025/07/18,1236,1236,1198,1200,368.399993896484
4384,2025/07/22,1218,1269,1216,1260,737.700012207031
4384,2025/07/23,1258,1258,1211,1212,425.899993896484
4384,2025/07/24,1226,1257,1218,1251,445.600006103516
4384,2025/07/25,1259,1293,1259,1264,496.899993896484
4384,2025/07/28,1265,1273,1257,1261,352.300018310547
4384,2025/07/29,1256,1268,1233,1268,251.400009155273
4384,2025/07/30,1250,1253,1235,1245,403.300018310547
4384,2025/07/31,1251,1274,1242,1255,304.100006103516
4384,2025/08/01,1250,1272,1250,1272,204.199996948242
4384,2025/08/04,1251,1309,1251,1295,340.800018310547
4384,2025/08/05,1300,1302,1270,1278,336.899993896484
4384,2025/08/06,1278,1281,1264,1269,296.300018310547
4384,2025/08/07,1269,1293,1269,1271,217.199996948242
4384,2025/08/08,1270,1284,1269,1276,184.400009155273
4384,2025/08/12,1276,1283,1252,1268,403.600006103516
4384,2025/08/13,1270,1278,1257,1271,262
4384,2025/08/14,1265,1269,1244,1262,230
4384,2025/08/15,1265,1268,1251,1254,283.600006103516
4384,2025/08/18,1268,1313,1266,1300,440.5
4384,2025/08/19,1305,1316,1296,1316,283.100006103516
4384,2025/08/20,1316,1316,1298,1303,219.5
4384,2025/08/21,1303,1314,1299,1308,164.900009155273
4384,2025/08/22,1314,1314,1295,1301,201.300003051758
4384,2025/08/25,1301,1337,1300,1328,365.800018310547
4384,2025/08/26,1320,1324,1307,1321,176.5
4384,2025/08/27,1328,1336,1319,1327,185.100006103516
4384,2025/08/28,1320,1335,1320,1331,119.700004577637
4384,2025/08/29,1360,1368,1346,1358,429.800018310547
4384,2025/09/01,1351,1377,1347,1366,227.699996948242
4384,2025/09/02,1366,1371,1335,1345,431.399993896484
4384,2025/09/03,1332,1352,1329,1340,435.600006103516
4384,2025/09/04,1330,1345,1317,1336,402.600006103516
4384,2025/09/05,1330,1345,1305,1340,379.600006103516
4384,2025/09/08,1350,1368,1345,1361,314.200012207031
4384,2025/09/09,1370,1375,1345,1372,274.700012207031
4384,2025/09/10,1375,1384,1360,1384,216
4384,2025/09/11,1384,1399,1365,1365,336.800018310547
4384,2025/09/12,1375,1386,1351,1375,548.900024414063
4384,2025/09/16,1255,1298,1215,1222,2548.19995117188
4384,2025/09/17,1220,1226,1201,1217,1224.40002441406
4384,2025/09/18,1195,1213,1193,1202,1370.40002441406
4384,2025/09/19,1200,1204,1157,1170,1154
4384,2025/09/22,1170,1187,1169,1173,661.400024414063
4384,2025/09/24,1162,1175,1138,1175,689.200012207031
4384,2025/09/25,1170,1189,1163,1170,609.200012207031
4384,2025/09/26,1170,1215,1169,1213,633.900024414063
4384,2025/09/29,1221,1223,1169,1177,514.700012207031
4384,2025/09/30,1182,1196,1172,1192,364.700012207031
4384,2025/10/01,1180,1183,1149,1151,686.799987792969
4384,2025/10/02,1152,1173,1151,1169,378.100006103516
4384,2025/10/03,1167,1185,1159,1181,511.600006103516
4384,2025/10/06,1205,1205,1134,1159,638.900024414063
4384,2025/10/07,1155,1159,1128,1140,499.200012207031
4384,2025/10/08,1148,1179,1141,1153,381.300018310547
4384,2025/10/09,1150,1159,1138,1145,338.600006103516
4384,2025/10/10,1133,1144,1123,1130,356.100006103516
4384,2025/10/14,1106,1114,1089,1095,446.399993896484
4384,2025/10/15,1095,1098,1069,1079,497.600006103516
4384,2025/10/16,1079,1093,1072,1074,311.5
4384,2025/10/17,1070,1083,1064,1069,314.399993896484
4384,2025/10/20,1083,1110,1083,1101,408.300018310547
4384,2025/10/21,1100,1104,1088,1099,247.900009155273
4384,2025/10/22,1100,1104,1089,1090,202
4384,2025/10/23,1083,1095,1078,1090,230.699996948242
4384,2025/10/24,1090,1093,1080,1080,176.699996948242
4384,2025/10/27,1085,1109,1085,1101,328.200012207031
4384,2025/10/28,1094,1100,1080,1082,425
4384,2025/10/29,1085,1086,1053,1053,588
4384,2025/10/30,1050,1076,1050,1066,447.600006103516
4384,2025/10/31,1063,1075,1044,1058,333.300018310547
4384,2025/11/04,1042,1043,1022,1022,476.399993896484
4384,2025/11/05,1025,1035,1004,1035,448.800018310547
4384,2025/11/06,1044,1046,1002,1002,383.899993896484
4384,2025/11/07,1002,1027,1002,1022,430.700012207031
4384,2025/11/10,1031,1041,1027,1034,376.5
4384,2025/11/11,1031,1068,1030,1067,583.5
4384,2025/11/12,1050,1086,1050,1072,470.300018310547
4384,2025/11/13,1074,1095,1064,1074,424.600006103516
4384,2025/11/14,1070,1070,1050,1051,346.200012207031
4384,2025/11/17,1041,1061,1030,1054,433.300018310547
4384,2025/11/18,1050,1086,1047,1057,790.200012207031
4384,2025/11/19,1067,1130,1067,1094,1359.5
4384,2025/11/20,1087,1109,1077,1102,668.299987792969
4384,2025/11/21,1100,1152,1099,1148,901.600036621094
4384,2025/11/25,1160,1212,1148,1190,1388.09997558594
4384,2025/11/26,1200,1263,1193,1260,1073.80004882813
4384,2025/11/27,1255,1280,1227,1254,1380.20007324219
4384,2025/11/28,1261,1290,1255,1287,681.400024414063
4384,2025/12/01,1271,1305,1269,1283,843.900024414063
4384,2025/12/02,1283,1297,1246,1274,835.100036621094
4384,2025/12/03,1270,1278,1256,1256,529.600036621094
4384,2025/12/04,1255,1280,1251,1276,388.399993896484
4384,2025/12/05,1276,1307,1272,1293,708.700012207031
4384,2025/12/08,1295,1331,1289,1308,824.200012207031
4384,2025/12/09,1307,1318,1291,1300,684.900024414063
4384,2025/12/10,1288,1299,1227,1250,1665.90002441406
4384,2025/12/11,1248,1248,1205,1226,1391.59997558594
4384,2025/12/12,1526,1526,1526,1526,140
4384,2025/12/15,1711,1780,1709,1770,8713
4384,2025/12/16,1761,1834,1752,1810,3148.30004882813
4384,2025/12/17,1780,1854,1778,1812,2364.90014648438
4384,2025/12/18,1812,1965,1811,1965,3131.10009765625
4384,2025/12/19,1930,1934,1877,1910,1565
4384,2025/12/22,1885,1906,1836,1895,998.900024414063
4384,2025/12/23,1840,1894,1840,1885,810.900024414063
4384,2025/12/24,1870,1879,1840,1842,435.200012207031
4384,2025/12/25,1812,1847,1780,1839,797.299987792969
4384,2025/12/26,1802,1817,1781,1800,540.100036621094
4384,2025/12/29,1785,1785,1719,1757,1326.59997558594
4384,2025/12/30,1748,1775,1746,1766,534.200012207031
