4385,2018/06/19,5000,6000,4965,5300,36447.30078125
4385,2018/06/20,5350,5360,4810,4910,13924.2998046875
4385,2018/06/21,4800,4965,4565,4810,9053.400390625
4385,2018/06/22,4670,4850,4550,4550,3941.90014648438
4385,2018/06/25,4515,4650,4195,4270,4443.39990234375
4385,2018/06/26,4200,4730,4165,4545,6396.89990234375
4385,2018/06/27,4680,4890,4600,4710,5348.10009765625
4385,2018/06/28,4655,4705,4545,4675,1757.59997558594
4385,2018/06/29,4670,4775,4530,4535,1677.40002441406
4385,2018/07/02,4600,4795,4535,4540,1987.40002441406
4385,2018/07/03,4640,4655,4300,4440,1796.09997558594
4385,2018/07/04,4400,4460,4325,4395,1031.30004882813
4385,2018/07/05,4435,4460,4270,4290,1293.70007324219
4385,2018/07/06,4330,4375,4220,4225,945.700012207031
4385,2018/07/09,4275,4480,4245,4450,1259.80004882813
4385,2018/07/10,4580,4695,4455,4555,2064
4385,2018/07/11,4585,4605,4465,4470,667.299987792969
4385,2018/07/12,4470,4580,4435,4460,806.900024414063
4385,2018/07/13,4515,4515,4365,4410,801.799987792969
4385,2018/07/17,4400,4415,4325,4325,572.799987792969
4385,2018/07/18,4345,4415,4245,4390,796.400024414063
4385,2018/07/19,4390,4650,4340,4595,1812.70007324219
4385,2018/07/20,4630,4800,4630,4800,2570
4385,2018/07/23,4865,4975,4770,4835,2184.40014648438
4385,2018/07/24,4875,4875,4720,4745,1155.59997558594
4385,2018/07/25,4725,4815,4720,4775,853.900024414063
4385,2018/07/26,4760,4780,4545,4560,961.700012207031
4385,2018/07/27,4650,4755,4615,4685,993.900024414063
4385,2018/07/30,4710,4825,4700,4720,1019.40002441406
4385,2018/07/31,4750,4850,4680,4710,1073.20007324219
4385,2018/08/01,4730,4735,4590,4625,792.799987792969
4385,2018/08/02,4625,4645,4560,4565,460.899993896484
4385,2018/08/03,4575,4635,4570,4600,308.5
4385,2018/08/06,4600,4615,4505,4505,370.200012207031
4385,2018/08/07,4550,4615,4525,4600,445.300018310547
4385,2018/08/08,4580,4645,4570,4620,420.700012207031
4385,2018/08/09,4710,4815,4650,4735,1459.20007324219
4385,2018/08/10,4265,4375,4220,4225,4208.10009765625
4385,2018/08/13,4100,4100,3875,3915,2594.80004882813
4385,2018/08/14,3870,3900,3650,3865,2479.40014648438
4385,2018/08/15,3900,3910,3745,3780,1142.90002441406
4385,2018/08/16,3725,3820,3670,3795,918.600036621094
4385,2018/08/17,3840,3865,3810,3835,429.700012207031
4385,2018/08/20,3870,3870,3715,3730,646.900024414063
4385,2018/08/21,3740,3770,3710,3715,480.300018310547
4385,2018/08/22,3715,3720,3605,3665,765.700012207031
4385,2018/08/23,3665,3680,3470,3480,1714.30004882813
4385,2018/08/24,3410,3555,3335,3540,3414.80004882813
4385,2018/08/27,3620,3620,3565,3595,1029.70007324219
4385,2018/08/28,3630,3645,3495,3510,867.299987792969
4385,2018/08/29,3510,3610,3500,3545,816.799987792969
4385,2018/08/30,3560,3590,3530,3580,560.200012207031
4385,2018/08/31,3585,3735,3570,3700,978.299987792969
4385,2018/09/03,3750,3760,3600,3650,980.700012207031
4385,2018/09/04,3670,3760,3610,3745,1008.90002441406
4385,2018/09/05,3755,3785,3680,3690,946.900024414063
4385,2018/09/06,3605,3610,3360,3375,2218.30004882813
4385,2018/09/07,3320,3335,3235,3235,1645.80004882813
4385,2018/09/10,3230,3290,3100,3155,1039.59997558594
4385,2018/09/11,3195,3220,3165,3180,797.299987792969
4385,2018/09/12,3225,3230,3130,3140,590.200012207031
4385,2018/09/13,3120,3140,3045,3075,997
4385,2018/09/14,3140,3145,3060,3075,713
4385,2018/09/18,3060,3315,3020,3215,1580.59997558594
4385,2018/09/19,3310,3515,3300,3515,2424.19995117188
4385,2018/09/20,3600,3680,3495,3540,1467.70007324219
4385,2018/09/21,3610,3615,3450,3450,891.299987792969
4385,2018/09/25,3460,3565,3455,3530,761.200012207031
4385,2018/09/26,3530,3650,3510,3650,926.200012207031
4385,2018/09/27,3680,3870,3635,3695,2210.69995117188
4385,2018/09/28,3790,3845,3710,3755,1070.70007324219
4385,2018/10/01,3770,3780,3580,3610,809.5
4385,2018/10/02,3610,3655,3515,3525,945.299987792969
4385,2018/10/03,3550,3725,3540,3700,1087.20007324219
4385,2018/10/04,3725,3765,3650,3700,634.100036621094
4385,2018/10/05,3630,3630,3505,3520,938.799987792969
4385,2018/10/09,3500,3510,3275,3295,1229.90002441406
4385,2018/10/10,3325,3355,3190,3270,1046.70007324219
4385,2018/10/11,3050,3195,3040,3145,1537.5
4385,2018/10/12,3140,3375,3120,3255,1134
4385,2018/10/15,3270,3280,3160,3160,491.300018310547
4385,2018/10/16,3165,3185,3080,3130,648.799987792969
4385,2018/10/17,3210,3225,3170,3195,522.299987792969
4385,2018/10/18,3190,3220,3145,3150,334.800018310547
4385,2018/10/19,3110,3120,3080,3115,504.300018310547
4385,2018/10/22,3100,3100,3040,3095,639.900024414063
4385,2018/10/23,3085,3160,3075,3085,633.799987792969
4385,2018/10/24,3115,3135,3070,3080,452.100006103516
4385,2018/10/25,3000,3020,2856,2868,2628.10009765625
4385,2018/10/26,2925,2944,2752,2834,1357.09997558594
4385,2018/10/29,2800,2844,2672,2685,1255.40002441406
4385,2018/10/30,2633,2809,2626,2800,1748.70007324219
4385,2018/10/31,2800,2860,2745,2856,1230.70007324219
4385,2018/11/01,2850,2902,2782,2891,559.5
4385,2018/11/02,2895,3050,2892,2965,915.600036621094
4385,2018/11/05,2940,3050,2935,3020,434.700012207031
4385,2018/11/06,3030,3065,3000,3010,318.399993896484
4385,2018/11/07,3030,3060,2999,3030,319
4385,2018/11/08,3045,3090,2965,2996,872
4385,2018/11/09,3210,3440,3065,3115,4349.2001953125
4385,2018/11/12,3150,3300,3150,3245,1563.09997558594
4385,2018/11/13,3105,3155,3080,3120,595.100036621094
4385,2018/11/14,3105,3130,3035,3040,371.300018310547
4385,2018/11/15,2999,3025,2882,2886,1025.90002441406
4385,2018/11/16,2918,2935,2835,2835,821.900024414063
4385,2018/11/19,2836,2906,2831,2887,407.300018310547
4385,2018/11/20,2831,2843,2750,2751,753.700012207031
4385,2018/11/21,2720,2799,2709,2751,526.700012207031
4385,2018/11/22,2800,2805,2746,2750,323.899993896484
4385,2018/11/26,2741,2765,2663,2673,847.5
4385,2018/11/27,2694,2695,2628,2650,1152.09997558594
4385,2018/11/28,2651,2865,2633,2784,1559.20007324219
4385,2018/11/29,2834,2834,2734,2766,1510.20007324219
4385,2018/11/30,2766,2806,2679,2725,981.299987792969
4385,2018/12/03,2755,2817,2725,2726,1015
4385,2018/12/04,2728,2750,2672,2672,714.100036621094
4385,2018/12/05,2639,2674,2638,2642,689.100036621094
4385,2018/12/06,2642,2659,2610,2615,835.299987792969
4385,2018/12/07,2626,2636,2563,2568,758.700012207031
4385,2018/12/10,2550,2565,2500,2506,688.900024414063
4385,2018/12/11,2501,2605,2480,2600,968.299987792969
4385,2018/12/12,2617,2674,2578,2630,837.100036621094
4385,2018/12/13,2650,2676,2619,2642,514.100036621094
4385,2018/12/14,2690,2690,2428,2478,1215
4385,2018/12/17,2401,2420,2303,2320,1316
4385,2018/12/18,2222,2228,2097,2113,2754.60009765625
4385,2018/12/19,2127,2178,1973,2020,3406.90014648438
4385,2018/12/20,1984,2117,1971,2022,2618.19995117188
4385,2018/12/21,1950,1980,1820,1859,2530.19995117188
4385,2018/12/25,1790,1825,1711,1720,2181.60009765625
4385,2018/12/26,1759,1842,1704,1728,1393.09997558594
4385,2018/12/27,1848,1857,1782,1827,1279.70007324219
4385,2018/12/28,1820,1928,1820,1842,1509.90002441406
4385,2019/01/04,1802,1862,1784,1849,716.200012207031
4385,2019/01/07,1929,1964,1891,1944,945.900024414063
4385,2019/01/08,1953,2081,1951,2041,1200.20007324219
4385,2019/01/09,2062,2105,2042,2070,917.400024414063
4385,2019/01/10,2049,2099,2010,2011,633.5
4385,2019/01/11,2010,2026,1971,1978,506.399993896484
4385,2019/01/15,1980,2086,1980,2077,723
4385,2019/01/16,2060,2080,2032,2059,396.899993896484
4385,2019/01/17,2080,2136,2059,2129,628.200012207031
4385,2019/01/18,2129,2228,2129,2204,1179.20007324219
4385,2019/01/21,2259,2315,2170,2183,1701.5
4385,2019/01/22,2160,2207,2136,2160,728.799987792969
4385,2019/01/23,2100,2137,2070,2103,755.299987792969
4385,2019/01/24,2118,2200,2099,2200,487.899993896484
4385,2019/01/25,2266,2346,2236,2313,1707.70007324219
4385,2019/01/28,2352,2359,2286,2286,1019.79998779297
4385,2019/01/29,2240,2276,2200,2274,673.299987792969
4385,2019/01/30,2200,2274,2144,2146,1115.59997558594
4385,2019/01/31,2200,2314,2196,2301,1017.60003662109
4385,2019/02/01,2297,2390,2262,2390,1147.40002441406
4385,2019/02/04,2387,2388,2333,2355,607.200012207031
4385,2019/02/05,2370,2383,2265,2293,573.799987792969
4385,2019/02/06,2283,2305,2205,2247,736.799987792969
4385,2019/02/07,2247,2340,2247,2322,821
4385,2019/02/08,2400,2560,2360,2455,3856
4385,2019/02/12,2450,2574,2420,2526,1859.90002441406
4385,2019/02/13,2576,2657,2540,2621,1712.5
4385,2019/02/14,2687,2859,2684,2832,2811.80004882813
4385,2019/02/15,2866,2891,2820,2841,1836.90002441406
4385,2019/02/18,2903,2907,2812,2845,1243.5
4385,2019/02/19,2840,2845,2780,2839,489.399993896484
4385,2019/02/20,2839,2880,2806,2844,855
4385,2019/02/21,2846,2938,2826,2928,1116.5
4385,2019/02/22,2903,3180,2897,3145,2514
4385,2019/02/25,3185,3320,3175,3300,2160
4385,2019/02/26,3300,3330,3225,3275,1907.59997558594
4385,2019/02/27,3215,3220,2980,3035,1640.09997558594
4385,2019/02/28,2995,3125,2990,3120,1346.80004882813
4385,2019/03/01,3100,3160,3035,3150,813.299987792969
4385,2019/03/04,3195,3350,3165,3330,1594.30004882813
4385,2019/03/05,3300,3390,3285,3340,1096.20007324219
4385,2019/03/06,3305,3400,3240,3395,1018.10003662109
4385,2019/03/07,3350,3355,3250,3300,812.700012207031
4385,2019/03/08,3275,3280,3040,3100,1581.20007324219
4385,2019/03/11,3080,3150,2981,3100,850.600036621094
4385,2019/03/12,3180,3220,3130,3160,727.799987792969
4385,2019/03/13,3100,3120,2995,3025,1023.20001220703
4385,2019/03/14,3090,3090,2999,3000,544.400024414063
4385,2019/03/15,2994,3050,2981,3040,432.399993896484
4385,2019/03/18,3050,3180,3005,3150,679.799987792969
4385,2019/03/19,3120,3125,3025,3080,880.900024414063
4385,2019/03/20,3050,3135,3045,3120,548.400024414063
4385,2019/03/22,3130,3275,3125,3215,1013.60003662109
4385,2019/03/25,3115,3215,3105,3205,770.100036621094
4385,2019/03/26,3255,3450,3255,3400,2003.40002441406
4385,2019/03/27,3400,3515,3360,3395,982.200012207031
4385,2019/03/28,3460,3545,3365,3395,1689.30004882813
4385,2019/03/29,3435,3440,3305,3400,1004.70001220703
4385,2019/04/01,3430,3450,3250,3270,959
4385,2019/04/02,3270,3300,3070,3190,1453.20007324219
4385,2019/04/03,3195,3255,3120,3200,643.600036621094
4385,2019/04/04,3180,3255,3080,3155,890.5
4385,2019/04/05,3120,3210,3115,3140,553.100036621094
4385,2019/04/08,3160,3280,3160,3245,720
4385,2019/04/09,3240,3360,3235,3350,1037.20007324219
4385,2019/04/10,3300,3375,3215,3315,664.900024414063
4385,2019/04/11,3305,3335,3255,3285,615
4385,2019/04/12,3300,3340,3185,3200,866.799987792969
4385,2019/04/15,3250,3425,3245,3375,1239.90002441406
4385,2019/04/16,3365,3485,3365,3420,842.400024414063
4385,2019/04/17,3425,3440,3325,3380,741.200012207031
4385,2019/04/18,3380,3380,3200,3245,1220
4385,2019/04/19,3225,3250,3120,3195,1080.70007324219
4385,2019/04/22,3160,3280,3135,3150,656.5
4385,2019/04/23,3140,3230,3080,3140,891.299987792969
4385,2019/04/24,3160,3310,3145,3275,1129.30004882813
4385,2019/04/25,3260,3410,3215,3410,1546.30004882813
4385,2019/04/26,3385,3440,3320,3435,1027.5
4385,2019/05/07,3420,3515,3355,3480,1569.70007324219
4385,2019/05/08,3425,3500,3395,3450,1120.30004882813
4385,2019/05/09,3460,3500,3380,3430,1410.59997558594
4385,2019/05/10,3290,3345,3090,3230,2895.90014648438
4385,2019/05/13,3175,3205,2982,3015,2042.30004882813
4385,2019/05/14,2895,2915,2714,2864,3525
4385,2019/05/15,2918,3030,2913,2969,1736.70007324219
4385,2019/05/16,2989,3025,2936,2960,1017.20001220703
4385,2019/05/17,2910,2980,2880,2962,1633.70007324219
4385,2019/05/20,2891,2993,2891,2923,1027.59997558594
4385,2019/05/21,2860,2919,2815,2889,1163.5
4385,2019/05/22,2957,3050,2920,2932,1458.59997558594
4385,2019/05/23,2900,2919,2822,2838,884.900024414063
4385,2019/05/24,2801,2832,2741,2779,1147.80004882813
4385,2019/05/27,2814,2868,2746,2867,1352.70007324219
4385,2019/05/28,2914,3060,2908,3040,7072.2001953125
4385,2019/05/29,3025,3130,2983,3100,2200.19995117188
4385,2019/05/30,3135,3180,3035,3050,1494.90002441406
4385,2019/05/31,3040,3245,3005,3200,1453
4385,2019/06/03,3165,3175,3050,3135,1091.5
4385,2019/06/04,3120,3130,2856,2926,2331.10009765625
4385,2019/06/05,2963,3080,2959,3050,887.400024414063
4385,2019/06/06,3015,3060,2907,2912,1238.80004882813
4385,2019/06/07,2880,2902,2790,2793,1480.5
4385,2019/06/10,2843,2915,2812,2915,809.200012207031
4385,2019/06/11,2910,3050,2876,3050,955.400024414063
4385,2019/06/12,3025,3175,3025,3140,922.100036621094
4385,2019/06/13,3140,3190,3025,3060,557.900024414063
4385,2019/06/14,3130,3135,2973,3060,594.799987792969
4385,2019/06/17,3060,3080,2974,2994,388.5
4385,2019/06/18,2976,3060,2961,2982,522.400024414063
4385,2019/06/19,3005,3070,2993,3060,435.300018310547
4385,2019/06/20,3070,3095,3000,3030,511.5
4385,2019/06/21,3035,3085,2852,2858,1252.70007324219
4385,2019/06/24,2867,2928,2842,2901,655.600036621094
4385,2019/06/25,2930,2973,2861,2900,681.200012207031
4385,2019/06/26,2876,2880,2788,2800,961.799987792969
4385,2019/06/27,2835,2882,2820,2882,668
4385,2019/06/28,2827,2858,2763,2858,1110.59997558594
4385,2019/07/01,2922,2978,2915,2940,777.600036621094
4385,2019/07/02,2917,2954,2903,2929,731.299987792969
4385,2019/07/03,2940,2945,2836,2868,902
4385,2019/07/04,2900,3025,2887,2905,1310
4385,2019/07/05,2880,2926,2837,2926,868.700012207031
4385,2019/07/08,2938,2975,2883,2885,454.200012207031
4385,2019/07/09,2930,2930,2865,2897,590.700012207031
4385,2019/07/10,2890,2916,2850,2862,477
4385,2019/07/11,2856,2879,2786,2832,1117.90002441406
4385,2019/07/12,2846,2854,2800,2808,510.200012207031
4385,2019/07/16,2855,2858,2806,2814,477.700012207031
4385,2019/07/17,2809,2847,2775,2826,677.200012207031
4385,2019/07/18,2800,2830,2678,2678,1574.70007324219
4385,2019/07/19,2683,2797,2657,2791,1426.30004882813
4385,2019/07/22,2758,2824,2718,2821,551.200012207031
4385,2019/07/23,2830,2855,2791,2791,397.600006103516
4385,2019/07/24,2827,2884,2803,2814,623.5
4385,2019/07/25,2839,2889,2819,2855,609.700012207031
4385,2019/07/26,2805,2914,2745,2887,1475.5
4385,2019/07/29,2903,2909,2827,2884,497.300018310547
4385,2019/07/30,2868,2923,2856,2918,619
4385,2019/07/31,2961,2998,2911,2931,972.100036621094
4385,2019/08/01,2900,2960,2890,2957,493.800018310547
4385,2019/08/02,2907,2943,2889,2939,750.299987792969
4385,2019/08/05,2911,2959,2862,2902,699.100036621094
4385,2019/08/06,2783,2904,2754,2855,556.900024414063
4385,2019/08/07,2875,2888,2798,2882,603.900024414063
4385,2019/08/08,2899,3020,2894,2951,1533.5
4385,2019/08/09,2816,2854,2692,2693,2514
4385,2019/08/13,2635,2635,2390,2420,2519.5
4385,2019/08/14,2470,2562,2468,2558,2140.90014648438
4385,2019/08/15,2458,2532,2433,2515,1440.20007324219
4385,2019/08/16,2482,2554,2467,2492,1119.70007324219
4385,2019/08/19,2510,2580,2484,2561,805.400024414063
4385,2019/08/20,2561,2576,2517,2530,814.400024414063
4385,2019/08/21,2500,2531,2443,2530,1086.70007324219
4385,2019/08/22,2541,2578,2508,2560,867.5
4385,2019/08/23,2570,2589,2526,2580,486.300018310547
4385,2019/08/26,2490,2539,2484,2535,492.5
4385,2019/08/27,2508,2533,2371,2371,1512.5
4385,2019/08/28,2361,2487,2345,2472,1202.59997558594
4385,2019/08/29,2448,2481,2435,2451,758.799987792969
4385,2019/08/30,2449,2510,2437,2485,659.700012207031
4385,2019/09/02,2515,2615,2515,2588,968.900024414063
4385,2019/09/03,2568,2623,2540,2567,803.799987792969
4385,2019/09/04,2551,2597,2527,2532,689.299987792969
4385,2019/09/05,2565,2645,2548,2640,865.200012207031
4385,2019/09/06,2635,2644,2582,2613,879
4385,2019/09/09,2600,2650,2594,2642,1237.40002441406
4385,2019/09/10,2642,2780,2638,2778,1276
4385,2019/09/11,2780,2950,2780,2880,1924.90002441406
4385,2019/09/12,2922,2926,2791,2835,1557.70007324219
4385,2019/09/13,2866,2868,2690,2703,2392
4385,2019/09/17,2705,2737,2682,2707,853.100036621094
4385,2019/09/18,2700,2727,2589,2615,1304.40002441406
4385,2019/09/19,2565,2588,2510,2536,1603.09997558594
4385,2019/09/20,2545,2632,2537,2621,1160.40002441406
4385,2019/09/24,2630,2755,2624,2733,904.400024414063
4385,2019/09/25,2737,2752,2651,2670,979.600036621094
4385,2019/09/26,2695,2695,2655,2670,830.799987792969
4385,2019/09/27,2677,2709,2602,2623,566.299987792969
4385,2019/09/30,2639,2716,2600,2685,686.400024414063
4385,2019/10/01,2658,2686,2615,2676,563.400024414063
4385,2019/10/02,2653,2673,2611,2653,606.700012207031
4385,2019/10/03,2600,2600,2513,2531,931.600036621094
4385,2019/10/04,2559,2565,2490,2491,686.600036621094
4385,2019/10/07,2495,2528,2485,2528,357.5
4385,2019/10/08,2510,2553,2493,2532,424.100006103516
4385,2019/10/09,2493,2532,2410,2411,1588.59997558594
4385,2019/10/10,2411,2422,2360,2380,754.100036621094
4385,2019/10/11,2418,2418,2316,2327,794.700012207031
4385,2019/10/15,2327,2328,2250,2257,1197.59997558594
4385,2019/10/16,2264,2299,2237,2275,1388.40002441406
4385,2019/10/17,2275,2283,2238,2275,586.400024414063
4385,2019/10/18,2275,2339,2263,2312,801.100036621094
4385,2019/10/21,2308,2323,2279,2322,479.800018310547
4385,2019/10/23,2330,2346,2272,2301,658.700012207031
4385,2019/10/24,2301,2377,2300,2343,672.299987792969
4385,2019/10/25,2385,2488,2362,2474,1781.80004882813
4385,2019/10/28,2509,2580,2473,2499,1631.80004882813
4385,2019/10/29,2511,2542,2451,2542,818.5
4385,2019/10/30,2542,2542,2473,2476,594.100036621094
4385,2019/10/31,2490,2491,2433,2451,589.100036621094
4385,2019/11/01,2450,2530,2449,2530,771.100036621094
4385,2019/11/05,2537,2580,2533,2561,811.299987792969
4385,2019/11/06,2550,2574,2497,2574,910.5
4385,2019/11/07,2552,2579,2520,2535,693.5
4385,2019/11/08,2250,2251,2035,2057,10594.7001953125
4385,2019/11/11,2090,2239,2088,2147,3901.10009765625
4385,2019/11/12,2140,2155,2091,2126,1789.59997558594
4385,2019/11/13,2140,2175,2133,2170,1171.30004882813
4385,2019/11/14,2160,2185,2102,2179,2436.40014648438
4385,2019/11/15,2190,2355,2187,2301,3131.80004882813
4385,2019/11/18,2328,2355,2239,2248,1959
4385,2019/11/19,2340,2390,2267,2302,2426.19995117188
4385,2019/11/20,2303,2339,2284,2329,1129.09997558594
4385,2019/11/21,2328,2329,2249,2302,1388.40002441406
4385,2019/11/22,2300,2336,2288,2329,1042
4385,2019/11/25,2325,2368,2318,2367,997.100036621094
4385,2019/11/26,2384,2479,2365,2459,2149.30004882813
4385,2019/11/27,2459,2475,2383,2395,1169.80004882813
4385,2019/11/28,2417,2430,2390,2421,776.400024414063
4385,2019/11/29,2422,2448,2399,2414,634.400024414063
4385,2019/12/02,2385,2415,2370,2378,581.5
4385,2019/12/03,2326,2358,2310,2325,704.799987792969
4385,2019/12/04,2301,2346,2301,2311,610.200012207031
4385,2019/12/05,2311,2331,2280,2318,587.100036621094
4385,2019/12/06,2290,2336,2273,2276,556.400024414063
4385,2019/12/09,2276,2292,2240,2259,639.400024414063
4385,2019/12/10,2227,2239,2166,2168,1419.5
4385,2019/12/11,2151,2184,2084,2092,1854.20007324219
4385,2019/12/12,2061,2094,2030,2061,1790.40002441406
4385,2019/12/13,2070,2093,2040,2042,2478.90014648438
4385,2019/12/16,2035,2096,2014,2094,1157
4385,2019/12/17,2103,2223,2103,2221,1936.30004882813
4385,2019/12/18,2207,2222,2133,2135,1435.70007324219
4385,2019/12/19,2113,2188,2113,2160,1002.40002441406
4385,2019/12/20,2143,2178,2126,2146,1439.20007324219
4385,2019/12/23,2150,2222,2148,2219,2063.10009765625
4385,2019/12/24,2223,2270,2213,2244,1064.59997558594
4385,2019/12/25,2246,2255,2204,2232,822.100036621094
4385,2019/12/26,2201,2269,2201,2242,952.700012207031
4385,2019/12/27,2250,2268,2242,2250,783.100036621094
4385,2019/12/30,2257,2257,2212,2235,519.100036621094
4385,2020/01/06,2190,2211,2138,2142,1056.20007324219
4385,2020/01/07,2172,2221,2152,2206,1052.5
4385,2020/01/08,2209,2232,2144,2203,766.5
4385,2020/01/09,2230,2238,2171,2175,966.400024414063
4385,2020/01/10,2186,2217,2154,2215,770.900024414063
4385,2020/01/14,2236,2244,2170,2175,871.5
4385,2020/01/15,2158,2164,2100,2104,1365.80004882813
4385,2020/01/16,2108,2123,2086,2102,1254.59997558594
4385,2020/01/17,2102,2131,2082,2101,1532.30004882813
4385,2020/01/20,2105,2113,2079,2087,1186.20007324219
4385,2020/01/21,2090,2102,2036,2040,1215.80004882813
4385,2020/01/22,2030,2043,1964,2041,1390.80004882813
4385,2020/01/23,2041,2057,1990,1999,1256.5
4385,2020/01/24,1980,1980,1884,1944,4004.40014648438
4385,2020/01/27,1917,1930,1900,1909,973.799987792969
4385,2020/01/28,1891,1907,1861,1875,1345
4385,2020/01/29,1894,1921,1851,1851,1171.59997558594
4385,2020/01/30,1866,1885,1815,1852,1658.09997558594
4385,2020/01/31,1860,1929,1860,1923,1661.90002441406
4385,2020/02/03,1959,2035,1938,2008,2041.09997558594
4385,2020/02/04,2040,2062,2025,2050,1909.30004882813
4385,2020/02/05,2150,2210,2084,2129,3144.69995117188
4385,2020/02/06,2159,2179,2132,2165,1534.70007324219
4385,2020/02/07,2115,2400,2112,2338,5529.60009765625
4385,2020/02/10,2260,2323,2183,2197,2420.19995117188
4385,2020/02/12,2200,2299,2196,2275,1559.70007324219
4385,2020/02/13,2289,2346,2263,2314,1212.70007324219
4385,2020/02/14,2264,2365,2257,2344,1212.30004882813
4385,2020/02/17,2361,2392,2309,2323,799.200012207031
4385,2020/02/18,2306,2381,2305,2311,745.299987792969
4385,2020/02/19,2392,2493,2366,2449,2213.30004882813
4385,2020/02/20,2467,2471,2390,2395,1099.80004882813
4385,2020/02/21,2444,2549,2416,2448,2447.90014648438
4385,2020/02/25,2310,2444,2285,2441,1043.59997558594
4385,2020/02/26,2420,2505,2382,2391,1668.70007324219
4385,2020/02/27,2341,2432,2335,2388,1313.30004882813
4385,2020/02/28,2302,2459,2289,2443,2150.69995117188
4385,2020/03/02,2393,2419,2271,2299,2908.69995117188
4385,2020/03/03,2337,2388,2257,2286,1685.90002441406
4385,2020/03/04,2211,2347,2186,2319,1322.70007324219
4385,2020/03/05,2320,2405,2271,2394,1407.80004882813
4385,2020/03/06,2326,2371,2297,2301,1506.20007324219
4385,2020/03/09,2240,2266,2149,2186,2031.30004882813
4385,2020/03/10,2136,2285,2017,2197,3016.5
4385,2020/03/11,2186,2259,2167,2170,1599
4385,2020/03/12,2070,2137,2007,2015,1928.40002441406
4385,2020/03/13,1765,2120,1765,2028,2072.5
4385,2020/03/16,2018,2082,1830,1835,1529.40002441406
4385,2020/03/17,1755,1956,1733,1946,3700.10009765625
4385,2020/03/18,1938,1972,1880,1890,1721.90002441406
4385,2020/03/19,1930,1944,1557,1630,3063
4385,2020/03/23,1707,1774,1636,1639,1838.59997558594
4385,2020/03/24,1750,1958,1715,1927,2571.30004882813
4385,2020/03/25,2025,2130,1972,2130,1813.40002441406
4385,2020/03/26,1980,2255,1980,2184,1661.59997558594
4385,2020/03/27,2196,2228,2133,2201,1956.5
4385,2020/03/30,2091,2138,2044,2123,1457.5
4385,2020/03/31,2140,2189,2095,2100,1140.30004882813
4385,2020/04/01,2100,2111,2037,2060,1015.29998779297
4385,2020/04/02,2037,2055,1916,1952,1161.80004882813
4385,2020/04/03,1940,1978,1867,1883,718
4385,2020/04/06,1917,1998,1913,1970,990.100036621094
4385,2020/04/07,2051,2116,2006,2089,920.400024414063
4385,2020/04/08,2070,2095,1974,2073,1197
4385,2020/04/09,2092,2130,2068,2095,821.200012207031
4385,2020/04/10,2092,2108,2033,2071,353.5
4385,2020/04/13,2086,2124,2045,2050,538.700012207031
4385,2020/04/14,2090,2177,2071,2146,1392.59997558594
4385,2020/04/15,2139,2234,2123,2211,1712.80004882813
4385,2020/04/16,2300,2442,2260,2430,3185.60009765625
4385,2020/04/17,2510,2589,2474,2557,2000.5
4385,2020/04/20,2580,2725,2558,2697,1691.20007324219
4385,2020/04/21,2698,2700,2462,2463,1609.80004882813
4385,2020/04/22,2413,2446,2350,2441,1216.09997558594
4385,2020/04/23,2522,2621,2501,2556,1183
4385,2020/04/24,2560,2560,2489,2508,713.400024414063
4385,2020/04/27,2565,2590,2491,2518,598.100036621094
4385,2020/04/28,2528,2698,2475,2658,1343
4385,2020/04/30,2667,2810,2636,2713,2838.90014648438
4385,2020/05/01,2613,2755,2568,2718,2628.19995117188
4385,2020/05/07,2755,2950,2747,2899,4275.2001953125
4385,2020/05/08,2941,2995,2834,2940,2462.10009765625
4385,2020/05/11,2886,2901,2786,2901,2105.90014648438
4385,2020/05/12,2901,2903,2792,2857,1817.59997558594
4385,2020/05/13,2862,2887,2805,2841,1600.90002441406
4385,2020/05/14,2810,2908,2807,2840,1432.09997558594
4385,2020/05/15,2878,2928,2810,2810,1239.20007324219
4385,2020/05/18,2803,2869,2796,2815,957.400024414063
4385,2020/05/19,2865,2880,2737,2802,1156.90002441406
4385,2020/05/20,2848,2944,2814,2942,1573.20007324219
4385,2020/05/21,2950,3025,2924,3000,1931.20007324219
4385,2020/05/22,2975,3050,2911,2922,1521.90002441406
4385,2020/05/25,2989,3045,2941,3015,1148.09997558594
4385,2020/05/26,3035,3040,2912,2920,2070.69995117188
4385,2020/05/27,2890,3010,2871,3000,2000.90002441406
4385,2020/05/28,2992,3050,2978,3050,1532.90002441406
4385,2020/05/29,3060,3275,3060,3210,3531.80004882813
4385,2020/06/01,3175,3400,3175,3380,1777.40002441406
4385,2020/06/02,3450,3470,3310,3355,1375.70007324219
4385,2020/06/03,3425,3495,3345,3410,1722.40002441406
4385,2020/06/04,3415,3430,3250,3275,1980
4385,2020/06/05,3200,3265,3145,3230,1047.30004882813
4385,2020/06/08,3220,3230,3125,3220,993.700012207031
4385,2020/06/09,3170,3210,3055,3125,1516.30004882813
4385,2020/06/10,3110,3230,3090,3165,994.5
4385,2020/06/11,3065,3170,3040,3075,1264.30004882813
4385,2020/06/12,2900,3145,2830,3115,1658.5
4385,2020/06/15,3075,3110,2983,2999,1220.90002441406
4385,2020/06/16,3050,3215,3035,3175,1690.5
4385,2020/06/17,3190,3300,3130,3295,1258.70007324219
4385,2020/06/18,3330,3410,3230,3325,1371
4385,2020/06/19,3345,3360,3230,3255,858.799987792969
4385,2020/06/22,3225,3305,3185,3285,792.100036621094
4385,2020/06/23,3330,3340,3230,3320,751.5
4385,2020/06/24,3295,3330,3280,3300,539.700012207031
4385,2020/06/25,3230,3325,3220,3295,808.700012207031
4385,2020/06/26,3300,3440,3290,3425,1464.70007324219
4385,2020/06/29,3395,3465,3335,3400,1332.70007324219
4385,2020/06/30,3470,3530,3210,3330,1615.30004882813
4385,2020/07/01,3390,3640,3370,3570,2747.10009765625
4385,2020/07/02,3605,3680,3420,3520,1955.09997558594
4385,2020/07/03,3520,3660,3480,3660,1178.40002441406
4385,2020/07/06,3630,3765,3595,3745,1448.90002441406
4385,2020/07/07,3765,3800,3655,3725,1071.20007324219
4385,2020/07/08,3700,3765,3560,3740,1401.20007324219
4385,2020/07/09,3745,3830,3680,3820,1182.5
4385,2020/07/10,3870,4075,3860,4030,2690.90014648438
4385,2020/07/13,3985,4130,3950,4130,1661.09997558594
4385,2020/07/14,4060,4145,4015,4065,1792.20007324219
4385,2020/07/15,4100,4245,4045,4215,1322.20007324219
4385,2020/07/16,4235,4265,4135,4160,1347.40002441406
4385,2020/07/17,4200,4330,4175,4210,1658
4385,2020/07/20,4260,4435,4250,4420,1960.20007324219
4385,2020/07/21,4560,4730,4405,4430,3930.90014648438
4385,2020/07/22,4420,4530,4375,4505,1497.59997558594
4385,2020/07/27,4475,4520,4320,4375,1411.40002441406
4385,2020/07/28,4360,4495,4360,4440,924.100036621094
4385,2020/07/29,4415,4475,4265,4305,1242.09997558594
4385,2020/07/30,4310,4395,4275,4350,821.799987792969
4385,2020/07/31,4325,4450,4235,4420,1342.09997558594
4385,2020/08/03,4510,4760,4460,4735,2624.69995117188
4385,2020/08/04,4795,4825,4640,4815,2170.40014648438
4385,2020/08/05,4770,4855,4695,4740,1278.30004882813
4385,2020/08/06,4700,4800,4560,4660,2158.80004882813
4385,2020/08/07,4900,5340,4830,5170,6060
4385,2020/08/11,5220,5240,4855,5030,3571.10009765625
4385,2020/08/12,4900,4905,4545,4850,4474.89990234375
4385,2020/08/13,4955,5030,4740,4810,2182.40014648438
4385,2020/08/14,4750,4900,4730,4865,1221.30004882813
4385,2020/08/17,4825,4830,4665,4720,1509.80004882813
4385,2020/08/18,4775,4980,4690,4935,2240.40014648438
4385,2020/08/19,4980,5060,4870,5020,1740.80004882813
4385,2020/08/20,4950,4970,4855,4920,1402.09997558594
4385,2020/08/21,4950,5200,4890,5100,2188
4385,2020/08/24,5060,5140,4950,5140,1332.90002441406
4385,2020/08/25,5110,5130,4985,5000,1786.59997558594
4385,2020/08/26,5020,5040,4920,4975,1261.09997558594
4385,2020/08/27,4980,5030,4925,4990,1460.80004882813
4385,2020/08/28,4940,4990,4550,4650,3530.10009765625
4385,2020/08/31,4755,4845,4730,4810,1668.59997558594
4385,2020/09/01,4800,4985,4800,4975,1634.40002441406
4385,2020/09/02,5050,5260,5040,5190,2914.60009765625
4385,2020/09/03,5120,5140,5000,5080,1277.09997558594
4385,2020/09/04,4840,4915,4770,4880,2419.69995117188
4385,2020/09/07,4875,4925,4790,4835,1403
4385,2020/09/08,4890,4910,4655,4890,1374.40002441406
4385,2020/09/09,4750,4875,4745,4875,1258.40002441406
4385,2020/09/10,4935,4985,4770,4795,1342.90002441406
4385,2020/09/11,4795,4825,4590,4715,1852.70007324219
4385,2020/09/14,4650,4675,4545,4580,1243.80004882813
4385,2020/09/15,4625,4790,4605,4735,1429.80004882813
4385,2020/09/16,4775,4900,4775,4870,1191.09997558594
4385,2020/09/17,4845,4845,4695,4825,1178
4385,2020/09/18,4785,4790,4635,4755,1459.90002441406
4385,2020/09/23,4810,5000,4800,5000,1871.30004882813
4385,2020/09/24,4885,4940,4710,4730,1753.59997558594
4385,2020/09/25,4800,4830,4690,4710,989.5
4385,2020/09/28,4665,4820,4500,4650,2077.90014648438
4385,2020/09/29,4655,4790,4630,4790,1314.59997558594
4385,2020/09/30,4745,4895,4715,4850,1210.59997558594
4385,2020/10/02,4900,4940,4815,4910,1549.90002441406
4385,2020/10/05,4965,5040,4840,4985,1697.5
4385,2020/10/06,5050,5090,4965,4985,1814.5
4385,2020/10/07,5000,5400,5000,5390,3414.30004882813
4385,2020/10/08,5430,5640,5310,5550,3031.80004882813
4385,2020/10/09,5530,5670,5380,5470,1899.20007324219
4385,2020/10/12,5570,5840,5550,5820,2846.90014648438
4385,2020/10/13,5800,5870,5640,5810,1860.20007324219
4385,2020/10/14,5860,5930,5740,5760,1517.90002441406
4385,2020/10/15,5720,5770,5470,5550,1891.20007324219
4385,2020/10/16,5500,5560,5390,5500,1130.20007324219
4385,2020/10/19,5590,5610,5490,5590,846.900024414063
4385,2020/10/20,5550,5690,5550,5610,786.100036621094
4385,2020/10/21,5680,5690,5420,5440,980.400024414063
4385,2020/10/22,5390,5390,5020,5080,2309.80004882813
4385,2020/10/23,5040,5040,4720,4900,3295.90014648438
4385,2020/10/26,4860,4860,4605,4625,2399.60009765625
4385,2020/10/27,4555,4865,4530,4775,3309.5
4385,2020/10/28,4705,4725,4460,4495,3068.5
4385,2020/10/29,4450,4575,4350,4490,2520.40014648438
4385,2020/10/30,4420,4520,4375,4400,2340.40014648438
4385,2020/11/02,4330,4660,4235,4340,4912.30029296875
4385,2020/11/04,4400,4595,4180,4585,3622.40014648438
4385,2020/11/05,4650,4815,4425,4500,3651.19995117188
4385,2020/11/06,4570,4580,4455,4515,1598.70007324219
4385,2020/11/09,4585,4585,4455,4550,1355.40002441406
4385,2020/11/10,4220,4245,4005,4015,3840.30004882813
4385,2020/11/11,4055,4220,4050,4210,2796.80004882813
4385,2020/11/12,4270,4370,4230,4290,1980.70007324219
4385,2020/11/13,4235,4355,4160,4340,1507.30004882813
4385,2020/11/16,4400,4420,4355,4390,1552.59997558594
4385,2020/11/17,4320,4390,4300,4370,1627.09997558594
4385,2020/11/18,4300,4405,4210,4250,1048.40002441406
4385,2020/11/19,4315,4315,4225,4290,1356.5
4385,2020/11/20,4300,4350,4190,4230,944.299987792969
4385,2020/11/24,4275,4615,4270,4580,2791.19995117188
4385,2020/11/25,4625,4635,4375,4410,1797.90002441406
4385,2020/11/26,4445,4475,4350,4385,981
4385,2020/11/27,4430,4730,4420,4655,2400
4385,2020/11/30,4635,4780,4605,4780,2017.30004882813
4385,2020/12/01,4915,4940,4785,4865,1896
4385,2020/12/02,4870,4870,4695,4755,1327.20007324219
4385,2020/12/03,4795,4800,4585,4595,1078.90002441406
4385,2020/12/04,4625,4625,4400,4495,1352.70007324219
4385,2020/12/07,4495,4495,4350,4355,1262
4385,2020/12/08,4315,4495,4255,4495,1511.59997558594
4385,2020/12/09,4445,4470,4330,4385,1095.40002441406
4385,2020/12/10,4380,4505,4315,4500,1412.30004882813
4385,2020/12/11,4575,4580,4280,4345,2287.90014648438
4385,2020/12/14,4415,4415,4275,4300,1088.90002441406
4385,2020/12/15,4310,4400,4265,4295,1099.20007324219
4385,2020/12/16,4340,4380,4225,4240,1159.20007324219
4385,2020/12/17,4280,4470,4270,4465,1382.59997558594
4385,2020/12/18,4490,4500,4350,4475,1356.90002441406
4385,2020/12/21,4490,4510,4425,4430,807.299987792969
4385,2020/12/22,4440,4500,4370,4415,918.299987792969
4385,2020/12/23,4440,4500,4385,4500,930.400024414063
4385,2020/12/24,4500,4545,4440,4480,1021.40002441406
4385,2020/12/25,4470,4490,4395,4400,514
4385,2020/12/28,4400,4480,4365,4445,860.900024414063
4385,2020/12/29,4480,4530,4445,4530,641.600036621094
4385,2020/12/30,4530,4580,4430,4575,770.299987792969
4385,2021/01/04,4585,4910,4575,4895,1855.5
4385,2021/01/05,4850,4965,4780,4960,1135
4385,2021/01/06,5060,5270,5020,5050,2149.80004882813
4385,2021/01/07,5140,5240,5020,5240,1606.80004882813
4385,2021/01/08,5340,5450,5330,5370,1376.30004882813
4385,2021/01/12,5430,5550,5360,5530,1824.09997558594
4385,2021/01/13,5500,5870,5490,5830,2734.40014648438
4385,2021/01/14,5800,5850,5450,5450,2217.30004882813
4385,2021/01/15,5610,5750,5470,5680,2129.10009765625
4385,2021/01/18,5590,5740,5550,5620,816.100036621094
4385,2021/01/19,5460,5490,5180,5320,2440.60009765625
4385,2021/01/20,5340,5350,5050,5100,1759.09997558594
4385,2021/01/21,5200,5340,5060,5290,1630.70007324219
4385,2021/01/22,5200,5310,5120,5250,881.5
4385,2021/01/25,5340,5450,5100,5140,2020.5
4385,2021/01/26,5180,5270,5140,5240,1179.59997558594
4385,2021/01/27,5310,5400,5200,5270,1022.20001220703
4385,2021/01/28,5210,5280,5110,5140,1191.90002441406
4385,2021/01/29,5220,5310,5030,5040,1629.40002441406
4385,2021/02/01,5130,5170,4965,5090,1039.70007324219
4385,2021/02/02,5150,5150,5030,5070,736.700012207031
4385,2021/02/03,5110,5170,5010,5120,666.400024414063
4385,2021/02/04,5210,5400,5180,5340,1843.5
4385,2021/02/05,5090,5090,4815,4970,5023.10009765625
4385,2021/02/08,5110,5170,4990,5140,1908.30004882813
4385,2021/02/09,5170,5220,5050,5160,974.5
4385,2021/02/10,5190,5600,5180,5560,2651.60009765625
4385,2021/02/12,5640,6230,5600,6160,3636.19995117188
4385,2021/02/15,6150,6230,5920,6140,1602.59997558594
4385,2021/02/16,6240,6400,5930,5970,2300.10009765625
4385,2021/02/17,5800,5800,5460,5520,2751.90014648438
4385,2021/02/18,5600,5640,5380,5440,1171.5
4385,2021/02/19,5400,5620,5320,5530,1081
4385,2021/02/22,5480,5590,5400,5490,688.600036621094
4385,2021/02/24,5380,5440,5180,5250,1764.40002441406
4385,2021/02/25,5260,5390,5160,5360,904.900024414063
4385,2021/02/26,5160,5220,5050,5120,1977.80004882813
4385,2021/03/01,5160,5300,5060,5260,894.700012207031
4385,2021/03/02,5860,5870,5430,5480,2821.10009765625
4385,2021/03/03,5570,5690,5340,5440,2089.80004882813
4385,2021/03/04,5250,5320,5110,5250,1560.09997558594
4385,2021/03/05,5130,5180,4960,5180,2128.90014648438
4385,2021/03/08,5280,5370,5110,5160,1782.30004882813
4385,2021/03/09,5040,5290,4950,5280,1741.40002441406
4385,2021/03/10,5380,5480,5110,5130,1439.59997558594
4385,2021/03/11,5050,5200,5030,5180,1056.80004882813
4385,2021/03/12,5280,5320,5130,5310,1038.40002441406
4385,2021/03/15,5310,5310,5090,5160,1169
4385,2021/03/16,5150,5350,5090,5300,1201.5
4385,2021/03/17,5270,5500,5260,5400,1121.20007324219
4385,2021/03/18,5440,5750,5370,5640,2455.10009765625
4385,2021/03/19,5540,5630,5410,5510,1326.30004882813
4385,2021/03/22,5510,5650,5430,5450,699
4385,2021/03/23,5460,5560,5380,5420,901.900024414063
4385,2021/03/24,5320,5340,5040,5150,1892.5
4385,2021/03/25,5080,5120,5010,5080,995.5
4385,2021/03/26,5140,5210,5070,5110,839.200012207031
4385,2021/03/29,5150,5160,4910,4915,1413
4385,2021/03/30,4950,5000,4860,4960,899.600036621094
4385,2021/03/31,4915,5040,4870,5020,783.400024414063
4385,2021/04/01,5100,5250,5030,5160,1024.20007324219
4385,2021/04/02,5220,5320,5160,5280,977
4385,2021/04/05,5470,5480,5290,5320,1253.5
4385,2021/04/06,5340,5340,5150,5180,769.299987792969
4385,2021/04/07,5160,5280,5100,5250,728.799987792969
4385,2021/04/08,5190,5260,5140,5140,452
4385,2021/04/09,5130,5280,5120,5260,685
4385,2021/04/12,5260,5280,5150,5150,726
4385,2021/04/13,5170,5190,5070,5140,848.600036621094
4385,2021/04/14,5150,5320,5140,5300,1026
4385,2021/04/15,5230,5280,5160,5220,645.400024414063
4385,2021/04/16,5230,5420,5230,5390,1194
4385,2021/04/19,5320,5500,5310,5430,877.100036621094
4385,2021/04/20,5370,5410,5290,5330,705.400024414063
4385,2021/04/21,5250,5280,5160,5210,802.200012207031
4385,2021/04/22,5290,5440,5270,5420,947.299987792969
4385,2021/04/23,5390,5440,5300,5340,626
4385,2021/04/26,5350,5370,5270,5350,543.5
4385,2021/04/27,5370,5450,5360,5430,808.100036621094
4385,2021/04/28,5360,5490,5330,5440,781.700012207031
4385,2021/04/30,5460,5500,5340,5400,1253.20007324219
4385,2021/05/06,5550,5720,5420,5500,1977.09997558594
4385,2021/05/07,5440,5450,5150,5160,1875.30004882813
4385,2021/05/10,5130,5170,5040,5080,844.299987792969
4385,2021/05/11,5030,5070,4760,4795,2450.5
4385,2021/05/12,4915,4990,4850,4945,1479.70007324219
4385,2021/05/13,4825,5000,4710,4900,1332.20007324219
4385,2021/05/14,4845,4990,4840,4965,764.700012207031
4385,2021/05/17,4940,5020,4760,4800,1146.70007324219
4385,2021/05/18,4810,4910,4775,4860,638.600036621094
4385,2021/05/19,4810,4905,4775,4880,710.200012207031
4385,2021/05/20,4900,4930,4820,4900,839.600036621094
4385,2021/05/21,4980,5060,4970,5050,896.299987792969
4385,2021/05/24,5020,5130,5000,5030,595
4385,2021/05/25,5100,5110,4975,5040,599
4385,2021/05/26,5070,5300,5060,5290,1249.30004882813
4385,2021/05/27,5320,5400,5210,5400,2303.90014648438
4385,2021/05/28,5400,5440,5220,5240,859.100036621094
4385,2021/05/31,5240,5290,5150,5190,503
4385,2021/06/01,5190,5220,5110,5210,448
4385,2021/06/02,5210,5270,5130,5160,607.600036621094
4385,2021/06/03,5190,5270,5120,5260,586.700012207031
4385,2021/06/04,5220,5220,5060,5080,728.700012207031
4385,2021/06/07,5150,5180,5090,5100,624.600036621094
4385,2021/06/08,5220,5370,5200,5220,1049.40002441406
4385,2021/06/09,5210,5210,5090,5190,612.700012207031
4385,2021/06/10,5170,5300,5130,5280,558.400024414063
4385,2021/06/11,5320,5390,5280,5310,613.5
4385,2021/06/14,5370,5500,5360,5500,940.700012207031
4385,2021/06/15,5520,5540,5430,5500,383.5
4385,2021/06/16,5410,5470,5370,5450,484.899993896484
4385,2021/06/17,5400,5420,5320,5360,520.799987792969
4385,2021/06/18,5460,5590,5390,5440,1231.5
4385,2021/06/21,5250,5340,5250,5280,563.700012207031
4385,2021/06/22,5320,5320,5150,5150,907
4385,2021/06/23,5220,5220,5120,5190,583.400024414063
4385,2021/06/24,5590,5840,5470,5630,4252.30029296875
4385,2021/06/25,5620,5970,5610,5960,2637.5
4385,2021/06/28,5980,6110,5950,6030,1515.20007324219
4385,2021/06/29,5890,5950,5720,5930,1919.90002441406
4385,2021/06/30,5890,6060,5850,5900,1308.70007324219
4385,2021/07/01,5970,6060,5930,6060,1009.20001220703
4385,2021/07/02,6160,6260,6060,6200,1398.90002441406
4385,2021/07/05,6230,6300,5890,5950,1383.80004882813
4385,2021/07/06,5950,5990,5830,5910,796.200012207031
4385,2021/07/07,5880,5970,5810,5820,757.900024414063
4385,2021/07/08,5860,6070,5840,6030,1053.30004882813
4385,2021/07/09,6000,6030,5880,6030,631.799987792969
4385,2021/07/12,6080,6120,6030,6100,481
4385,2021/07/13,6070,6150,6040,6090,501.700012207031
4385,2021/07/14,6020,6090,5980,6020,609.299987792969
4385,2021/07/15,6020,6040,5840,5850,453.700012207031
4385,2021/07/16,5770,5870,5740,5820,424.200012207031
4385,2021/07/19,5790,5830,5610,5610,682.799987792969
4385,2021/07/20,5600,5630,5520,5560,669.200012207031
4385,2021/07/21,5700,5830,5610,5680,906.5
4385,2021/07/26,5770,5800,5660,5670,374.300018310547
4385,2021/07/27,5670,5700,5610,5630,294.5
4385,2021/07/28,5550,5600,5430,5500,684.900024414063
4385,2021/07/29,5610,5800,5550,5790,881.5
4385,2021/07/30,5690,5760,5620,5720,750.799987792969
4385,2021/08/02,5820,5890,5760,5830,830.799987792969
4385,2021/08/03,5820,5880,5680,5860,625.600036621094
4385,2021/08/04,5910,6310,5890,6270,2187
4385,2021/08/05,6240,6280,6110,6130,805.400024414063
4385,2021/08/06,6120,6170,5960,6000,694.600036621094
4385,2021/08/10,6080,6080,5930,6050,746.5
4385,2021/08/11,6120,6170,6030,6110,565.900024414063
4385,2021/08/12,6130,6180,6040,6130,893.5
4385,2021/08/13,6280,6280,5620,5770,4850.10009765625
4385,2021/08/16,5660,5660,5410,5440,1678
4385,2021/08/17,5340,5430,5200,5220,1782.70007324219
4385,2021/08/18,5180,5410,4990,5400,2993.5
4385,2021/08/19,5240,5340,5100,5140,1660
4385,2021/08/20,5040,5190,5020,5160,1160
4385,2021/08/23,5190,5270,5060,5260,1096.90002441406
4385,2021/08/24,5220,5330,5100,5100,1160.90002441406
4385,2021/08/25,5200,5440,5190,5400,1861.59997558594
4385,2021/08/26,5310,5500,5300,5460,1136.90002441406
4385,2021/08/27,5470,5470,5260,5290,848.100036621094
4385,2021/08/30,5360,5390,5230,5300,732.5
4385,2021/08/31,5310,5450,5280,5440,872.799987792969
4385,2021/09/01,5360,5450,5340,5390,662.700012207031
4385,2021/09/02,5460,5530,5410,5520,951.5
4385,2021/09/03,5520,5520,5400,5420,899.600036621094
4385,2021/09/06,5520,5590,5460,5570,698.400024414063
4385,2021/09/07,5650,5870,5650,5850,1490.40002441406
4385,2021/09/08,5850,6050,5740,6040,1883.59997558594
4385,2021/09/09,5900,6070,5880,5950,1225.20007324219
4385,2021/09/10,6050,6120,6000,6020,1389.59997558594
4385,2021/09/13,6100,6290,6080,6220,1556
4385,2021/09/14,6280,6530,6250,6400,2092.69995117188
4385,2021/09/15,6540,6560,6360,6400,1424
4385,2021/09/16,6400,6410,6010,6100,1571.70007324219
4385,2021/09/17,6200,6210,5990,6120,1476.80004882813
4385,2021/09/21,5950,6080,5870,5990,1538.80004882813
4385,2021/09/22,6000,6190,5970,6120,1123.90002441406
4385,2021/09/24,6250,6330,6170,6240,1155.80004882813
4385,2021/09/27,6270,6280,6110,6200,754.600036621094
4385,2021/09/28,6300,6320,5920,5980,1612.30004882813
4385,2021/09/29,5860,5950,5800,5920,1506.80004882813
4385,2021/09/30,5960,6170,5940,6160,1162.5
4385,2021/10/01,6170,6480,6150,6410,2473.69995117188
4385,2021/10/04,6500,6540,6210,6330,1514.90002441406
4385,2021/10/05,6200,6260,6080,6200,1510.80004882813
4385,2021/10/06,6300,6410,6110,6160,1564.20007324219
4385,2021/10/07,6200,6380,6190,6210,1377.80004882813
4385,2021/10/08,6310,6710,6260,6640,3202.80004882813
4385,2021/10/11,6730,6780,6440,6780,1866.70007324219
4385,2021/10/12,6740,6740,6370,6410,2350.80004882813
4385,2021/10/13,6450,6650,6390,6440,1470.70007324219
4385,2021/10/14,6400,6500,6330,6360,813.799987792969
4385,2021/10/15,6400,6600,6380,6580,1212
4385,2021/10/18,6580,6660,6490,6510,830.600036621094
4385,2021/10/19,6680,6980,6650,6950,1994.40002441406
4385,2021/10/20,6860,6950,6700,6900,1407.30004882813
4385,2021/10/21,6780,6920,6710,6790,875
4385,2021/10/22,6890,6890,6670,6710,1026.09997558594
4385,2021/10/25,6660,6740,6360,6500,1971.5
4385,2021/10/26,6570,6620,6450,6500,1221.30004882813
4385,2021/10/27,6410,6490,6250,6320,1269.59997558594
4385,2021/10/28,6290,6390,6150,6370,976
4385,2021/10/29,6390,6410,6130,6150,1454.09997558594
4385,2021/11/01,6070,6710,6000,6620,3288.40014648438
4385,2021/11/02,6580,6810,6530,6760,1565.09997558594
4385,2021/11/04,6860,7120,6850,6960,1593.70007324219
4385,2021/11/05,7040,7100,6960,7010,1039.09997558594
4385,2021/11/08,7100,7100,6800,6850,1295.90002441406
4385,2021/11/09,6950,7080,6860,6860,1000.40002441406
4385,2021/11/10,6890,6900,6680,6750,1088.80004882813
4385,2021/11/11,6650,6800,6580,6800,535.5
4385,2021/11/12,6850,6930,6790,6840,545.400024414063
4385,2021/11/15,6930,7100,6880,7100,1004.90002441406
4385,2021/11/16,7010,7040,6860,6900,827.700012207031
4385,2021/11/17,7080,7180,6980,7130,1115.59997558594
4385,2021/11/18,7240,7320,7050,7180,934.299987792969
4385,2021/11/19,7110,7220,6990,7010,916.700012207031
4385,2021/11/22,7100,7390,7100,7320,1346.20007324219
4385,2021/11/24,7110,7120,6800,6980,2009.59997558594
4385,2021/11/25,7150,7290,7080,7080,1215.5
4385,2021/11/26,7050,7150,7010,7070,564.600036621094
4385,2021/11/29,7070,7210,7030,7050,898.100036621094
4385,2021/11/30,7170,7220,6890,6890,1093.59997558594
4385,2021/12/01,6970,7010,6640,6920,988.5
4385,2021/12/02,6910,7060,6770,6850,1034
4385,2021/12/03,6810,6940,6650,6850,886.600036621094
4385,2021/12/06,6730,6750,6320,6330,1625.09997558594
4385,2021/12/07,6530,6580,6390,6540,1142.70007324219
4385,2021/12/08,6670,6820,6630,6740,933.400024414063
4385,2021/12/09,6700,6770,6600,6640,1194.90002441406
4385,2021/12/10,6540,6550,6370,6460,1154.20007324219
4385,2021/12/13,6620,6650,6480,6580,1145.80004882813
4385,2021/12/14,6480,6500,6300,6310,834.900024414063
4385,2021/12/15,6350,6580,6340,6530,1052.80004882813
4385,2021/12/16,6630,6650,6090,6190,2345.60009765625
4385,2021/12/17,6100,6130,6020,6040,1368.40002441406
4385,2021/12/20,6030,6170,5900,5900,951.5
4385,2021/12/21,6000,6070,5880,6060,972.299987792969
4385,2021/12/22,6100,6190,6040,6190,969.299987792969
4385,2021/12/23,6190,6200,6020,6070,996.299987792969
4385,2021/12/24,6120,6210,6120,6150,1100.40002441406
4385,2021/12/27,6160,6170,6070,6110,581
4385,2021/12/28,6140,6140,5970,6000,890.200012207031
4385,2021/12/29,5940,5990,5850,5880,776.5
4385,2021/12/30,5870,5920,5780,5860,627
4385,2022/01/04,5810,5860,5730,5800,918.100036621094
4385,2022/01/05,5570,5700,5510,5510,1680.09997558594
4385,2022/01/06,5250,5450,5170,5180,2330.19995117188
4385,2022/01/07,5270,5310,5160,5260,1951.30004882813
4385,2022/01/11,5210,5230,5050,5230,1704.5
4385,2022/01/12,5360,5490,5310,5330,1246.70007324219
4385,2022/01/13,5310,5320,5060,5060,1293.30004882813
4385,2022/01/14,4915,4940,4670,4765,3011.69995117188
4385,2022/01/17,4875,5010,4775,4945,2085.40014648438
4385,2022/01/18,4910,5000,4815,4935,1888.5
4385,2022/01/19,4865,4955,4820,4890,1874
4385,2022/01/20,4820,4945,4725,4920,2060.40014648438
4385,2022/01/21,4800,4870,4735,4850,2337
4385,2022/01/24,4725,4730,4455,4710,3214.5
4385,2022/01/25,4795,4805,4490,4515,1840.09997558594
4385,2022/01/26,4445,4500,4340,4410,2435.69995117188
4385,2022/01/27,4365,4405,3990,4010,4114.30029296875
4385,2022/01/28,4145,4220,4070,4140,3481.19995117188
4385,2022/01/31,4165,4370,4140,4270,2744
4385,2022/02/01,4440,4585,4275,4305,3928.80004882813
4385,2022/02/02,4410,4460,4305,4430,1972.20007324219
4385,2022/02/03,4250,4275,4105,4190,2243.69995117188
4385,2022/02/04,3700,3890,3560,3810,7187
4385,2022/02/07,3755,3850,3590,3625,4064.69995117188
4385,2022/02/08,3620,3705,3485,3525,3160.10009765625
4385,2022/02/09,3605,3690,3515,3680,2367.10009765625
4385,2022/02/10,3855,3930,3720,3895,4169.60009765625
4385,2022/02/14,3710,3850,3555,3620,3695.10009765625
4385,2022/02/15,3660,3670,3475,3520,2964.30004882813
4385,2022/02/16,3660,3695,3550,3575,2346.30004882813
4385,2022/02/17,3505,3515,3330,3370,3536.60009765625
4385,2022/02/18,3215,3385,3210,3360,4150.39990234375
4385,2022/02/21,3205,3340,3110,3310,5428.39990234375
4385,2022/02/22,3240,3560,3215,3410,5860
4385,2022/02/24,3345,3405,3190,3245,5595.60009765625
4385,2022/02/25,3455,3465,3310,3425,3991.40014648438
4385,2022/02/28,3420,3600,3360,3550,4176.60009765625
4385,2022/03/01,3620,3865,3555,3795,4990.5
4385,2022/03/02,3700,3745,3530,3650,4229
4385,2022/03/03,3700,3710,3465,3470,4592.80029296875
4385,2022/03/04,3370,3425,3320,3375,3550.69995117188
4385,2022/03/07,3255,3320,3160,3200,2668.60009765625
4385,2022/03/08,3100,3220,3060,3120,3786.5
4385,2022/03/09,3205,3220,3000,3015,2619.69995117188
4385,2022/03/10,3225,3285,3120,3140,3225.40014648438
4385,2022/03/11,2990,3020,2714,2756,10878.7001953125
4385,2022/03/14,2763,2850,2627,2824,10666.5
4385,2022/03/15,2720,2860,2675,2750,9538.400390625
4385,2022/03/16,2830,2880,2751,2810,7096.5
4385,2022/03/17,2990,3120,2954,3075,6424.5
4385,2022/03/18,3055,3220,3045,3200,4765.30029296875
4385,2022/03/22,3215,3220,3065,3120,4440.80029296875
4385,2022/03/23,3215,3355,3170,3280,3677.10009765625
4385,2022/03/24,3160,3295,3140,3295,2968.5
4385,2022/03/25,3335,3390,3200,3350,3266.30004882813
4385,2022/03/28,3220,3235,3070,3080,4132.80029296875
4385,2022/03/29,3175,3280,3145,3230,3235.10009765625
4385,2022/03/30,3360,3365,3235,3280,2768
4385,2022/03/31,3200,3230,3110,3225,3360.10009765625
4385,2022/04/01,3200,3310,3145,3275,3040
4385,2022/04/04,3275,3420,3215,3380,2660.30004882813
4385,2022/04/05,3545,3570,3440,3495,4625.39990234375
4385,2022/04/06,3350,3420,3275,3280,4430.7001953125
4385,2022/04/07,3140,3230,3090,3105,3322.69995117188
4385,2022/04/08,3080,3165,3025,3035,2933.40014648438
4385,2022/04/11,2930,2931,2759,2814,6773.10009765625
4385,2022/04/12,2791,2888,2750,2837,5393.10009765625
4385,2022/04/13,2828,2931,2815,2886,5062.5
4385,2022/04/14,2893,2916,2792,2870,4348.10009765625
4385,2022/04/15,2771,2812,2717,2746,4015
4385,2022/04/18,2707,2789,2693,2718,3372.69995117188
4385,2022/04/19,2730,2739,2620,2622,4774.5
4385,2022/04/20,2634,2634,2373,2379,12589.900390625
4385,2022/04/21,2329,2437,2312,2399,14298.900390625
4385,2022/04/22,2299,2335,2192,2220,13086
4385,2022/04/25,2160,2256,2146,2169,10804.900390625
4385,2022/04/26,2233,2318,2169,2278,11607.400390625
4385,2022/04/27,2190,2266,2162,2251,8140.60009765625
4385,2022/04/28,2250,2255,2182,2210,7313.60009765625
4385,2022/05/02,2138,2369,2118,2329,23764.80078125
4385,2022/05/06,2270,2292,2139,2141,12728.7001953125
4385,2022/05/09,2091,2197,2076,2132,8537.2001953125
4385,2022/05/10,2132,2230,2111,2207,12890
4385,2022/05/11,2242,2311,2166,2266,9507.5
4385,2022/05/12,2203,2208,2072,2077,10740.400390625
4385,2022/05/13,2170,2287,2139,2251,10263.400390625
4385,2022/05/16,2303,2345,2195,2205,6650.7001953125
4385,2022/05/17,2155,2198,2091,2114,5777.39990234375
4385,2022/05/18,2158,2206,2115,2143,5796.89990234375
4385,2022/05/19,2070,2105,2046,2070,6162.89990234375
4385,2022/05/20,2120,2144,2047,2068,6118.2001953125
4385,2022/05/23,2070,2083,2021,2061,5997.89990234375
4385,2022/05/24,2051,2060,1936,1947,9608.7001953125
4385,2022/05/25,1950,1967,1864,1878,7314.10009765625
4385,2022/05/26,1880,2040,1873,1932,14200.7998046875
4385,2022/05/27,2023,2026,1910,1932,7472.39990234375
4385,2022/05/30,1972,2120,1961,2092,10891.900390625
4385,2022/05/31,2062,2134,2023,2129,15757.7001953125
4385,2022/06/01,2279,2359,2247,2280,25170.80078125
4385,2022/06/02,2232,2270,2108,2118,13568.7001953125
4385,2022/06/03,2175,2199,2116,2135,9384.7998046875
4385,2022/06/06,2085,2175,2058,2160,7380.30029296875
4385,2022/06/07,2159,2159,2021,2027,9106.2001953125
4385,2022/06/08,2052,2146,2039,2135,8204.5
4385,2022/06/09,2161,2259,2142,2239,8881.2001953125
4385,2022/06/10,2180,2187,2127,2169,6466.7001953125
4385,2022/06/13,2076,2093,1969,1995,8670.6005859375
4385,2022/06/14,1940,2041,1908,2036,7435.80029296875
4385,2022/06/15,2005,2041,1965,2010,6486.2001953125
4385,2022/06/16,2075,2079,1957,1959,6888.7001953125
4385,2022/06/17,1901,1954,1893,1925,7036.2001953125
4385,2022/06/20,1975,1975,1889,1924,4563
4385,2022/06/21,1957,1998,1928,1984,4186.2001953125
4385,2022/06/22,1980,1999,1892,1903,5353
4385,2022/06/23,1899,1923,1850,1891,6032.80029296875
4385,2022/06/24,1931,2128,1914,2121,13955.7998046875
4385,2022/06/27,2100,2134,2062,2092,7055.39990234375
4385,2022/06/28,2051,2079,2022,2052,6500.5
4385,2022/06/29,1983,1996,1930,1964,7931.30029296875
4385,2022/06/30,1949,1977,1936,1950,4738.5
4385,2022/07/01,1966,2058,1919,1938,8429.7998046875
4385,2022/07/04,1956,2045,1928,1980,6435.39990234375
4385,2022/07/05,2010,2092,1986,2046,7409.30029296875
4385,2022/07/06,2138,2214,2070,2087,9496.900390625
4385,2022/07/07,2088,2108,2035,2095,5046.5
4385,2022/07/08,2142,2220,2124,2194,9445.400390625
4385,2022/07/11,2249,2263,2125,2145,8773.7001953125
4385,2022/07/12,2107,2155,2102,2142,5173.60009765625
4385,2022/07/13,2137,2192,2118,2133,6052.89990234375
4385,2022/07/14,2112,2144,2064,2139,5389.80029296875
4385,2022/07/15,2128,2168,2101,2114,4345.5
4385,2022/07/19,2135,2147,2062,2135,4960.80029296875
4385,2022/07/20,2177,2219,2153,2169,4919.7001953125
4385,2022/07/21,2191,2274,2187,2215,7150.39990234375
4385,2022/07/22,2205,2212,2162,2201,3970.30004882813
4385,2022/07/25,2179,2192,2125,2128,4995.30029296875
4385,2022/07/26,2105,2139,2087,2130,3783.60009765625
4385,2022/07/27,2118,2162,2104,2155,5036.89990234375
4385,2022/07/28,2200,2265,2168,2190,17837.80078125
4385,2022/07/29,2210,2316,2206,2285,8546.7001953125
4385,2022/08/01,2285,2397,2238,2397,8937.5
4385,2022/08/02,2408,2415,2283,2300,7613.30029296875
4385,2022/08/03,2341,2386,2313,2371,7237.2001953125
4385,2022/08/04,2415,2443,2371,2404,7229.80029296875
4385,2022/08/05,2388,2417,2284,2295,8289.900390625
4385,2022/08/08,2250,2334,2221,2304,6630.5
4385,2022/08/09,2195,2269,2088,2090,13673.7998046875
4385,2022/08/10,2047,2051,1960,1981,11340.900390625
4385,2022/08/12,2021,2094,2014,2074,7539.5
4385,2022/08/15,2100,2180,2094,2178,8026.10009765625
4385,2022/08/16,2170,2280,2167,2278,6796
4385,2022/08/17,2268,2413,2263,2408,10916.2001953125
4385,2022/08/18,2335,2486,2304,2481,12442.5
4385,2022/08/19,2501,2634,2467,2485,21530
4385,2022/08/22,2400,2440,2362,2379,10265.900390625
4385,2022/08/23,2335,2368,2290,2345,7988.7001953125
4385,2022/08/24,2353,2364,2274,2301,8086.5
4385,2022/08/25,2325,2410,2312,2342,12100.6005859375
4385,2022/08/26,2392,2432,2315,2412,12089.2998046875
4385,2022/08/29,2291,2311,2226,2247,12006.7001953125
4385,2022/08/30,2264,2352,2259,2299,13754.7998046875
4385,2022/08/31,2260,2287,2234,2280,9722.900390625
4385,2022/09/01,2249,2255,2186,2192,7851.30029296875
4385,2022/09/02,2204,2375,2199,2329,19623.80078125
4385,2022/09/05,2337,2388,2288,2327,12465
4385,2022/09/06,2344,2362,2163,2207,18182.5
4385,2022/09/07,2173,2186,2094,2118,8931.7001953125
4385,2022/09/08,2182,2205,2107,2123,9680.7001953125
4385,2022/09/09,2132,2149,2071,2123,9932.6005859375
4385,2022/09/12,2168,2243,2141,2240,10175.2998046875
4385,2022/09/13,2257,2315,2253,2289,9664.400390625
4385,2022/09/14,2165,2278,2160,2258,10491
4385,2022/09/15,2260,2365,2227,2321,14357
4385,2022/09/16,2293,2300,2173,2185,11971.7998046875
4385,2022/09/20,2195,2221,2122,2152,10745.400390625
4385,2022/09/21,2120,2157,2068,2155,10334.7001953125
4385,2022/09/22,2111,2225,2092,2215,13688.7998046875
4385,2022/09/26,2165,2215,2147,2167,10146.6005859375
4385,2022/09/27,2210,2230,2094,2119,11232.400390625
4385,2022/09/28,2096,2109,1990,2011,12528.2001953125
4385,2022/09/29,2075,2084,1999,2051,13946.5
4385,2022/09/30,2022,2039,1921,1934,13432.2001953125
4385,2022/10/03,1901,2002,1885,1999,11578.2001953125
4385,2022/10/04,2079,2196,2062,2196,15810.7998046875
4385,2022/10/05,2208,2257,2148,2190,12425.400390625
4385,2022/10/06,2204,2333,2198,2298,15414.7998046875
4385,2022/10/07,2248,2359,2238,2312,14497
4385,2022/10/11,2250,2278,2166,2172,12307.400390625
4385,2022/10/12,2141,2183,2124,2179,10337
4385,2022/10/13,2197,2198,2139,2161,8759
4385,2022/10/14,2240,2277,2158,2164,12635.2998046875
4385,2022/10/17,2121,2145,2076,2095,10078.5
4385,2022/10/18,2158,2206,2117,2194,14114.900390625
4385,2022/10/19,2166,2204,2135,2144,10801.7998046875
4385,2022/10/20,2109,2147,2075,2141,10032.6005859375
4385,2022/10/21,2143,2242,2135,2208,11733.900390625
4385,2022/10/24,2233,2271,2201,2233,12282.7001953125
4385,2022/10/25,2240,2335,2229,2298,11061.5
4385,2022/10/26,2333,2388,2304,2351,11411.5
4385,2022/10/27,2330,2367,2297,2309,8142.30029296875
4385,2022/10/28,2287,2423,2273,2399,12155.5
4385,2022/10/31,2440,2529,2429,2475,12901.900390625
4385,2022/11/01,2675,2895,2585,2895,41432.5
4385,2022/11/02,2875,2890,2690,2722,23627.701171875
4385,2022/11/04,2651,2782,2649,2741,15048.2001953125
4385,2022/11/07,2748,2752,2632,2746,12664.7998046875
4385,2022/11/08,2759,2823,2731,2784,11126.7001953125
4385,2022/11/09,2784,2885,2753,2762,12812.7001953125
4385,2022/11/10,2712,2787,2702,2714,9130.2001953125
4385,2022/11/11,2864,3025,2846,3020,20340.30078125
4385,2022/11/14,3135,3190,2990,3045,8712.2998046875
4385,2022/11/15,3025,3075,2978,3045,3902.19995117188
4385,2022/11/16,3095,3130,2982,3040,4910.5
4385,2022/11/17,2972,3030,2966,3020,3818.60009765625
4385,2022/11/18,2980,2986,2866,2866,8770.5
4385,2022/11/21,2846,2919,2835,2872,6654.7001953125
4385,2022/11/22,2825,2918,2811,2872,6655.89990234375
4385,2022/11/24,2931,2982,2913,2942,6842.89990234375
4385,2022/11/25,2952,3005,2896,2925,6005.7001953125
4385,2022/11/28,2950,2982,2872,2882,7940.60009765625
4385,2022/11/29,2850,2865,2808,2850,5210.2001953125
4385,2022/11/30,2820,2821,2741,2811,8638.2001953125
4385,2022/12/01,2936,3015,2888,2979,13517.5
4385,2022/12/02,2987,3095,2975,3090,5763.5
4385,2022/12/05,3100,3170,3030,3050,5876.89990234375
4385,2022/12/06,3000,3030,2964,2977,5253.80029296875
4385,2022/12/07,2944,2959,2875,2882,6328.7001953125
4385,2022/12/08,2860,2892,2807,2889,6175.80029296875
4385,2022/12/09,2913,2933,2860,2907,6318.39990234375
4385,2022/12/12,2863,2953,2863,2887,5698.60009765625
4385,2022/12/13,2910,2914,2826,2873,6654.39990234375
4385,2022/12/14,2899,2955,2861,2909,7851.30029296875
4385,2022/12/15,2908,3015,2887,2982,10706.2998046875
4385,2022/12/16,2922,2924,2801,2803,9810.900390625
4385,2022/12/19,2753,2819,2723,2764,7131.39990234375
4385,2022/12/20,2733,2805,2655,2668,9355.7998046875
4385,2022/12/21,2665,2703,2597,2662,8859.2001953125
4385,2022/12/22,2678,2684,2605,2605,5919
4385,2022/12/23,2555,2660,2537,2645,8221.5
4385,2022/12/26,2640,2695,2620,2630,5266.60009765625
4385,2022/12/27,2649,2730,2645,2723,5969.39990234375
4385,2022/12/28,2685,2708,2594,2632,5991.5
4385,2022/12/29,2595,2664,2591,2653,5106.2001953125
4385,2022/12/30,2700,2752,2627,2699,6999.60009765625
4385,2023/01/04,2700,2745,2669,2685,4988.5
4385,2023/01/05,2721,2814,2716,2810,7502
4385,2023/01/06,2770,2892,2755,2828,7899.89990234375
4385,2023/01/10,2864,2891,2819,2831,4933.60009765625
4385,2023/01/11,2862,2873,2761,2792,5166.2001953125
4385,2023/01/12,2799,2860,2771,2833,5761.5
4385,2023/01/13,2849,3025,2840,2925,12642.400390625
4385,2023/01/16,2900,2935,2845,2845,5787.89990234375
4385,2023/01/17,2838,2864,2783,2798,6639.89990234375
4385,2023/01/18,2812,2898,2766,2898,7050.39990234375
4385,2023/01/19,2823,2830,2747,2777,7925.89990234375
4385,2023/01/20,2755,2781,2703,2711,5348.80029296875
4385,2023/01/23,2761,2766,2688,2716,5068.60009765625
4385,2023/01/24,2735,2790,2722,2768,7509.5
4385,2023/01/25,2760,2762,2701,2703,5447.30029296875
4385,2023/01/26,2710,2749,2695,2709,5116.80029296875
4385,2023/01/27,2735,2770,2722,2738,4250.80029296875
4385,2023/01/30,2776,2826,2703,2707,7275.2001953125
4385,2023/01/31,2729,2810,2692,2799,8082.89990234375
4385,2023/02/01,2834,2927,2822,2909,8702.7001953125
4385,2023/02/02,2959,2980,2856,2890,9031.6005859375
4385,2023/02/03,2940,2940,2854,2909,7243.60009765625
4385,2023/02/06,2881,2988,2871,2904,8170.10009765625
4385,2023/02/07,2880,2961,2858,2951,6143.60009765625
4385,2023/02/08,3125,3195,3020,3075,11057.900390625
4385,2023/02/09,3020,3030,2740,2781,19846.701171875
4385,2023/02/10,2782,2830,2713,2733,11651.900390625
4385,2023/02/13,2695,2701,2614,2630,8070.10009765625
4385,2023/02/14,2670,2674,2563,2610,10722.400390625
4385,2023/02/15,2629,2631,2560,2606,7672.2001953125
4385,2023/02/16,2616,2708,2611,2663,9789.7998046875
4385,2023/02/17,2619,2629,2531,2539,8687.6005859375
4385,2023/02/20,2491,2549,2460,2544,7844.5
4385,2023/02/21,2511,2531,2454,2455,7044.89990234375
4385,2023/02/22,2398,2454,2390,2401,7866
4385,2023/02/24,2424,2439,2366,2374,6196.10009765625
4385,2023/02/27,2328,2373,2320,2339,5301.30029296875
4385,2023/02/28,2389,2429,2346,2418,9967.1005859375
4385,2023/03/01,2403,2435,2371,2405,6030.7001953125
4385,2023/03/02,2375,2408,2348,2404,6180.2001953125
4385,2023/03/03,2476,2514,2446,2511,7507.7001953125
4385,2023/03/06,2561,2566,2512,2554,5509.80029296875
4385,2023/03/07,2521,2551,2515,2523,3556.40014648438
4385,2023/03/08,2511,2532,2495,2515,4114
4385,2023/03/09,2525,2630,2472,2592,13445.900390625
4385,2023/03/10,2542,2547,2445,2469,8500.5
4385,2023/03/13,2430,2472,2417,2440,5868.7001953125
4385,2023/03/14,2440,2450,2338,2341,6048.80029296875
4385,2023/03/15,2371,2373,2224,2232,8193.1005859375
4385,2023/03/16,2201,2288,2198,2271,9325
4385,2023/03/17,2288,2364,2244,2333,12639.5
4385,2023/03/20,2340,2368,2246,2269,6915.60009765625
4385,2023/03/22,2312,2404,2296,2395,7105.89990234375
4385,2023/03/23,2360,2428,2322,2422,7111.60009765625
4385,2023/03/24,2426,2428,2348,2367,6147.80029296875
4385,2023/03/27,2372,2382,2309,2314,4921.5
4385,2023/03/28,2268,2291,2235,2246,4681.30029296875
4385,2023/03/29,2245,2277,2229,2275,4967.60009765625
4385,2023/03/30,2290,2360,2277,2316,6995.7001953125
4385,2023/03/31,2340,2360,2291,2309,5074
4385,2023/04/03,2371,2404,2348,2394,5517.10009765625
4385,2023/04/04,2395,2406,2349,2405,4625.10009765625
4385,2023/04/05,2406,2420,2315,2335,4774.10009765625
4385,2023/04/06,2300,2303,2248,2262,5448.39990234375
4385,2023/04/07,2282,2290,2233,2273,4509.60009765625
4385,2023/04/10,2280,2307,2235,2236,4324.7001953125
4385,2023/04/11,2265,2267,2201,2207,5056.30029296875
4385,2023/04/12,2201,2224,2181,2210,4456.10009765625
4385,2023/04/13,2174,2217,2160,2203,4935.10009765625
4385,2023/04/14,2240,2248,2201,2240,3986
4385,2023/04/17,2246,2247,2215,2243,2786.40014648438
4385,2023/04/18,2245,2263,2221,2230,3133.40014648438
4385,2023/04/19,2230,2260,2198,2245,3251.5
4385,2023/04/20,2231,2269,2228,2240,3327.69995117188
4385,2023/04/21,2265,2358,2259,2311,11264.1005859375
4385,2023/04/24,2302,2394,2295,2350,7269.89990234375
4385,2023/04/25,2346,2370,2318,2323,4882.80029296875
4385,2023/04/26,2294,2323,2257,2270,4662.10009765625
4385,2023/04/27,2271,2331,2252,2268,8009.39990234375
4385,2023/04/28,2298,2324,2255,2318,5950.30029296875
4385,2023/05/01,2600,2697,2565,2683,27826.201171875
4385,2023/05/02,2660,2663,2572,2585,12158.900390625
4385,2023/05/08,2600,2672,2583,2657,9610.6005859375
4385,2023/05/09,2664,2707,2647,2701,5148.10009765625
4385,2023/05/10,2689,2708,2637,2665,3816.5
4385,2023/05/11,2673,2685,2645,2649,3625.90014648438
4385,2023/05/12,2632,2690,2626,2689,3326.80004882813
4385,2023/05/15,2672,2703,2651,2663,3528.69995117188
4385,2023/05/16,2698,2698,2623,2644,3470
4385,2023/05/17,2658,2768,2626,2768,6935.80029296875
4385,2023/05/18,2792,2868,2781,2827,8241.2001953125
4385,2023/05/19,2831,2904,2828,2892,5800.2001953125
4385,2023/05/22,2863,2917,2828,2887,5713
4385,2023/05/23,2900,2954,2855,2879,5985.39990234375
4385,2023/05/24,2829,2867,2814,2820,4832.7001953125
4385,2023/05/25,2807,2807,2722,2745,4614.39990234375
4385,2023/05/26,2744,2770,2676,2753,5747
4385,2023/05/29,2832,2836,2775,2797,4052.40014648438
4385,2023/05/30,2790,2844,2782,2841,4235.10009765625
4385,2023/05/31,2849,2852,2784,2852,5474.2001953125
4385,2023/06/01,2834,2922,2829,2915,4633.80029296875
4385,2023/06/02,2915,2948,2873,2883,4200.30029296875
4385,2023/06/05,2928.5,2947,2891.5,2925,5547.10009765625
4385,2023/06/06,2920,3017,2902.5,2995,7163.10009765625
4385,2023/06/07,3013,3038,2914.5,2998.5,6566.39990234375
4385,2023/06/08,2948.5,2980,2906,2934,6007.89990234375
4385,2023/06/09,2958.5,3013,2944.5,2975.5,5644.80029296875
4385,2023/06/12,3020,3148,3019,3115,7138.2001953125
4385,2023/06/13,3151,3297,3150,3252,8783.1005859375
4385,2023/06/14,3335,3347,3230,3280,8831.1005859375
4385,2023/06/15,3276,3390,3259,3284,7957.5
4385,2023/06/16,3272,3367,3243,3367,6144.5
4385,2023/06/19,3380,3400,3290,3400,6209.60009765625
4385,2023/06/20,3378,3469,3343,3432,7020.89990234375
4385,2023/06/21,3416,3519,3414,3444,9182.900390625
4385,2023/06/22,3400,3435,3346,3378,6942.80029296875
4385,2023/06/23,3414,3451,3302,3359,6350.2001953125
4385,2023/06/26,3315,3397,3311,3337,5754.10009765625
4385,2023/06/27,3311,3349,3201,3260,5606.2001953125
4385,2023/06/28,3323,3374,3278,3366,4481.39990234375
4385,2023/06/29,3403,3479,3381,3433,5318.10009765625
4385,2023/06/30,3349,3370,3319,3359,4337.80029296875
4385,2023/07/03,3397,3424,3381,3390,3759
4385,2023/07/04,3357,3428,3353,3422,3919.10009765625
4385,2023/07/05,3440,3517,3435,3477,5273.2001953125
4385,2023/07/06,3440,3506,3430,3444,4215.10009765625
4385,2023/07/07,3390,3469,3336,3340,4896.5
4385,2023/07/10,3325,3475,3322,3428,5725.39990234375
4385,2023/07/11,3463,3558,3414,3473,7974.2001953125
4385,2023/07/12,3501,3518,3416,3427,7290.7001953125
4385,2023/07/13,3457,3525,3411,3519,5545.5
4385,2023/07/14,3560,3575,3470,3517,4633.89990234375
4385,2023/07/18,3529,3533,3448,3497,4358.7001953125
4385,2023/07/19,3526,3615,3516,3591,6078.30029296875
4385,2023/07/20,3556,3592,3484,3502,5413.7001953125
4385,2023/07/21,3448,3530,3435,3527,3742.60009765625
4385,2023/07/24,3554,3609,3535,3597,4877.10009765625
4385,2023/07/25,3560,3581,3518,3580,4317.7001953125
4385,2023/07/26,3573,3602,3547,3560,3141.60009765625
4385,2023/07/27,3535,3608,3531,3596,3448.19995117188
4385,2023/07/28,3572,3665,3560,3617,5166.30029296875
4385,2023/07/31,3676,3692,3585,3596,4814.89990234375
4385,2023/08/01,3620,3662,3596,3600,3262.90014648438
4385,2023/08/02,3749,3755,3475,3614,13738.7998046875
4385,2023/08/03,3557,3577,3460,3480,5634.39990234375
4385,2023/08/04,3455,3655,3440,3649,6391.80029296875
4385,2023/08/07,3579,3664,3545,3641,5134.89990234375
4385,2023/08/08,3633,3673,3508,3542,4678.5
4385,2023/08/09,3558,3624,3504,3542,4405.30029296875
4385,2023/08/10,3508,3575,3458,3571,4384.2001953125
4385,2023/08/14,3431,3446,3210,3300,10520.7998046875
4385,2023/08/15,3300,3303,3136,3174,9356.7998046875
4385,2023/08/16,3132,3313,3116,3255,8969.2998046875
4385,2023/08/17,3246,3344,3190,3278,7652.10009765625
4385,2023/08/18,3250,3260,3178,3185,4699.2001953125
4385,2023/08/21,3189,3214,3142,3174,3115.80004882813
4385,2023/08/22,3200,3202,3071,3100,4783.30029296875
4385,2023/08/23,3110,3177,3032,3112,6815.80029296875
4385,2023/08/24,3163,3186,3118,3136,3878.5
4385,2023/08/25,3074,3155,3070,3145,3424.30004882813
4385,2023/08/28,3160,3212,3145,3199,3126.80004882813
4385,2023/08/29,3229,3270,3207,3254,3020.69995117188
4385,2023/08/30,3311,3314,3255,3272,2891.10009765625
4385,2023/08/31,3284,3353,3272,3318,4024.5
4385,2023/09/01,3319,3321,3182,3217,5451.89990234375
4385,2023/09/04,3239,3243,3183,3209,3628.80004882813
4385,2023/09/05,3239,3364,3153,3204,13544.900390625
4385,2023/09/06,3210,3270,3179,3241,4891
4385,2023/09/07,3221,3222,3141,3153,4243.7001953125
4385,2023/09/08,3128,3185,3124,3155,3373.40014648438
4385,2023/09/11,3145,3167,3031,3045,5089.7001953125
4385,2023/09/12,3081,3128,3056,3086,3705.10009765625
4385,2023/09/13,3058,3068,3013,3018,2945.40014648438
4385,2023/09/14,3047,3108,3033,3097,3025.90014648438
4385,2023/09/15,3098,3154,3083,3148,2879.10009765625
4385,2023/09/19,3111,3188,3077,3186,3555.90014648438
4385,2023/09/20,3170,3198,3123,3146,2784.5
4385,2023/09/21,3126,3156,3080,3110,2973.60009765625
4385,2023/09/22,3048,3208,3045,3180,3814.5
4385,2023/09/25,3161,3196,3136,3160,3080.80004882813
4385,2023/09/26,3152,3200,3119,3120,3025.80004882813
4385,2023/09/27,3124,3255,3121,3237,4904.30029296875
4385,2023/09/28,3229,3267,3176,3213,5102.7001953125
4385,2023/09/29,3239,3309,3172,3226,28928.701171875
4385,2023/10/02,3275,3335,3197,3208,7350.5
4385,2023/10/03,3241,3241,3101,3116,5810.5
4385,2023/10/04,3030,3034,2893,2929.5,10651.7001953125
4385,2023/10/05,2951,3038,2932.5,3007,5391.10009765625
4385,2023/10/06,2982.5,3071,2959,3062,4462.2001953125
4385,2023/10/10,3071,3187,3068,3180,4129.60009765625
4385,2023/10/11,3196,3257,3179,3240,4353.80029296875
4385,2023/10/12,3269,3326,3192,3326,5613.2001953125
4385,2023/10/13,3285,3317,3211,3216,4152.80029296875
4385,2023/10/16,3150,3168,3023,3029,5822.10009765625
4385,2023/10/17,3099,3118,3071,3116,4053.40014648438
4385,2023/10/18,3110,3112,3060,3078,2671
4385,2023/10/19,3030,3080,3015,3045,3128.5
4385,2023/10/20,3030,3065,2971.5,3054,3185.10009765625
4385,2023/10/23,3050,3050,2940,2969.5,4092.90014648438
4385,2023/10/24,2982.5,3039,2912,3029,4850.80029296875
4385,2023/10/25,3080,3136,3051,3097,3525.40014648438
4385,2023/10/26,3002,3028,2949,2958.5,5016.2001953125
4385,2023/10/27,2975,2998,2932.5,2964,4084.80004882813
4385,2023/10/30,2937,2980,2926.5,2938.5,2955.19995117188
4385,2023/10/31,2926.5,3003,2886.5,3001,4395.7001953125
4385,2023/11/01,3036,3042,2979,2997,3234.60009765625
4385,2023/11/02,3060,3203,3059,3197,5475.80029296875
4385,2023/11/06,3260,3309,3207,3294,6032.7001953125
4385,2023/11/07,3208,3257,3181,3239,4772.39990234375
4385,2023/11/08,3290,3323,3192,3232,4394.10009765625
4385,2023/11/09,3265,3361,3259,3361,3566.60009765625
4385,2023/11/10,3326,3329,3268,3307,3345.69995117188
4385,2023/11/13,3359,3360,3235,3279,4117.39990234375
4385,2023/11/14,3419,3446,3141,3153,10358.7001953125
4385,2023/11/15,3240,3270,3085,3143,8143.89990234375
4385,2023/11/16,3186,3202,3128,3147,4202.30029296875
4385,2023/11/17,3142,3142,3057,3098,4270.7001953125
4385,2023/11/20,3090,3178,3083,3112,3844.30004882813
4385,2023/11/21,3131,3171,3113,3171,2902.19995117188
4385,2023/11/22,3101,3109,2983.5,3004,9034.7001953125
4385,2023/11/24,3017,3024,2973.5,2983.5,4272.80029296875
4385,2023/11/27,2995.5,3021,2916.5,2922.5,4129.5
4385,2023/11/28,2936,2968,2901,2929.5,3544.40014648438
4385,2023/11/29,2925,2986.5,2922.5,2931,4286.7001953125
4385,2023/11/30,2912,2912,2819.5,2829.5,5609.39990234375
4385,2023/12/01,2810.5,2830.5,2766,2807.5,4794.2001953125
4385,2023/12/04,2826,2848.5,2781.5,2799.5,3844.19995117188
4385,2023/12/05,2760,2768.5,2690.5,2695,4792.10009765625
4385,2023/12/06,2707.5,2756,2700.5,2745,3498.19995117188
4385,2023/12/07,2695,2710,2637,2649.5,3926.5
4385,2023/12/08,2617.5,2652,2590,2643,3984.69995117188
4385,2023/12/11,2660,2708.5,2656.5,2678.5,3092.10009765625
4385,2023/12/12,2720,2721.5,2620,2649,4124.39990234375
4385,2023/12/13,2644,2651,2595,2637,3234.10009765625
4385,2023/12/14,2679,2698,2616,2617.5,3119.5
4385,2023/12/15,2638,2675,2608,2670,2739.90014648438
4385,2023/12/18,2649,2649,2555.5,2589.5,3594.5
4385,2023/12/19,2565,2613,2537.5,2582,2854.90014648438
4385,2023/12/20,2619,2693,2600,2659.5,5457.60009765625
4385,2023/12/21,2628,2645.5,2555,2561,3807.19995117188
4385,2023/12/22,2569.5,2594.5,2534,2536,3298.80004882813
4385,2023/12/25,2541,2548,2497,2526.5,2814.19995117188
4385,2023/12/26,2517.5,2536.5,2499,2528,2437.10009765625
4385,2023/12/27,2510,2604,2510,2559.5,4094.60009765625
4385,2023/12/28,2558,2599.5,2524,2599.5,3262.30004882813
4385,2023/12/29,2594,2642,2585,2612.5,3787.19995117188
4385,2024/01/04,2558,2578,2525,2541,4002.80004882813
4385,2024/01/05,2546,2569,2456,2456,4485.10009765625
4385,2024/01/09,2480.5,2527.5,2448,2471.5,3610.90014648438
4385,2024/01/10,2471.5,2523.5,2440.5,2496.5,3207.30004882813
4385,2024/01/11,2531,2547,2488.5,2528.5,3514.69995117188
4385,2024/01/12,2578.5,2583,2507,2529.5,3197.19995117188
4385,2024/01/15,2519,2536,2475.5,2535,2715.60009765625
4385,2024/01/16,2540,2563.5,2503.5,2518,3759.69995117188
4385,2024/01/17,2505.5,2523,2456,2456,3159.60009765625
4385,2024/01/18,2428.5,2442.5,2366.5,2383,4224.80029296875
4385,2024/01/19,2414,2430,2388,2412,2669.30004882813
4385,2024/01/22,2419,2475,2375.5,2463,4109.89990234375
4385,2024/01/23,2489.5,2504.5,2432.5,2449,3245.10009765625
4385,2024/01/24,2454.5,2480,2426,2472.5,2810.40014648438
4385,2024/01/25,2445,2457,2396.5,2453.5,3946.10009765625
4385,2024/01/26,2438.5,2500,2425.5,2451.5,3692.69995117188
4385,2024/01/29,2450,2468,2415,2446.5,3671.90014648438
4385,2024/01/30,2469,2472,2414,2427,6064.10009765625
4385,2024/01/31,2413,2465.5,2386,2464,3658.69995117188
4385,2024/02/01,2425,2446,2361,2366.5,4139.2001953125
4385,2024/02/02,2390,2435,2380.5,2402.5,3290
4385,2024/02/05,2404,2474,2397.5,2468,3288.19995117188
4385,2024/02/06,2462,2462.5,2408,2442.5,3054.30004882813
4385,2024/02/07,2440,2457.5,2401,2437.5,3519
4385,2024/02/08,2433,2438,2369,2378.5,4349.60009765625
4385,2024/02/09,2364.5,2458,2353,2435,4877.80029296875
4385,2024/02/13,2460,2502,2428,2435.5,5485.80029296875
4385,2024/02/14,2285.5,2300,2120,2120.5,16183.1005859375
4385,2024/02/15,2132,2190,2021,2043.5,12403.5
4385,2024/02/16,2025,2163.5,2000,2126.5,10035.5
4385,2024/02/19,2147.5,2209.5,2141,2192,6593.7001953125
4385,2024/02/20,2195,2199,2133,2144.5,4431.80029296875
4385,2024/02/21,2120,2136.5,2095,2121.5,3953.80004882813
4385,2024/02/22,2097,2120.5,2083,2089,3969.80004882813
4385,2024/02/26,2080,2143.5,2053,2119,4471.5
4385,2024/02/27,2098,2102.5,2044.5,2055.5,5732.7001953125
4385,2024/02/28,2067,2095.5,2055.5,2077.5,4135.39990234375
4385,2024/02/29,2066,2078,2038.5,2041.5,4132
4385,2024/03/01,2033,2123,2025.5,2114,5289.89990234375
4385,2024/03/04,2124,2145,2084.5,2084.5,4283.7001953125
4385,2024/03/05,2060,2070,2009,2018.5,4878.5
4385,2024/03/06,2001,2058.5,1991.5,2034,4597.7001953125
4385,2024/03/07,2040.5,2046.5,1983,1987,4872
4385,2024/03/08,1987.5,2004,1966,1982.5,4014.60009765625
4385,2024/03/11,1966,1988,1945,1985.5,3763.30004882813
4385,2024/03/12,1976,2017.5,1949,2014,3315.80004882813
4385,2024/03/13,2004,2019,1955,1973,3744.19995117188
4385,2024/03/14,1981,2002,1958,1987,2872.80004882813
4385,2024/03/15,1968,1975,1947.5,1955.5,3709.5
4385,2024/03/18,1952,1994.5,1947,1978,3076.80004882813
4385,2024/03/19,1979,1980,1933,1980,4724.80029296875
4385,2024/03/21,2003,2020,1980.5,1995,3860.69995117188
4385,2024/03/22,1995.5,2001.5,1958.5,1992.5,3642.40014648438
4385,2024/03/25,2055.5,2077,1962,1962,5640.5
4385,2024/03/26,1957.5,1984,1946,1960.5,3302.10009765625
4385,2024/03/27,1974.5,1986.5,1952,1955.5,3219.30004882813
4385,2024/03/28,1955.5,1968,1928.5,1928.5,4572.80029296875
4385,2024/03/29,1918,1984,1911,1967,5917.5
4385,2024/04/01,1979.5,1979.5,1915,1915,4328.39990234375
4385,2024/04/02,1915,1916.5,1873,1900.5,4831.10009765625
4385,2024/04/03,1871,1881,1847,1863,3745.5
4385,2024/04/04,1885,1893.5,1836.5,1836.5,3232.30004882813
4385,2024/04/05,1797,1832.5,1796,1822.5,3228.30004882813
4385,2024/04/08,1835,1845.5,1816.5,1834,2786.30004882813
4385,2024/04/09,1849,1895,1848,1894,3430.80004882813
4385,2024/04/10,1888.5,1892,1839.5,1849.5,3222.5
4385,2024/04/11,1830,1831.5,1778.5,1794,4799.30029296875
4385,2024/04/12,1808,1858,1796,1809.5,4103.10009765625
4385,2024/04/15,1785,1791.5,1742,1745.5,4458.30029296875
4385,2024/04/16,1717.5,1777,1712.5,1772,4744.60009765625
4385,2024/04/17,1799,1833,1736,1740.5,5333.89990234375
4385,2024/04/18,1730,1777,1729,1745.5,3063.30004882813
4385,2024/04/19,1736,1747,1700.5,1730.5,5016.7001953125
4385,2024/04/22,1736,1785,1732,1777.5,3883.40014648438
4385,2024/04/23,1780.5,1793,1742,1749.5,3456.90014648438
4385,2024/04/24,1771.5,1815,1756,1808.5,4061.5
4385,2024/04/25,1808,1808,1765.5,1783.5,3222.90014648438
4385,2024/04/26,1783,1795.5,1761.5,1779.5,2659.80004882813
4385,2024/04/30,1799.5,1842.5,1794,1842.5,3577.60009765625
4385,2024/05/01,1820,1826,1769,1806.5,4613.80029296875
4385,2024/05/02,1805,1811.5,1764.5,1766.5,3453.90014648438
4385,2024/05/07,1799,1830,1789.5,1803,4062.5
4385,2024/05/08,1796,1801,1771.5,1782.5,3533.90014648438
4385,2024/05/09,1767,1780,1726,1758,4777.7001953125
4385,2024/05/10,1838,1930,1817,1918,12625.7998046875
4385,2024/05/13,1914,1914,1854,1867.5,4988.10009765625
4385,2024/05/14,1907.5,2079.5,1901,2000,14522.400390625
4385,2024/05/15,1995,2020,1925.5,1928.5,5069.5
4385,2024/05/16,1928,1933,1837.5,1872,5930.39990234375
4385,2024/05/17,1862,1902.5,1858,1880,2863
4385,2024/05/20,1894,1947,1877,1931.5,4165.5
4385,2024/05/21,1900,1922,1848.5,1853,4026.5
4385,2024/05/22,1823,1874,1816,1868,3004.30004882813
4385,2024/05/23,1879.5,1903.5,1841,1873.5,4036.30004882813
4385,2024/05/24,1833.5,1879,1793.5,1857,4939
4385,2024/05/27,1852,1882.5,1845.5,1868,2890.40014648438
4385,2024/05/28,1864.5,1895.5,1816.5,1860,4696.80029296875
4385,2024/05/29,1859,1859.5,1779,1779,4588.10009765625
4385,2024/05/30,1750,1781,1747.5,1765,3081.30004882813
4385,2024/05/31,1765,1839.5,1761.5,1833,3785.30004882813
4385,2024/06/03,1868.5,2068,1866,2048,20246.099609375
4385,2024/06/04,2015,2114.5,2002,2091,12725
4385,2024/06/05,2090,2116.5,2050.5,2098,7536.89990234375
4385,2024/06/06,2130.5,2133,2019,2090,8551.2001953125
4385,2024/06/07,2130,2182,2121.5,2151,10901.2998046875
4385,2024/06/10,2118,2172,2106.5,2123,7095.80029296875
4385,2024/06/11,2120.5,2192,2104.5,2192,7857.5
4385,2024/06/12,2210.5,2221,2143,2158,7917
4385,2024/06/13,2174.5,2191.5,2140.5,2148.5,5197.89990234375
4385,2024/06/14,2144,2182,2114,2167.5,7065.89990234375
4385,2024/06/17,2166.5,2177.5,2083.5,2094,4678.2001953125
4385,2024/06/18,2080,2090,1968,2027.5,9220.2001953125
4385,2024/06/19,2015,2031.5,1987,2024,4116
4385,2024/06/20,2022.5,2046.5,1982.5,1983,4234.89990234375
4385,2024/06/21,1983.5,2041,1983,2010.5,5644.39990234375
4385,2024/06/24,1985.5,1988,1906,1915.5,10018.2998046875
4385,2024/06/25,1921.5,1982.5,1908.5,1967,5747.10009765625
4385,2024/06/26,1970,1990,1952.5,1958,4983.7001953125
4385,2024/06/27,1944.5,2009,1944.5,2009,4850.80029296875
4385,2024/06/28,2041,2081.5,1994.5,1997.5,6361.60009765625
4385,2024/07/01,2037.5,2113.5,2032.5,2103,8096.2001953125
4385,2024/07/02,2096,2232,2093,2228,13451.5
4385,2024/07/03,2208,2252,2176,2242,9912.900390625
4385,2024/07/04,2249.5,2327,2248,2307.5,8524.5
4385,2024/07/05,2300,2433,2300,2407.5,13492.7001953125
4385,2024/07/08,2380,2457.5,2370.5,2454,7065.39990234375
4385,2024/07/09,2422.5,2511,2394,2446.5,14908.2998046875
4385,2024/07/10,2425,2446,2376.5,2396.5,8238.6005859375
4385,2024/07/11,2374.5,2383,2229.5,2324,14528.2998046875
4385,2024/07/12,2318.5,2402,2270.5,2389,11616.900390625
4385,2024/07/16,2417,2426,2364.5,2378,5269.7001953125
4385,2024/07/17,2398,2466.5,2387.5,2462.5,6850.60009765625
4385,2024/07/18,2462,2513.5,2344.5,2344.5,10916.6005859375
4385,2024/07/19,2332,2370,2316.5,2339.5,3939.40014648438
4385,2024/07/22,2359,2361,2264,2266,4747
4385,2024/07/23,2285,2309.5,2258.5,2276,3480.40014648438
4385,2024/07/24,2262,2323,2260.5,2286.5,5816
4385,2024/07/25,2244.5,2276.5,2186.5,2190.5,7949.39990234375
4385,2024/07/26,2194,2220,2162.5,2189.5,4968.39990234375
4385,2024/07/29,2209.5,2355,2209.5,2322.5,7251.5
4385,2024/07/30,2323,2324,2239,2279.5,5294.5
4385,2024/07/31,2287,2296,2174.5,2235,6190.5
4385,2024/08/01,2221.5,2242.5,2140,2163.5,4358
4385,2024/08/02,2055.5,2066,1978,1978,7769
4385,2024/08/05,1898,1972,1780,1805,10000.5
4385,2024/08/06,2000,2025,1928,2000,6865
4385,2024/08/07,1950,2068,1950,2012.5,6125.39990234375
4385,2024/08/08,2006,2114.5,1984,2085.5,6104.5
4385,2024/08/09,2090.5,2156,2073,2100,6059.89990234375
4385,2024/08/13,2150,2202,2126,2175,5414.5
4385,2024/08/14,2175,2190,1941,2021,21056.5
4385,2024/08/15,2020.5,2104,1967.5,2096,11817.2001953125
4385,2024/08/16,2138,2155.5,2054,2072,9073.2001953125
4385,2024/08/19,2050,2058.5,1980.5,2010.5,7955.30029296875
4385,2024/08/20,2035,2188,2021.5,2185,19469.5
4385,2024/08/21,2173.5,2288.5,2163,2210,13465.5
4385,2024/08/22,2224,2400,2208.5,2377,19675.5
4385,2024/08/23,2330,2388.5,2301,2340,13672.2001953125
4385,2024/08/26,2335.5,2353.5,2215,2299,13619.5
4385,2024/08/27,2319.5,2339,2222.5,2228.5,14222.2998046875
4385,2024/08/28,2203,2245,2155,2230,11329.6005859375
4385,2024/08/29,2212,2297,2192,2275.5,10203.1005859375
4385,2024/08/30,2282.5,2379.5,2256,2373.5,13772.2998046875
4385,2024/09/02,2362,2383.5,2320,2358.5,7950.80029296875
4385,2024/09/03,2358.5,2549.5,2355.5,2505.5,19418.099609375
4385,2024/09/04,2405.5,2437.5,2311.5,2343,19616.30078125
4385,2024/09/05,2293,2454,2285,2438.5,14856.7998046875
4385,2024/09/06,2420,2433,2322,2374,18352.900390625
4385,2024/09/09,2302,2498.5,2294,2496,22135.201171875
4385,2024/09/10,2514,2589,2410,2465,20048.5
4385,2024/09/11,2484,2522.5,2348.5,2366.5,17933.900390625
4385,2024/09/12,2439.5,2504,2383,2410,16946.5
4385,2024/09/13,2422,2509.5,2382.5,2391.5,16921.201171875
4385,2024/09/17,2406.5,2497.5,2350,2497.5,15207.6005859375
4385,2024/09/18,2526,2636.5,2499.5,2551.5,22053.599609375
4385,2024/09/19,2583,2774,2546,2717.5,32120.5
4385,2024/09/20,2718,2756.5,2656,2684.5,21299.900390625
4385,2024/09/24,2702.5,2715.5,2604,2628,13750.5
4385,2024/09/25,2600,2643.5,2565,2620,12186.2998046875
4385,2024/09/26,2607,2630,2562,2609,10963
4385,2024/09/27,2629,2691.5,2626.5,2679.5,11700.7001953125
4385,2024/09/30,2593.5,2635,2496,2507,12556
4385,2024/10/01,2539.5,2547.5,2467,2494,9548.900390625
4385,2024/10/02,2446.5,2488.5,2408.5,2426.5,11028
4385,2024/10/03,2476.5,2496,2432,2459,9608.5
4385,2024/10/04,2436,2594.5,2436,2589.5,13795
4385,2024/10/07,2622,2686,2577,2653,13140.7998046875
4385,2024/10/08,2616,2627,2504,2510,12213.5
4385,2024/10/09,2536,2633,2518,2569,16312.5
4385,2024/10/10,2569,2636.5,2486,2510.5,14051.7001953125
4385,2024/10/11,2502.5,2529.5,2433.5,2448.5,11438.7998046875
4385,2024/10/15,2465,2570,2464,2551,12923.7001953125
4385,2024/10/16,2468,2543,2447,2509,12284.2998046875
4385,2024/10/17,2514.5,2590,2425.5,2452,14988.7998046875
4385,2024/10/18,2440,2475,2386.5,2389.5,10440.2998046875
4385,2024/10/21,2412,2441,2369,2372,9257.5
4385,2024/10/22,2337,2359.5,2272.5,2277,8574.900390625
4385,2024/10/23,2260,2268.5,2157.5,2166,12529.7001953125
4385,2024/10/24,2137,2169,2105,2120,10392.7001953125
4385,2024/10/25,2120,2135.5,2067,2096.5,9556.6005859375
4385,2024/10/28,2089,2153.5,2076.5,2090,10291.1005859375
4385,2024/10/29,2091,2141.5,2088,2101.5,8893.2001953125
4385,2024/10/30,2118,2143,2101.5,2131.5,7045.89990234375
4385,2024/10/31,2155,2173,2119,2159.5,7547.5
4385,2024/11/01,2109.5,2153,2096.5,2105,6141.80029296875
4385,2024/11/05,2118,2171.5,2090,2171.5,8094.5
4385,2024/11/06,1931.5,1933,1815,1824,34456.6015625
4385,2024/11/07,1842,1868,1820,1828.5,13387.2001953125
4385,2024/11/08,1850,1876,1837.5,1860,9762.5
4385,2024/11/11,1850,1873,1828,1848,7911.2001953125
4385,2024/11/12,1845,1852.5,1785.5,1811.5,10429.1005859375
4385,2024/11/13,1813,1841,1791.5,1803,6462.7001953125
4385,2024/11/14,1875,1972.5,1874,1914,18555.5
4385,2024/11/15,1874,1963,1870,1925,9383.900390625
4385,2024/11/18,1906,2039.5,1905,1987,14770.1005859375
4385,2024/11/19,1992.5,2007,1946.5,1970.5,9137.900390625
4385,2024/11/20,1975,2045,1954,2045,12155
4385,2024/11/21,2041,2071,2021,2068,9100.2998046875
4385,2024/11/22,2066.5,2134,2044.5,2097.5,10797.1005859375
4385,2024/11/25,2076,2089,2006,2011,16089.7998046875
4385,2024/11/26,2000,2000,1897,1911.5,12363.900390625
4385,2024/11/27,1888,1930,1871.5,1920,8788.7001953125
4385,2024/11/28,1919.5,1974.5,1911.5,1970.5,8080.80029296875
4385,2024/11/29,1961.5,1969,1924.5,1947.5,5490
4385,2024/12/02,1944.5,1947.5,1873,1925.5,8249.7001953125
4385,2024/12/03,1939,1960.5,1919.5,1958,5761.7001953125
4385,2024/12/04,1941.5,1962,1927,1948.5,4084.5
4385,2024/12/05,1955,1960,1897,1908,5454.89990234375
4385,2024/12/06,1919,1924.5,1877,1915.5,4255.60009765625
4385,2024/12/09,1898,1920.5,1862,1907.5,4818.2001953125
4385,2024/12/10,1905,1914,1880,1882.5,3371.90014648438
4385,2024/12/11,1890.5,1908,1876,1896,3545.30004882813
4385,2024/12/12,1918,1948.5,1913,1927,4470.2001953125
4385,2024/12/13,1927,1967,1915.5,1918.5,4705.2001953125
4385,2024/12/16,1900,1917.5,1881,1886.5,3645.60009765625
4385,2024/12/17,1877,1885,1846,1857,4190.39990234375
4385,2024/12/18,1850,1858.5,1833,1839,3295.19995117188
4385,2024/12/19,1799.5,1850,1789,1833,4285.10009765625
4385,2024/12/20,1826,1862,1816.5,1825,3959.5
4385,2024/12/23,1838,1867.5,1826.5,1830,3778.80004882813
4385,2024/12/24,1818.5,1820,1778,1795.5,4938.5
4385,2024/12/25,1808.5,1827,1775.5,1780,3708.30004882813
4385,2024/12/26,1772.5,1787,1756,1772,3909.69995117188
4385,2024/12/27,1783.5,1822,1782,1812,4461.39990234375
4385,2024/12/30,1809,1830,1792.5,1793,2824.19995117188
4385,2025/01/06,1804,1808.5,1720,1720,5670.60009765625
4385,2025/01/07,1745,1748.5,1712,1720.5,3926.80004882813
4385,2025/01/08,1703,1718,1686,1697.5,4236.5
4385,2025/01/09,1695,1705,1672,1701,4264.5
4385,2025/01/10,1708.5,1727,1691.5,1703,3661.19995117188
4385,2025/01/14,1685,1693,1631,1667.5,5023.80029296875
4385,2025/01/15,1676.5,1712,1676.5,1684.5,4572.10009765625
4385,2025/01/16,1716,1726,1690,1690,2695.80004882813
4385,2025/01/17,1685,1696,1650.5,1675.5,3471.60009765625
4385,2025/01/20,1695.5,1741.5,1688.5,1740.5,4063.80004882813
4385,2025/01/21,1754,1769,1730.5,1754,3618.60009765625
4385,2025/01/22,1757,1767,1721,1753.5,3349.80004882813
4385,2025/01/23,1758,1789,1731,1782,3635.80004882813
4385,2025/01/24,1792,1844,1781,1791.5,5263.5
4385,2025/01/27,1809.5,1855,1808,1854,4105.7001953125
4385,2025/01/28,1853,1924,1848,1920,4375.5
4385,2025/01/29,1920,1962.5,1904,1948.5,3582.60009765625
4385,2025/01/30,1933.5,1954.5,1906.5,1930.5,4797.60009765625
4385,2025/01/31,1916,1916,1850,1888.5,4776.80029296875
4385,2025/02/03,1850,1866.5,1829,1860.5,2664.40014648438
4385,2025/02/04,1872,1888,1859.5,1862,2179.10009765625
4385,2025/02/05,1845,1888,1842,1870.5,2830.69995117188
4385,2025/02/06,1855,1907,1848,1907,3735
4385,2025/02/07,2180,2307,2114,2307,17693.5
4385,2025/02/10,2294,2372,2246,2361,21105.701171875
4385,2025/02/12,2353.5,2358,2238,2298,9415.1005859375
4385,2025/02/13,2310,2370,2268,2354,7216
4385,2025/02/14,2356,2449,2314.5,2389.5,7569.89990234375
4385,2025/02/17,2439.5,2455,2332.5,2333,5970.5
4385,2025/02/18,2320.5,2343,2266.5,2292,5279.80029296875
4385,2025/02/19,2283,2331,2271,2310,4655.10009765625
4385,2025/02/20,2278,2315,2239,2253,3506.60009765625
4385,2025/02/21,2265,2337,2265,2299.5,4249.39990234375
4385,2025/02/25,2281,2347,2256.5,2335.5,3248.5
4385,2025/02/26,2340,2398,2274,2317,4520.5
4385,2025/02/27,2306.5,2397.5,2268,2392.5,4099.2001953125
4385,2025/02/28,2377.5,2382.5,2307.5,2339,4296.39990234375
4385,2025/03/03,2359,2387,2321.5,2374,3359.80004882813
4385,2025/03/04,2350,2380.5,2295.5,2320.5,4112.7001953125
4385,2025/03/05,2323.5,2397,2317,2323,4803.30029296875
4385,2025/03/06,2322,2479,2320,2472,6964.30029296875
4385,2025/03/07,2456.5,2462.5,2373.5,2376,4892.10009765625
4385,2025/03/10,2396,2412,2346,2373.5,3504.10009765625
4385,2025/03/11,2323.5,2357.5,2288,2335.5,5613.60009765625
4385,2025/03/12,2329,2416.5,2329,2402,4460.30029296875
4385,2025/03/13,2413.5,2477.5,2373.5,2373.5,5805.80029296875
4385,2025/03/14,2351.5,2483,2342.5,2456.5,5829.7001953125
4385,2025/03/17,2450,2474.5,2427,2444.5,3496.69995117188
4385,2025/03/18,2460,2585,2430.5,2575,7869.10009765625
4385,2025/03/19,2533,2533,2415.5,2451,9393.400390625
4385,2025/03/21,2496,2658.5,2479.5,2633.5,13220.7998046875
4385,2025/03/24,2635,2671,2620.5,2640,4985.60009765625
4385,2025/03/25,2640.5,2666,2610,2623,3619
4385,2025/03/26,2600,2623.5,2568,2576.5,4524.60009765625
4385,2025/03/27,2536.5,2541,2464,2477.5,5732.10009765625
4385,2025/03/28,2497,2499.5,2460.5,2481,3086
4385,2025/03/31,2440,2450.5,2348,2355,4363.7001953125
4385,2025/04/01,2405,2406,2321.5,2326.5,2858.90014648438
4385,2025/04/02,2371,2384,2277.5,2305,2989.30004882813
4385,2025/04/03,2205,2289.5,2205,2263.5,3407.19995117188
4385,2025/04/04,2228.5,2260,2122,2159.5,4559.5
4385,2025/04/07,1959.5,2023,1925,1951,5321.39990234375
4385,2025/04/08,2100,2193,2096,2178.5,4006.69995117188
4385,2025/04/09,2103,2110,2023.5,2052.5,3997.10009765625
4385,2025/04/10,2252.5,2252.5,2172,2223.5,3834.10009765625
4385,2025/04/11,2108,2262.5,2096,2254,4521.30029296875
4385,2025/04/14,2256.5,2308.5,2240,2240,2446.5
4385,2025/04/15,2300,2328,2247.5,2294,2641.40014648438
4385,2025/04/16,2290,2314.5,2163,2200,3768.40014648438
4385,2025/04/17,2215,2260,2191.5,2255,2472.90014648438
4385,2025/04/18,2272.5,2341.5,2248,2320,3526.69995117188
4385,2025/04/21,2312,2377,2301,2322,4199.80029296875
4385,2025/04/22,2309,2366.5,2292,2320,3758.80004882813
4385,2025/04/23,2370,2411,2350.5,2382,3963.19995117188
4385,2025/04/24,2397.5,2408,2304,2309.5,4540.89990234375
4385,2025/04/25,2298.5,2325,2280.5,2290.5,2742.90014648438
4385,2025/04/28,2326,2326,2294,2318.5,1977.30004882813
4385,2025/04/30,2320.5,2324,2285.5,2299.5,1684.09997558594
4385,2025/05/01,2299.5,2320,2282.5,2303.5,2080.30004882813
4385,2025/05/02,2270.5,2297,2248.5,2265,3243.60009765625
4385,2025/05/07,2294.5,2346,2278.5,2311.5,4874
4385,2025/05/08,2433.5,2498,2352,2398,27633.599609375
4385,2025/05/09,2410,2427.5,2311.5,2385.5,11763.400390625
4385,2025/05/12,2358,2407,2330.5,2345,4319.39990234375
4385,2025/05/13,2362,2434.5,2335.5,2341.5,4900.30029296875
4385,2025/05/14,2312.5,2339.5,2268.5,2300,3197.19995117188
4385,2025/05/15,2270.5,2371,2260,2301.5,4253.2001953125
4385,2025/05/16,2315.5,2361,2306.5,2343.5,2882.10009765625
4385,2025/05/19,2327.5,2401,2314,2398,2982.60009765625
4385,2025/05/20,2390.5,2417,2344,2364.5,3553.69995117188
4385,2025/05/21,2388.5,2455.5,2376,2385,4893.2001953125
4385,2025/05/22,2338,2407.5,2330.5,2400,3355.19995117188
4385,2025/05/23,2410,2449,2320,2322,3608.10009765625
4385,2025/05/26,2325,2380.5,2323,2351,2572.40014648438
4385,2025/05/27,2373,2405.5,2346,2389.5,3133
4385,2025/05/28,2390,2418,2365,2374,1848.20007324219
4385,2025/05/29,2378,2398,2343,2346,2171
4385,2025/05/30,2346,2408,2344,2392.5,3798.90014648438
4385,2025/06/02,2380,2387,2322,2376.5,3049.19995117188
4385,2025/06/03,2376.5,2428,2365.5,2396,2771.69995117188
4385,2025/06/04,2403.5,2503.5,2399.5,2470,4040.5
4385,2025/06/05,2478.5,2624.5,2474,2491,6992.2001953125
4385,2025/06/06,2460,2674.5,2455,2600,13452.2998046875
4385,2025/06/09,2600,2645,2508,2538.5,7579.39990234375
4385,2025/06/10,2538.5,2609.5,2535.5,2544,5016.10009765625
4385,2025/06/11,2553,2629.5,2550,2563.5,5981.7001953125
4385,2025/06/12,2575,2645,2562,2563.5,5037.2001953125
4385,2025/06/13,2583,2627.5,2554,2563.5,4901.39990234375
4385,2025/06/16,2691,2712,2618,2680.5,5624.39990234375
4385,2025/06/17,2666.5,2717.5,2643.5,2683.5,4210.10009765625
4385,2025/06/18,2681,2808.5,2671,2808,5701.5
4385,2025/06/19,2832.5,2871,2815.5,2858,5274.30029296875
4385,2025/06/20,2857.5,2862,2760.5,2775,4311.60009765625
4385,2025/06/23,2740,2763.5,2660,2740,4053.10009765625
4385,2025/06/24,2763,2770,2679.5,2686,3272.5
4385,2025/06/25,2690,2690.5,2609.5,2627,3337.60009765625
4385,2025/06/26,2627.5,2649,2595,2607,2899.5
4385,2025/06/27,2634.5,2636,2602,2611,2462.90014648438
4385,2025/06/30,2625,2737,2621.5,2674,4070.40014648438
4385,2025/07/01,2664,2693,2615,2622.5,3896.80004882813
4385,2025/07/02,2603,2605.5,2541.5,2544,3984.10009765625
4385,2025/07/03,2548.5,2571.5,2527,2564,3301.60009765625
4385,2025/07/04,2585.5,2657,2578.5,2611,4334.2001953125
4385,2025/07/07,2616,2657,2582.5,2585.5,2862.5
4385,2025/07/08,2581.5,2631,2567,2615,2147.69995117188
4385,2025/07/09,2622,2630.5,2585.5,2616,1571.20007324219
4385,2025/07/10,2593.5,2608,2540.5,2559,3273.19995117188
4385,2025/07/11,2588,2591.5,2542,2558,2711.5
4385,2025/07/14,2540,2545.5,2415,2420,4004.19995117188
4385,2025/07/15,2431,2444.5,2410,2428.5,2577.19995117188
4385,2025/07/16,2411,2413.5,2357,2376,3695.19995117188
4385,2025/07/17,2429,2512.5,2418,2423,6627.7001953125
4385,2025/07/18,2451,2454,2349.5,2375.5,3940.5
4385,2025/07/22,2375.5,2474,2358.5,2431.5,4615.80029296875
4385,2025/07/23,2414,2458,2375,2448.5,4272
4385,2025/07/24,2440,2440,2405,2416,3402.69995117188
4385,2025/07/25,2428,2428,2345,2347,3223.60009765625
4385,2025/07/28,2347,2365.5,2326.5,2335.5,1966.30004882813
4385,2025/07/29,2327,2330,2273,2296,2957
4385,2025/07/30,2285.5,2327,2262,2325.5,2636
4385,2025/07/31,2319.5,2344.5,2296.5,2330.5,2697.90014648438
4385,2025/08/01,2339.5,2370.5,2335,2352.5,2268.90014648438
4385,2025/08/04,2308,2378,2307,2336,2426.19995117188
4385,2025/08/05,2350.5,2367,2310.5,2315,3491.90014648438
4385,2025/08/06,2296,2365.5,2143,2155,19313.599609375
4385,2025/08/07,2144,2194.5,2113,2134,8686.2998046875
4385,2025/08/08,2145,2159,2130,2141,4080.80004882813
4385,2025/08/12,2189,2252,2185.5,2205,7389.89990234375
4385,2025/08/13,2208,2212.5,2160,2170,5070.5
4385,2025/08/14,2168,2218,2163,2164,3635.19995117188
4385,2025/08/15,2181,2209.5,2179,2200,3585.60009765625
4385,2025/08/18,2220,2268,2212,2250,4247.39990234375
4385,2025/08/19,2262,2278,2245.5,2268,3385.19995117188
4385,2025/08/20,2250,2255,2214,2227,2623.30004882813
4385,2025/08/21,2211,2265,2207,2253.5,2564.30004882813
4385,2025/08/22,2260,2322,2253,2286,4180
4385,2025/08/25,2398,2457,2365,2400,7807.10009765625
4385,2025/08/26,2364,2480,2333,2475.5,6056.80029296875
4385,2025/08/27,2452,2513,2427.5,2434.5,4563.30029296875
4385,2025/08/28,2425,2463,2410,2456,4983.2001953125
4385,2025/08/29,2441,2504.5,2441,2501,3533
4385,2025/09/01,2479.5,2541.5,2457,2535,4569.30029296875
4385,2025/09/02,2510.5,2511,2391.5,2413.5,6216.30029296875
4385,2025/09/03,2399.5,2458.5,2385,2441.5,4073
4385,2025/09/04,2441.5,2441.5,2371,2400,3691.40014648438
4385,2025/09/05,2399,2407,2328.5,2351,4155.2001953125
4385,2025/09/08,2356,2376,2314.5,2327,3320.30004882813
4385,2025/09/09,2339,2397.5,2333.5,2392.5,3875.90014648438
4385,2025/09/10,2382,2384,2321.5,2329.5,3358.69995117188
4385,2025/09/11,2310,2312.5,2250,2261.5,3478.10009765625
4385,2025/09/12,2288,2303,2262,2299,3162.5
4385,2025/09/16,2265,2278.5,2217,2266,3264.5
4385,2025/09/17,2260,2335.5,2245,2316.5,3379.30004882813
4385,2025/09/18,2311,2338,2298.5,2307,2505.69995117188
4385,2025/09/19,2300,2306.5,2251,2268.5,2745.5
4385,2025/09/22,2275,2290.5,2237,2278,2511.19995117188
4385,2025/09/24,2280,2282.5,2197.5,2205.5,3201.30004882813
4385,2025/09/25,2224,2263.5,2215,2260,2738.69995117188
4385,2025/09/26,2259,2280,2250.5,2278,2534.10009765625
4385,2025/09/29,2300,2307,2266,2267.5,2109.30004882813
4385,2025/09/30,2266,2318,2259,2276,3611.40014648438
4385,2025/10/01,2232,2255.5,2171,2184,3622.10009765625
4385,2025/10/02,2196,2214,2147,2147,2595.69995117188
4385,2025/10/03,2147,2215,2147,2192,2276.10009765625
4385,2025/10/06,2222.5,2225,2183,2209.5,2119.69995117188
4385,2025/10/07,2205,2223,2190,2209.5,2347.30004882813
4385,2025/10/08,2196,2219,2175,2218,2810
4385,2025/10/09,2205.5,2229,2166,2202.5,2634.69995117188
4385,2025/10/10,2192.5,2196.5,2150,2184,2574.69995117188
4385,2025/10/14,2140,2140,2069,2084.5,3887.80004882813
4385,2025/10/15,2201,2381.5,2200,2380,12922
4385,2025/10/16,2360.5,2383,2305.5,2323.5,4752
4385,2025/10/17,2255,2291.5,2235,2266,3195.60009765625
4385,2025/10/20,2302,2323,2290,2312,2222.40014648438
4385,2025/10/21,2329.5,2372,2325.5,2359.5,2395.30004882813
4385,2025/10/22,2359.5,2396,2347.5,2392.5,2293.69995117188
4385,2025/10/23,2381,2398.5,2369.5,2392.5,1712.40002441406
4385,2025/10/24,2392.5,2393,2342,2353,1630.80004882813
4385,2025/10/27,2344,2397,2335.5,2348.5,1920.30004882813
4385,2025/10/28,2335.5,2341.5,2280.5,2300.5,1772.70007324219
4385,2025/10/29,2282.5,2299,2242.5,2264.5,1814.40002441406
4385,2025/10/30,2251.5,2298.5,2240,2287.5,1896.20007324219
4385,2025/10/31,2302.5,2342.5,2276,2281.5,1699.40002441406
4385,2025/11/04,2247,2294.5,2223.5,2259.5,1920.80004882813
4385,2025/11/05,2248,2272,2212.5,2262,2268.5
4385,2025/11/06,2246.5,2270.5,2230.5,2230.5,2026.30004882813
4385,2025/11/07,2203,2258,2202,2224,2553.60009765625
4385,2025/11/10,2500,2629,2463,2628,13952.5
4385,2025/11/11,2629,2666,2557,2665,6626.2001953125
4385,2025/11/12,2682,2694.5,2608,2625.5,3186.19995117188
4385,2025/11/13,2601,2623.5,2567.5,2623.5,2590.69995117188
4385,2025/11/14,2622,2651.5,2584,2632.5,2409.10009765625
4385,2025/11/17,2590,2633.5,2580,2630,1977
4385,2025/11/18,2604.5,2621.5,2567.5,2597,1965.40002441406
4385,2025/11/19,2591,2606.5,2541,2562,2305.40014648438
4385,2025/11/20,2552,2557.5,2446,2490.5,3790.30004882813
4385,2025/11/21,2480,2550,2466,2515,2314.10009765625
4385,2025/11/25,2508,2554.5,2501,2534.5,2573.19995117188
4385,2025/11/26,2584.5,2662.5,2572.5,2648,3388.10009765625
4385,2025/11/27,2644,2672,2633.5,2652,1456.40002441406
4385,2025/11/28,2652,2664.5,2640,2655,1172.90002441406
4385,2025/12/01,2640,2667.5,2592,2606,1731
4385,2025/12/02,2649,2712,2633.5,2700.5,2788.69995117188
4385,2025/12/03,2725,2775.5,2697,2724.5,3333.80004882813
4385,2025/12/04,2803,2912,2797,2853.5,4520.7001953125
4385,2025/12/05,2870.5,2947,2854,2893,3901.80004882813
4385,2025/12/08,2893,2956.5,2877.5,2944,2443.5
4385,2025/12/09,2926,2993,2872,2933,3054.30004882813
4385,2025/12/10,2949,2981,2915.5,2934,2183.69995117188
4385,2025/12/11,2940,2976.5,2919,2941.5,1768.80004882813
4385,2025/12/12,2941.5,2983.5,2916.5,2979.5,1802.20007324219
4385,2025/12/15,3070,3119,3022,3067,3355.69995117188
4385,2025/12/16,3015,3045,2921,2935,2028.30004882813
4385,2025/12/17,2965,2967,2904.5,2932,1442.59997558594
4385,2025/12/18,2902.5,2960,2885.5,2945.5,1363.59997558594
4385,2025/12/19,2951,3058,2944,3030,2492.69995117188
4385,2025/12/22,3020,3030,2970,2982,1114.70007324219
4385,2025/12/23,3000,3090,2993.5,3085,2102.10009765625
4385,2025/12/24,3070,3134,3059,3085,1905.59997558594
4385,2025/12/25,3089,3188,3085,3188,1905.30004882813
4385,2025/12/26,3200,3260,3179,3210,1943.40002441406
4385,2025/12/29,3200,3244,3180,3231,1489.20007324219
4385,2025/12/30,3234,3243,3170,3170,1142.70007324219
