4443,2019/06/19,1190,1365,1182.5,1365,28142
4443,2019/06/20,1415,1472.5,1332.5,1367.5,12396.7998046875
4443,2019/06/21,1417.5,1447.5,1375,1397.5,6187.60009765625
4443,2019/06/24,1390,1442.5,1317.5,1367.5,3502.40014648438
4443,2019/06/25,1345,1362.5,1290,1352.5,1961.20007324219
4443,2019/06/26,1335,1352.5,1300,1332.5,948.400024414063
4443,2019/06/27,1317.5,1362.5,1317.5,1360,803.200012207031
4443,2019/06/28,1365,1430,1360,1420,1798
4443,2019/07/01,1445,1445,1377.5,1420,1382
4443,2019/07/02,1425,1482.5,1422.5,1462.5,2661.60009765625
4443,2019/07/03,1472.5,1510,1460,1497.5,2213.19995117188
4443,2019/07/04,1505,1517.5,1482.5,1505,1210
4443,2019/07/05,1510,1512.5,1465,1495,921.200012207031
4443,2019/07/08,1475,1477.5,1427.5,1447.5,871.600036621094
4443,2019/07/09,1467.5,1467.5,1427.5,1427.5,427.600006103516
4443,2019/07/10,1415,1445,1385,1442.5,634.400024414063
4443,2019/07/11,1440,1462.5,1407.5,1452.5,396
4443,2019/07/12,1467.5,1467.5,1437.5,1452.5,424
4443,2019/07/16,1525,1550,1467.5,1497.5,2006
4443,2019/07/17,1475,1485,1390,1465,812.799987792969
4443,2019/07/18,1447.5,1462.5,1412.5,1455,447.600006103516
4443,2019/07/19,1467.5,1472.5,1437.5,1467.5,351.200012207031
4443,2019/07/22,1442.5,1500,1425,1495,466.399993896484
4443,2019/07/23,1500,1530,1487.5,1522.5,812.400024414063
4443,2019/07/24,1525,1565,1512.5,1535,967.600036621094
4443,2019/07/25,1525,1542.5,1507.5,1532.5,413.200012207031
4443,2019/07/26,1535,1545,1517.5,1532.5,346
4443,2019/07/29,1547.5,1560,1502.5,1510,549.600036621094
4443,2019/07/30,1507.5,1507.5,1485,1492.5,472
4443,2019/07/31,1487.5,1492.5,1455,1480,360
4443,2019/08/01,1470,1470,1442.5,1460,457.600006103516
4443,2019/08/02,1435,1467.5,1425,1460,343.600006103516
4443,2019/08/05,1457.5,1457.5,1412.5,1435,359.200012207031
4443,2019/08/06,1390,1465,1387.5,1435,312.800018310547
4443,2019/08/07,1435,1440,1412.5,1435,252.800003051758
4443,2019/08/08,1440,1500,1432.5,1497.5,369.600006103516
4443,2019/08/09,1500,1525,1482.5,1507.5,476.800018310547
4443,2019/08/13,1487.5,1517.5,1475,1497.5,325.200012207031
4443,2019/08/14,1505,1527.5,1487.5,1500,466.800018310547
4443,2019/08/15,1475,1495,1475,1480,239.600006103516
4443,2019/08/16,1477.5,1487.5,1447.5,1460,292
4443,2019/08/19,1465,1467.5,1425,1442.5,205.600006103516
4443,2019/08/20,1445,1485,1415,1440,398
4443,2019/08/21,1430,1462.5,1430,1442.5,175.600006103516
4443,2019/08/22,1462.5,1487.5,1460,1477.5,361.200012207031
4443,2019/08/23,1475,1492.5,1470,1482.5,349.600006103516
4443,2019/08/26,1457.5,1467.5,1440,1442.5,472.399993896484
4443,2019/08/27,1450,1462.5,1402.5,1417.5,532.799987792969
4443,2019/08/28,1420,1420,1322.5,1385,486.800018310547
4443,2019/08/29,1382.5,1382.5,1295,1312.5,430.399993896484
4443,2019/08/30,1335,1350,1297.5,1307.5,352.399993896484
4443,2019/09/02,1300,1327.5,1282.5,1325,244
4443,2019/09/03,1325,1340,1305,1330,194.800003051758
4443,2019/09/04,1325,1355,1320,1332.5,169.199996948242
4443,2019/09/05,1337.5,1360,1337.5,1352.5,170.400009155273
4443,2019/09/06,1352.5,1367.5,1175,1246.25,914.400024414063
4443,2019/09/09,1236.25,1236.25,1100,1105,1128.40002441406
4443,2019/09/10,1090,1091.25,1041.25,1088.75,1023.20001220703
4443,2019/09/11,1088.75,1185,1075,1151.25,1016.40002441406
4443,2019/09/12,1151.25,1181.25,1075,1080,505.200012207031
4443,2019/09/13,1086.25,1106.25,1056.25,1092.5,439.600006103516
4443,2019/09/17,1092.5,1133.75,1078.75,1107.5,345.600006103516
4443,2019/09/18,1098.75,1118.75,1080,1103.75,410
4443,2019/09/19,1100,1136.25,1090,1112.5,494
4443,2019/09/20,1111.25,1111.25,1015,1027.5,1140
4443,2019/09/24,1035,1091.25,1000,1086.25,734
4443,2019/09/25,1060,1121.25,1051.25,1112.5,344.399993896484
4443,2019/09/26,1095,1107.5,1078.75,1088.75,299.200012207031
4443,2019/09/27,1088.75,1090,1033.75,1037.5,230
4443,2019/09/30,1047.5,1047.5,1001.25,1021.25,247.600006103516
4443,2019/10/01,1031.25,1058.75,1028.75,1045,199.199996948242
4443,2019/10/02,1045,1120,1037.5,1106.25,644.400024414063
4443,2019/10/03,1092.5,1112.5,1041.25,1061.25,568.799987792969
4443,2019/10/04,1056.25,1092.5,1047.5,1077.5,142
4443,2019/10/07,1077.5,1087.5,1040,1078.75,233.600006103516
4443,2019/10/08,1086.25,1111.25,1081.25,1093.75,288.399993896484
4443,2019/10/09,1088.75,1135,1087.5,1126.25,303.600006103516
4443,2019/10/10,1127.5,1200,1100,1187.5,678
4443,2019/10/11,1168.75,1175,1106.25,1112.5,348.399993896484
4443,2019/10/15,1115,1150,1095,1138.75,562.400024414063
4443,2019/10/16,1125,1125,1020,1032.5,1168.80004882813
4443,2019/10/17,1033.75,1037.5,953.75,966.25,774
4443,2019/10/18,932.5,960,885,918.75,1064
4443,2019/10/21,917.5,932.5,907.5,927.5,449.600006103516
4443,2019/10/23,932.5,937.5,907.5,915,330.399993896484
4443,2019/10/24,925,931.25,910,923.75,174
4443,2019/10/25,940,962.5,927.5,950,510.399993896484
4443,2019/10/28,955,977.5,950,968.75,633.200012207031
4443,2019/10/29,970,970,936.25,950,369.600006103516
4443,2019/10/30,960,966.25,938.75,938.75,192
4443,2019/10/31,938.75,970,926.25,967.5,386.399993896484
4443,2019/11/01,947.5,962.5,931.25,950,247.600006103516
4443,2019/11/05,965,1053.75,961.25,1032.5,1052.80004882813
4443,2019/11/06,998.75,1015,970,988.75,508.399993896484
4443,2019/11/07,990,1032.5,982.5,1026.25,302.399993896484
4443,2019/11/08,1042.5,1092.5,1032.5,1075,715.200012207031
4443,2019/11/11,1063.75,1096.25,1062.5,1080,406.800018310547
4443,2019/11/12,1076.25,1121.25,1072.5,1120,394.399993896484
4443,2019/11/13,1125,1168.75,1117.5,1162.5,694.400024414063
4443,2019/11/14,1145,1166.25,1115,1131.25,401.600006103516
4443,2019/11/15,1131.25,1155,1122.5,1138.75,182
4443,2019/11/18,1156.25,1208.75,1145,1148.75,832.400024414063
4443,2019/11/19,1151.25,1186.25,1145,1148.75,451.600006103516
4443,2019/11/20,1136.25,1162.5,1135,1161.25,228.400009155273
4443,2019/11/21,1150,1175,1130,1156.25,400.800018310547
4443,2019/11/22,1171.25,1183.75,1145,1177.5,417.200012207031
4443,2019/11/25,1177.5,1177.5,1137.5,1146.25,556.799987792969
4443,2019/11/26,1156.25,1171.25,1137.5,1150,1551.20007324219
4443,2019/11/27,1255,1325,1230,1325,4643.60009765625
4443,2019/11/28,1340,1432.5,1330,1377.5,2960.40014648438
4443,2019/11/29,1375,1430,1352.5,1430,1425.20007324219
4443,2019/12/02,1442.5,1445,1347.5,1385,1101.20007324219
4443,2019/12/03,1400,1467.5,1375,1467.5,1299.59997558594
4443,2019/12/04,1455,1487.5,1427.5,1440,931.200012207031
4443,2019/12/05,1447.5,1450,1402.5,1422.5,455.200012207031
4443,2019/12/06,1420,1462.5,1410,1457.5,634
4443,2019/12/09,1435,1445,1367.5,1397.5,912
4443,2019/12/10,1387.5,1390,1352.5,1365,413.200012207031
4443,2019/12/11,1355,1362.5,1307.5,1320,490
4443,2019/12/12,1312.5,1312.5,1270,1277.5,654.799987792969
4443,2019/12/13,1275,1297.5,1255,1255,647.200012207031
4443,2019/12/16,1250,1295,1233.75,1277.5,547.200012207031
4443,2019/12/17,1262.5,1285,1245,1275,319.600006103516
4443,2019/12/18,1265,1300,1217.5,1228.75,608.799987792969
4443,2019/12/19,1200,1200,1120,1180,2502.40014648438
4443,2019/12/20,1200,1262.5,1195,1252.5,3522
4443,2019/12/23,1248.75,1275,1240,1257.5,950
4443,2019/12/24,1247.5,1265,1245,1257.5,560.400024414063
4443,2019/12/25,1275,1372.5,1270,1357.5,1705.59997558594
4443,2019/12/26,1350,1382.5,1325,1375,735.200012207031
4443,2019/12/27,1362.5,1380,1330,1375,436.399993896484
4443,2019/12/30,1355,1385,1352.5,1385,310.800018310547
4443,2020/01/06,1382.5,1432.5,1375,1420,1206.80004882813
4443,2020/01/07,1435,1515,1427.5,1490,1322.40002441406
4443,2020/01/08,1482.5,1487.5,1432.5,1467.5,620.400024414063
4443,2020/01/09,1475,1510,1452.5,1472.5,653.200012207031
4443,2020/01/10,1470,1482.5,1400,1452.5,680
4443,2020/01/14,1455,1460,1395,1402.5,710.799987792969
4443,2020/01/15,1327.5,1447.5,1280,1400,1060.40002441406
4443,2020/01/16,1375,1490,1375,1462.5,974.799987792969
4443,2020/01/17,1485,1547.5,1470,1530,2030.80004882813
4443,2020/01/20,1547.5,1550,1502.5,1512.5,802.400024414063
4443,2020/01/21,1562.5,1597.5,1545,1595,1070.40002441406
4443,2020/01/22,1587.5,1635,1570,1590,1064
4443,2020/01/23,1592.5,1597.5,1562.5,1572.5,352.399993896484
4443,2020/01/24,1582.5,1587.5,1500,1522.5,1055.59997558594
4443,2020/01/27,1490,1522.5,1475,1492.5,585.600036621094
4443,2020/01/28,1450,1492.5,1437.5,1442.5,719.200012207031
4443,2020/01/29,1445,1462.5,1430,1455,274
4443,2020/01/30,1430,1440,1375,1390,565.600036621094
4443,2020/01/31,1407.5,1412.5,1377.5,1390,364.399993896484
4443,2020/02/03,1365,1387.5,1355,1377.5,255.199996948242
4443,2020/02/04,1387.5,1447.5,1365,1422.5,724
4443,2020/02/05,1447.5,1470,1412.5,1430,450.800018310547
4443,2020/02/06,1415,1457.5,1412.5,1440,378.399993896484
4443,2020/02/07,1442.5,1470,1415,1470,333.600006103516
4443,2020/02/10,1470,1512.5,1437.5,1445,413.600006103516
4443,2020/02/12,1445,1455,1432.5,1455,240.400009155273
4443,2020/02/13,1475,1495,1445,1477.5,211.600006103516
4443,2020/02/14,1475,1475,1452.5,1467.5,180
4443,2020/02/17,1470,1475,1437.5,1445,415.200012207031
4443,2020/02/18,1420,1462.5,1392.5,1445,471.200012207031
4443,2020/02/19,1440,1470,1430,1442.5,338
4443,2020/02/20,1442.5,1452.5,1400,1417.5,303.200012207031
4443,2020/02/21,1417.5,1447.5,1400,1407.5,345.200012207031
4443,2020/02/25,1347.5,1392.5,1337.5,1357.5,469.200012207031
4443,2020/02/26,1355,1362.5,1330,1337.5,514
4443,2020/02/27,1312.5,1312.5,1238.75,1287.5,942.400024414063
4443,2020/02/28,1227.5,1285,1207.5,1248.75,952.400024414063
4443,2020/03/02,1247.5,1315,1247.5,1282.5,687.200012207031
4443,2020/03/03,1305,1317.5,1260,1270,393.200012207031
4443,2020/03/04,1255,1270,1208.75,1247.5,455.600006103516
4443,2020/03/05,1255,1257.5,1192.5,1203.75,563.200012207031
4443,2020/03/06,1176.25,1192.5,1161.25,1177.5,508.399993896484
4443,2020/03/09,1125,1132.5,1058.75,1082.5,798.799987792969
4443,2020/03/10,1065,1107.5,1012.5,1092.5,757.200012207031
4443,2020/03/11,1085,1115,1060,1073.75,717.600036621094
4443,2020/03/12,1050,1076.25,980,998.75,839.200012207031
4443,2020/03/13,893.75,1023.75,858.75,991.25,1115.20007324219
4443,2020/03/16,993.75,1046.25,953.75,965,851.200012207031
4443,2020/03/17,947.5,1101.25,946.25,1078.75,1436
4443,2020/03/18,1078.75,1210,1077.5,1123.75,1466.80004882813
4443,2020/03/19,1143.75,1300,1138.75,1300,821.600036621094
4443,2020/03/23,1212.5,1305,1130,1215,1069.20007324219
4443,2020/03/24,1250,1277.5,1200,1211.25,1173.20007324219
4443,2020/03/25,1220,1255,1100,1138.75,772.400024414063
4443,2020/03/26,1111.25,1115,1047.5,1065,679.200012207031
4443,2020/03/27,1072.5,1083.75,1020,1037.5,728.799987792969
4443,2020/03/30,1021.25,1075,991.25,1062.5,1085.59997558594
4443,2020/03/31,1053.75,1133.75,993.75,1123.75,811.200012207031
4443,2020/04/01,1081.25,1105,1030,1036.25,487.600006103516
4443,2020/04/02,1036.25,1073.75,1000,1006.25,341.600006103516
4443,2020/04/03,1006.25,1011.25,937.5,945,458
4443,2020/04/06,945,995,931.25,957.5,596.400024414063
4443,2020/04/07,972.5,997.5,901.25,933.75,667.600036621094
4443,2020/04/08,941.25,992.5,916.25,962.5,1222.80004882813
4443,2020/04/09,953.75,1048.75,951.25,1038.75,1015.20001220703
4443,2020/04/10,1053.75,1053.75,980,1012.5,589.600036621094
4443,2020/04/13,1012.5,1017.5,925,970,1398.80004882813
4443,2020/04/14,1038.75,1145,1038.75,1145,2174
4443,2020/04/15,1177.5,1248.75,1031.25,1081.25,4452.39990234375
4443,2020/04/16,1133.75,1257.5,1117.5,1240,1899.20007324219
4443,2020/04/17,1225,1275,1205,1247.5,1106.80004882813
4443,2020/04/20,1230,1280,1212.5,1267.5,525.200012207031
4443,2020/04/21,1252.5,1257.5,1177.5,1206.25,800.400024414063
4443,2020/04/22,1188.75,1212.5,1170,1176.25,456
4443,2020/04/23,1211.25,1275,1210,1250,591.600036621094
4443,2020/04/24,1275,1320,1257.5,1312.5,970
4443,2020/04/27,1362.5,1400,1302.5,1327.5,998
4443,2020/04/28,1327.5,1360,1282.5,1315,532.799987792969
4443,2020/04/30,1325,1342.5,1305,1330,416.800018310547
4443,2020/05/01,1307.5,1320,1257.5,1280,423.600006103516
4443,2020/05/07,1425,1435,1337.5,1387.5,737.200012207031
4443,2020/05/08,1395,1395,1310,1372.5,670.799987792969
4443,2020/05/11,1375,1407.5,1362.5,1375,319.600006103516
4443,2020/05/12,1375,1405,1315,1330,542
4443,2020/05/13,1315,1320,1272.5,1282.5,337.600006103516
4443,2020/05/14,1277.5,1295,1262.5,1272.5,273.200012207031
4443,2020/05/15,1287.5,1295,1215,1250,701.200012207031
4443,2020/05/18,1250,1262.5,1225,1252.5,540
4443,2020/05/19,1277.5,1297.5,1233.75,1262.5,402.399993896484
4443,2020/05/20,1280,1340,1246.25,1330,673.600036621094
4443,2020/05/21,1320,1352.5,1285,1340,744.400024414063
4443,2020/05/22,1315,1317.5,1252.5,1285,846.799987792969
4443,2020/05/25,1300,1300,1275,1285,408.399993896484
4443,2020/05/26,1335,1335,1277.5,1290,545.200012207031
4443,2020/05/27,1285,1300,1238.75,1252.5,652.799987792969
4443,2020/05/28,1252.5,1272.5,1243.75,1250,566.799987792969
4443,2020/05/29,1242.5,1375,1231.25,1362.5,1574.80004882813
4443,2020/06/01,1360,1420,1327.5,1357.5,1152.40002441406
4443,2020/06/02,1360,1375,1300,1320,988.799987792969
4443,2020/06/03,1310,1325,1235,1248.75,1274.80004882813
4443,2020/06/04,1237.5,1247.5,1193.75,1236.25,1192.80004882813
4443,2020/06/05,1213.75,1225,1177.5,1210,856
4443,2020/06/08,1210,1245,1192.5,1225,658.400024414063
4443,2020/06/09,1213.75,1241.25,1202.5,1236.25,610.799987792969
4443,2020/06/10,1221.25,1246.25,1220,1240,1030.80004882813
4443,2020/06/11,1240,1243.75,1157.5,1172.5,1416.40002441406
4443,2020/06/12,1132.5,1207.5,1128.75,1190,961.200012207031
4443,2020/06/15,1172.5,1182.5,1153.75,1156.25,494
4443,2020/06/16,1157.5,1173.75,1151.25,1162.5,723.600036621094
4443,2020/06/17,1156.25,1180,1153.75,1168.75,466.399993896484
4443,2020/06/18,1161.25,1171.25,1152.5,1163.75,543.600036621094
4443,2020/06/19,1153.75,1163.75,1153.75,1156.25,576.799987792969
4443,2020/06/22,1156.25,1207.5,1152.5,1186.25,1158
4443,2020/06/23,1200,1208.75,1143.75,1153.75,1478.40002441406
4443,2020/06/24,1142.5,1153.75,1127.5,1135,962.799987792969
4443,2020/06/25,1121.25,1135,1095,1102.5,949.600036621094
4443,2020/06/26,1098.75,1101.25,1045,1061.25,1448
4443,2020/06/29,1058.75,1105,1040,1058.75,1812
4443,2020/06/30,1057.5,1080,1005,1030,1298.80004882813
4443,2020/07/01,1061.25,1105,1032.5,1037.5,1124
4443,2020/07/02,1053.75,1093.75,1051.25,1067.5,982.400024414063
4443,2020/07/03,1088.75,1146.25,1071.25,1138.75,1248
4443,2020/07/06,1122.5,1180,1120,1167.5,803.200012207031
4443,2020/07/07,1270,1310,1252.5,1295,2962.80004882813
4443,2020/07/08,1312.5,1337.5,1252.5,1320,1434.80004882813
4443,2020/07/09,1320,1370,1312.5,1370,1166.80004882813
4443,2020/07/10,1357.5,1387.5,1337.5,1337.5,979.200012207031
4443,2020/07/13,1320,1362.5,1292.5,1337.5,650.799987792969
4443,2020/07/14,1355,1380,1307.5,1320,994
4443,2020/07/15,1360,1482.5,1340,1462.5,4440.80029296875
4443,2020/07/16,1445,1497.5,1405,1415,1888.80004882813
4443,2020/07/17,1390,1410,1330,1365,1335.59997558594
4443,2020/07/20,1352.5,1392.5,1335,1355,736.400024414063
4443,2020/07/21,1405,1502.5,1405,1495,2142.40014648438
4443,2020/07/22,1475,1495,1452.5,1475,795.600036621094
4443,2020/07/27,1470,1477.5,1382.5,1422.5,1075.59997558594
4443,2020/07/28,1392.5,1400,1345,1357.5,1100
4443,2020/07/29,1347.5,1357.5,1282.5,1307.5,1050
4443,2020/07/30,1295,1297.5,1241.25,1280,1156.80004882813
4443,2020/07/31,1275,1310,1250,1297.5,986.400024414063
4443,2020/08/03,1307.5,1317.5,1272.5,1297.5,565.200012207031
4443,2020/08/04,1297.5,1325,1275,1290,416.399993896484
4443,2020/08/05,1282.5,1337.5,1248.75,1337.5,567.200012207031
4443,2020/08/06,1345,1372.5,1307.5,1325,705.600036621094
4443,2020/08/07,1312.5,1315,1267.5,1295,546.799987792969
4443,2020/08/11,1282.5,1287.5,1245,1252.5,595.600036621094
4443,2020/08/12,1237.5,1248.75,1206.25,1237.5,894
4443,2020/08/13,1220,1221.25,1188.75,1216.25,1230
4443,2020/08/14,1233.75,1292.5,1233.75,1285,1051.59997558594
4443,2020/08/17,1260,1262.5,1228.75,1233.75,858.799987792969
4443,2020/08/18,1237.5,1260,1215,1255,875.200012207031
4443,2020/08/19,1272.5,1290,1252.5,1280,544
4443,2020/08/20,1275,1275,1237.5,1245,448
4443,2020/08/21,1236.25,1265,1236.25,1257.5,347.600006103516
4443,2020/08/24,1260,1265,1236.25,1252.5,448
4443,2020/08/25,1255,1300,1252.5,1282.5,608.400024414063
4443,2020/08/26,1307.5,1325,1290,1310,608.799987792969
4443,2020/08/27,1370,1437.5,1325,1332.5,1857.20007324219
4443,2020/08/28,1350,1372.5,1275,1295,1061.59997558594
4443,2020/08/31,1320,1397.5,1320,1385,1197.59997558594
4443,2020/09/01,1385,1415,1377.5,1405,423.200012207031
4443,2020/09/02,1400,1442.5,1382.5,1402.5,783.200012207031
4443,2020/09/03,1402.5,1412.5,1362.5,1375,586
4443,2020/09/04,1332.5,1422.5,1322.5,1405,746.799987792969
4443,2020/09/07,1380,1435,1370,1400,430.399993896484
4443,2020/09/08,1402.5,1472.5,1402.5,1467.5,822.799987792969
4443,2020/09/09,1460,1507.5,1442.5,1470,1052.40002441406
4443,2020/09/10,1475,1480,1450,1452.5,434
4443,2020/09/11,1485,1485,1400,1452.5,790.799987792969
4443,2020/09/14,1472.5,1512.5,1435,1442.5,425.600006103516
4443,2020/09/15,1455,1532.5,1437.5,1515,786
4443,2020/09/16,1490,1557.5,1480,1542.5,838.400024414063
4443,2020/09/17,1560,1612.5,1527.5,1530,1134
4443,2020/09/18,1545,1560,1497.5,1532.5,667.600036621094
4443,2020/09/23,1555,1650,1530,1630,1318
4443,2020/09/24,1620,1715,1590,1652.5,1584.40002441406
4443,2020/09/25,1670,1687.5,1612.5,1645,1061.59997558594
4443,2020/09/28,1682.5,1685,1620,1650,606.400024414063
4443,2020/09/29,1630,1672.5,1625,1650,709.600036621094
4443,2020/09/30,1662.5,1710,1635,1697.5,1159.20007324219
4443,2020/10/02,1717.5,1717.5,1645,1652.5,1953.59997558594
4443,2020/10/05,1652.5,1665,1600,1632.5,808.799987792969
4443,2020/10/06,1625,1630,1592.5,1610,648
4443,2020/10/07,1600,1670,1600,1655,639.200012207031
4443,2020/10/08,1637.5,1682.5,1605,1672.5,812
4443,2020/10/09,1687.5,1775,1672.5,1767.5,1765.59997558594
4443,2020/10/12,1792.5,1800,1717.5,1777.5,1490
4443,2020/10/13,1800,1800,1682.5,1725,1383.59997558594
4443,2020/10/14,1700,1967.5,1640,1877.5,7166.80029296875
4443,2020/10/15,1820,1832.5,1700,1777.5,2949.60009765625
4443,2020/10/16,1787.5,1792.5,1655,1692.5,1615.20007324219
4443,2020/10/19,1737.5,1787.5,1702.5,1775,2076
4443,2020/10/20,1775,1865,1760,1850,1908
4443,2020/10/21,1880,1945,1865,1902.5,2459.19995117188
4443,2020/10/22,1890,1890,1762.5,1807.5,1539.59997558594
4443,2020/10/23,1767.5,1832.5,1730,1815,1706.40002441406
4443,2020/10/26,1815,1847.5,1695,1705,1246.80004882813
4443,2020/10/27,1670,1805,1635,1762.5,1323.20007324219
4443,2020/10/28,1775,1835,1775,1820,1463.20007324219
4443,2020/10/29,1770,1792.5,1680,1740,1814.80004882813
4443,2020/10/30,1750,1772.5,1702.5,1730,1320
4443,2020/11/02,1755,1785,1707.5,1757.5,1222.80004882813
4443,2020/11/04,1737.5,1790,1705,1775,1258.40002441406
4443,2020/11/05,1812.5,1822.5,1752.5,1772.5,1330
4443,2020/11/06,1762.5,1782.5,1712.5,1712.5,742
4443,2020/11/09,1730,1755,1707.5,1707.5,713.600036621094
4443,2020/11/10,1657.5,1717.5,1607.5,1655,1216.80004882813
4443,2020/11/11,1580,1662.5,1557.5,1655,1108.40002441406
4443,2020/11/12,1680,1700,1632.5,1645,534.799987792969
4443,2020/11/13,1667.5,1720,1652.5,1695,659.600036621094
4443,2020/11/16,1682.5,1695,1595,1640,1063.20007324219
4443,2020/11/17,1622.5,1625,1572.5,1585,618
4443,2020/11/18,1572.5,1630,1560,1565,483.200012207031
4443,2020/11/19,1575,1655,1572.5,1637.5,1141.20007324219
4443,2020/11/20,1632.5,1675,1585,1607.5,780.799987792969
4443,2020/11/24,1597.5,1600,1550,1575,884.400024414063
4443,2020/11/25,1552.5,1570,1507.5,1512.5,1010.40002441406
4443,2020/11/26,1525,1570,1492.5,1560,946
4443,2020/11/27,1542.5,1592.5,1530,1582.5,857.200012207031
4443,2020/11/30,1567.5,1585,1527.5,1567.5,948
4443,2020/12/01,1610,1712.5,1587.5,1707.5,1100.80004882813
4443,2020/12/02,1725,1790,1707.5,1752.5,1783.20007324219
4443,2020/12/03,1725,1747.5,1660,1662.5,776.400024414063
4443,2020/12/04,1642.5,1667.5,1565,1595,799.600036621094
4443,2020/12/07,1562.5,1567.5,1517.5,1525,585.600036621094
4443,2020/12/08,1525,1580,1495,1567.5,748
4443,2020/12/09,1550,1570,1522.5,1570,574
4443,2020/12/10,1532.5,1547.5,1515,1517.5,538
4443,2020/12/11,1567.5,1625,1552.5,1607.5,579.200012207031
4443,2020/12/14,1657.5,1660,1577.5,1580,432.800018310547
4443,2020/12/15,1630,1657.5,1602.5,1612.5,633.600036621094
4443,2020/12/16,1637.5,1637.5,1577.5,1590,438.399993896484
4443,2020/12/17,1620,1687.5,1617.5,1635,832
4443,2020/12/18,1672.5,1677.5,1625,1665,671.200012207031
4443,2020/12/21,1665,1680,1602.5,1625,454.399993896484
4443,2020/12/22,1610,1622.5,1580,1597.5,576.400024414063
4443,2020/12/23,1620,1637.5,1567.5,1595,451.200012207031
4443,2020/12/24,1605,1682.5,1592.5,1655,818.799987792969
4443,2020/12/25,1645,1697.5,1630,1637.5,434
4443,2020/12/28,1680,1695,1637.5,1665,494.800018310547
4443,2020/12/29,1660,1707.5,1650,1705,369.200012207031
4443,2020/12/30,1667.5,1712.5,1657.5,1700,499.600006103516
4443,2021/01/04,1720,1760,1705,1742.5,924
4443,2021/01/05,1740,1780,1730,1770,620.799987792969
4443,2021/01/06,1787.5,1847.5,1762.5,1817.5,1080.40002441406
4443,2021/01/07,1820,1830,1710,1725,833.200012207031
4443,2021/01/08,1780,1807.5,1750,1772.5,783.600036621094
4443,2021/01/12,1755,1772.5,1707.5,1725,551.600036621094
4443,2021/01/13,1707.5,1757.5,1687.5,1755,482.800018310547
4443,2021/01/14,1765,1837.5,1737.5,1787.5,1173.59997558594
4443,2021/01/15,2125,2162.5,1990,2162.5,4755.60009765625
4443,2021/01/18,2237.5,2365,2207.5,2252.5,5080.80029296875
4443,2021/01/19,2300,2395,2240,2395,2520
4443,2021/01/20,2410,2417.5,2282.5,2367.5,2944
4443,2021/01/21,2350,2365,2242.5,2272.5,2436.40014648438
4443,2021/01/22,2275,2300,2207.5,2245,1965.59997558594
4443,2021/01/25,2227.5,2237.5,2140,2192.5,1508.80004882813
4443,2021/01/26,2215,2222.5,2090,2107.5,1638.80004882813
4443,2021/01/27,2125,2227.5,2120,2192.5,1283.20007324219
4443,2021/01/28,2145,2187.5,2070,2095,1176.80004882813
4443,2021/01/29,2115,2167.5,2080,2112.5,1017.20001220703
4443,2021/02/01,2140,2262.5,2122.5,2245,1240
4443,2021/02/02,2262.5,2275,2205,2245,958.400024414063
4443,2021/02/03,2265,2272.5,2200,2240,765.600036621094
4443,2021/02/04,2300,2322.5,2232.5,2250,974
4443,2021/02/05,2230,2275,2180,2275,744.400024414063
4443,2021/02/08,2250,2337.5,2232.5,2332.5,1066.80004882813
4443,2021/02/09,2297.5,2327.5,2255,2292.5,996.799987792969
4443,2021/02/10,2300,2312.5,2275,2290,511.200012207031
4443,2021/02/12,2302.5,2385,2287.5,2355,767.600036621094
4443,2021/02/15,2360,2407.5,2312.5,2387.5,804.400024414063
4443,2021/02/16,2382.5,2440,2370,2377.5,771.600036621094
4443,2021/02/17,2362.5,2400,2332.5,2345,745.600036621094
4443,2021/02/18,2325,2325,2222.5,2235,826
4443,2021/02/19,2225,2325,2220,2320,608.799987792969
4443,2021/02/22,2282.5,2355,2282.5,2325,530.799987792969
4443,2021/02/24,2295,2397.5,2295,2360,1477.20007324219
4443,2021/02/25,2397.5,2537.5,2292.5,2445,7326.39990234375
4443,2021/02/26,2355,2405,2222.5,2272.5,2476.80004882813
4443,2021/03/01,2287.5,2297.5,2207.5,2285,713.600036621094
4443,2021/03/02,2317.5,2342.5,2280,2327.5,613.600036621094
4443,2021/03/03,2327.5,2380,2302.5,2362.5,549.200012207031
4443,2021/03/04,2297.5,2350,2250,2297.5,678.799987792969
4443,2021/03/05,2295,2342.5,2242.5,2342.5,675.200012207031
4443,2021/03/08,2380,2385,2250,2265,631.200012207031
4443,2021/03/09,2227.5,2265,2187.5,2260,585.200012207031
4443,2021/03/10,2297.5,2297.5,2157.5,2167.5,853.200012207031
4443,2021/03/11,2130,2185,2100,2182.5,617.200012207031
4443,2021/03/12,2210,2240,2192.5,2205,423.600006103516
4443,2021/03/15,2205,2220,2162.5,2200,375.600006103516
4443,2021/03/16,2220,2310,2202.5,2310,545.600036621094
4443,2021/03/17,2300,2362.5,2280,2355,479.200012207031
4443,2021/03/18,2375,2427.5,2357.5,2410,763.200012207031
4443,2021/03/19,2372.5,2467.5,2355,2467.5,577.600036621094
4443,2021/03/22,2510,2535,2417.5,2460,758.400024414063
4443,2021/03/23,2475,2560,2467.5,2530,868.799987792969
4443,2021/03/24,2502.5,2502.5,2387.5,2407.5,714
4443,2021/03/25,2377.5,2495,2362.5,2490,484.800018310547
4443,2021/03/26,2500,2542.5,2467.5,2527.5,628
4443,2021/03/29,2537.5,2545,2457.5,2482.5,509.200012207031
4443,2021/03/30,2455,2462.5,2355,2370,772
4443,2021/03/31,2387.5,2410,2357.5,2377.5,512.799987792969
4443,2021/04/01,2415,2445,2362.5,2365,454.399993896484
4443,2021/04/02,2395,2417.5,2357.5,2392.5,434.800018310547
4443,2021/04/05,2402.5,2417.5,2377.5,2405,282.399993896484
4443,2021/04/06,2430,2437.5,2367.5,2377.5,380.800018310547
4443,2021/04/07,2385,2397.5,2345,2375,442
4443,2021/04/08,2397.5,2470,2355,2437.5,933.600036621094
4443,2021/04/09,2470,2575,2462.5,2535,1161.59997558594
4443,2021/04/12,2537.5,2557.5,2430,2537.5,952
4443,2021/04/13,2545,2560,2482.5,2490,925.600036621094
4443,2021/04/14,2475,2530,2365,2400,1235.20007324219
4443,2021/04/15,2362.5,2380,2252.5,2317.5,1647.20007324219
4443,2021/04/16,2312.5,2372.5,2282.5,2295,943.600036621094
4443,2021/04/19,2300,2325,2265,2312.5,772.400024414063
4443,2021/04/20,2302.5,2325,2237.5,2255,619.200012207031
4443,2021/04/21,2217.5,2305,2207.5,2287.5,804.799987792969
4443,2021/04/22,2325,2422.5,2315,2422.5,1045.20007324219
4443,2021/04/23,2435,2472.5,2415,2445,814.400024414063
4443,2021/04/26,2467.5,2492.5,2380,2392.5,821.200012207031
4443,2021/04/27,2377.5,2437.5,2335,2395,1096.80004882813
4443,2021/04/28,2365,2377.5,2297.5,2355,2583.60009765625
4443,2021/04/30,2320,2327.5,2235,2252.5,888.400024414063
4443,2021/05/06,2237.5,2255,2142.5,2175,1002
4443,2021/05/07,2187.5,2212.5,2132.5,2142.5,452.800018310547
4443,2021/05/10,2130,2187.5,2115,2165,372.800018310547
4443,2021/05/11,2130,2130,2057.5,2062.5,526.400024414063
4443,2021/05/12,2070,2087.5,1987.5,2005,476.399993896484
4443,2021/05/13,1930,2015,1912.5,1972.5,849.200012207031
4443,2021/05/14,1967.5,1985,1940,1967.5,446.399993896484
4443,2021/05/17,2017.5,2025,1930,1937.5,472.800018310547
4443,2021/05/18,1932.5,1962.5,1922.5,1950,598.400024414063
4443,2021/05/19,1935,2032.5,1932.5,2007.5,554.400024414063
4443,2021/05/20,2042.5,2062.5,2017.5,2045,359.200012207031
4443,2021/05/21,2080,2155,2072.5,2125,608
4443,2021/05/24,2062.5,2072.5,2030,2052.5,419.600006103516
4443,2021/05/25,2065,2095,2065,2087.5,256.800018310547
4443,2021/05/26,2112.5,2147.5,2077.5,2085,468.800018310547
4443,2021/05/27,2070,2070,2030,2050,396.399993896484
4443,2021/05/28,2067.5,2082.5,2007.5,2017.5,358.399993896484
4443,2021/05/31,2000,2077.5,1992.5,2065,384.800018310547
4443,2021/06/01,2085,2105,2030,2050,211.199996948242
4443,2021/06/02,2050,2105,2032.5,2085,270
4443,2021/06/03,2075,2102.5,2067.5,2095,234.400009155273
4443,2021/06/04,2112.5,2112.5,2040,2045,176.400009155273
4443,2021/06/07,2065,2090,2062.5,2085,140
4443,2021/06/08,2105,2132.5,2092.5,2115,204
4443,2021/06/09,2140,2147.5,2110,2110,195.600006103516
4443,2021/06/10,2110,2212.5,2100,2195,490
4443,2021/06/11,2252.5,2265,2192.5,2217.5,598.400024414063
4443,2021/06/14,2232.5,2310,2207.5,2305,428.399993896484
4443,2021/06/15,2305,2357.5,2292.5,2350,484.399993896484
4443,2021/06/16,2305,2322.5,2260,2317.5,339.200012207031
4443,2021/06/17,2280,2337.5,2267.5,2325,362
4443,2021/06/18,2395,2442.5,2375,2380,612.400024414063
4443,2021/06/21,2322.5,2412.5,2317.5,2410,493.200012207031
4443,2021/06/22,2425,2457.5,2387.5,2417.5,423.200012207031
4443,2021/06/23,2425,2467.5,2420,2442.5,366.800018310547
4443,2021/06/24,2445,2450,2390,2420,418.800018310547
4443,2021/06/25,2440,2495,2435,2462.5,608.799987792969
4443,2021/06/28,2455,2485,2432.5,2460,320.800018310547
4443,2021/06/29,2487.5,2502.5,2430,2455,697.600036621094
4443,2021/06/30,2475,2477.5,2417.5,2450,679.200012207031
4443,2021/07/01,2467.5,2490,2437.5,2437.5,556
4443,2021/07/02,2450,2472.5,2430,2450,500
4443,2021/07/05,2475,2497.5,2457.5,2465,628
4443,2021/07/06,2450,2482.5,2432.5,2472.5,394.800018310547
4443,2021/07/07,2462.5,2482.5,2452.5,2470,400.399993896484
4443,2021/07/08,2320,2360,2210,2250,2106.80004882813
4443,2021/07/09,2237.5,2247.5,2150,2182.5,1492.80004882813
4443,2021/07/12,2217.5,2235,2127.5,2180,716.799987792969
4443,2021/07/13,2165,2165,2080,2092.5,1085.59997558594
4443,2021/07/14,2112.5,2145,2062.5,2130,1092.80004882813
4443,2021/07/15,2115,2190,1990,2055,1897.20007324219
4443,2021/07/16,2017.5,2087.5,1985,2057.5,813.600036621094
4443,2021/07/19,2010,2040,1987.5,1997.5,711.200012207031
4443,2021/07/20,2020,2085,2012.5,2027.5,940.799987792969
4443,2021/07/21,2050,2127.5,2050,2120,842.799987792969
4443,2021/07/26,2175,2247.5,2160,2242.5,1374.40002441406
4443,2021/07/27,2242.5,2337.5,2237.5,2337.5,1052.80004882813
4443,2021/07/28,2300,2305,2245,2285,756
4443,2021/07/29,2297.5,2332.5,2240,2315,699.200012207031
4443,2021/07/30,2260,2275,2222.5,2240,739.200012207031
4443,2021/08/02,2260,2300,2232.5,2282.5,424
4443,2021/08/03,2275,2342.5,2270,2332.5,474
4443,2021/08/04,2337.5,2350,2300,2332.5,557.600036621094
4443,2021/08/05,2312.5,2347.5,2277.5,2335,662
4443,2021/08/06,2350,2350,2302.5,2340,456.800018310547
4443,2021/08/10,2322.5,2367.5,2302.5,2350,564.400024414063
4443,2021/08/11,2350,2350,2272.5,2300,657.200012207031
4443,2021/08/12,2277.5,2365,2270,2357.5,382
4443,2021/08/13,2350,2387.5,2337.5,2375,341.200012207031
4443,2021/08/16,2352.5,2362.5,2277.5,2292.5,421.200012207031
4443,2021/08/17,2262.5,2262.5,2100,2110,1047.20007324219
4443,2021/08/18,2112.5,2142.5,2050,2102.5,751.600036621094
4443,2021/08/19,2140,2240,2130,2205,840
4443,2021/08/20,2225,2322.5,2220,2275,835.600036621094
4443,2021/08/23,2287.5,2347.5,2270,2337.5,914.799987792969
4443,2021/08/24,2357.5,2452.5,2350,2425,1337.20007324219
4443,2021/08/25,2420,2452.5,2390,2420,916.400024414063
4443,2021/08/26,2405,2467.5,2385,2462.5,768.400024414063
4443,2021/08/27,2462.5,2575,2460,2572.5,1220.80004882813
4443,2021/08/30,2637.5,2850,2610,2800,2354.80004882813
4443,2021/08/31,2820,2962.5,2817.5,2935,1702
4443,2021/09/01,2972.5,3060,2845,2927.5,1660.80004882813
4443,2021/09/02,2935,2955,2875,2947.5,839.600036621094
4443,2021/09/03,2950,2952.5,2857.5,2905,928.799987792969
4443,2021/09/06,2955,3000,2927.5,2952.5,1049.20007324219
4443,2021/09/07,2955,2987.5,2925,2960,761.200012207031
4443,2021/09/08,2900,2970,2865,2970,727.600036621094
4443,2021/09/09,2920,2960,2892.5,2932.5,532.799987792969
4443,2021/09/10,2937.5,3082.5,2905,3047.5,1173.59997558594
4443,2021/09/13,3057.5,3112.5,2985,3022.5,763.200012207031
4443,2021/09/14,3032.5,3097.5,3000,3095,490
4443,2021/09/15,3095,3227.5,3070,3200,944
4443,2021/09/16,3240,3247.5,3105,3142.5,1018
4443,2021/09/17,3152.5,3287.5,3135,3205,4555.60009765625
4443,2021/09/21,3092.5,3170,3040,3147.5,908.799987792969
4443,2021/09/22,3165,3230,3130,3142.5,654
4443,2021/09/24,3192.5,3227.5,3150,3200,497.600006103516
4443,2021/09/27,3217.5,3217.5,3015,3017.5,762.799987792969
4443,2021/09/28,2900,2950,2842.5,2870,952.799987792969
4443,2021/09/29,2735,2800,2692.5,2750,1363.59997558594
4443,2021/09/30,2707.5,2762.5,2685,2700,839.600036621094
4443,2021/10/01,2685,2835,2655,2735,953.600036621094
4443,2021/10/04,2740,2752.5,2572.5,2600,942.799987792969
4443,2021/10/05,2535,2582.5,2477.5,2540,970.799987792969
4443,2021/10/06,2615,2650,2470,2487.5,1238.80004882813
4443,2021/10/07,2565,2620,2515,2525,668.400024414063
4443,2021/10/08,2562.5,2627.5,2550,2595,824
4443,2021/10/11,2637.5,2987.5,2617.5,2967.5,4134.39990234375
4443,2021/10/12,2962.5,3040,2867.5,3017.5,2392.80004882813
4443,2021/10/13,3137.5,3195,2975,3010,2080.40014648438
4443,2021/10/14,2975,3060,2965,2977.5,912.400024414063
4443,2021/10/15,3027.5,3027.5,2967.5,2995,531.600036621094
4443,2021/10/18,2970,3007.5,2880,2905,681.600036621094
4443,2021/10/19,2925,3017.5,2920,3012.5,802.400024414063
4443,2021/10/20,3075,3102.5,3002.5,3085,816.400024414063
4443,2021/10/21,3027.5,3070,2967.5,2980,538.799987792969
4443,2021/10/22,2980,3020,2952.5,2967.5,352.399993896484
4443,2021/10/25,2932.5,2990,2920,2980,320.399993896484
4443,2021/10/26,3047.5,3095,2995,3077.5,688.400024414063
4443,2021/10/27,3075,3122.5,3057.5,3090,559.200012207031
4443,2021/10/28,3127.5,3335,3122.5,3300,1457.59997558594
4443,2021/10/29,3307.5,3347.5,3215,3287.5,1020.40002441406
4443,2021/11/01,3377.5,3382.5,3265,3317.5,611.600036621094
4443,2021/11/02,3327.5,3362.5,3290,3335,494.800018310547
4443,2021/11/04,3335,3345,3270,3297.5,384
4443,2021/11/05,3327.5,3465,3315,3462.5,591.200012207031
4443,2021/11/08,3422.5,3432.5,3337.5,3390,652.400024414063
4443,2021/11/09,3390,3485,3325,3337.5,597.600036621094
4443,2021/11/10,3337.5,3400,3317.5,3372.5,348
4443,2021/11/11,3325,3402.5,3257.5,3397.5,515.600036621094
4443,2021/11/12,3405,3462.5,3380,3447.5,369.600006103516
4443,2021/11/15,3455,3522.5,3450,3512.5,424.399993896484
4443,2021/11/16,3550,3642.5,3535,3560,920.799987792969
4443,2021/11/17,3597.5,3627.5,3547.5,3555,546.799987792969
4443,2021/11/18,3520,3525,3317.5,3370,1022.79998779297
4443,2021/11/19,3375,3385,3272.5,3317.5,1063.20007324219
4443,2021/11/22,3350,3505,3350,3500,782.400024414063
4443,2021/11/24,3350,3362.5,3125,3170,1438.40002441406
4443,2021/11/25,3262.5,3297.5,3175,3192.5,552
4443,2021/11/26,3192.5,3200,3070,3140,554.400024414063
4443,2021/11/29,3200,3270,3075,3085,635.600036621094
4443,2021/11/30,3190,3265,3105,3130,967.400024414063
4443,2021/12/01,3075,3085,2909,2920,716.700012207031
4443,2021/12/02,2836,2877,2765,2795,940.799987792969
4443,2021/12/03,2816,2849,2766,2811,588.900024414063
4443,2021/12/06,2750,2750,2648,2673,901.600036621094
4443,2021/12/07,2718,2733,2633,2687,615
4443,2021/12/08,2749,2790,2712,2743,517.700012207031
4443,2021/12/09,2735,2739,2653,2665,375.100006103516
4443,2021/12/10,2647,2647,2562,2574,585.900024414063
4443,2021/12/13,2620,2638,2550,2614,541.600036621094
4443,2021/12/14,2597,2613,2535,2546,509.700012207031
4443,2021/12/15,2522,2604,2511,2589,539.200012207031
4443,2021/12/16,2720,2748,2556,2565,795
4443,2021/12/17,2479,2495,2358,2380,1336.20007324219
4443,2021/12/20,2349,2412,2322,2336,745.400024414063
4443,2021/12/21,2391,2405,2315,2374,678.200012207031
4443,2021/12/22,2414,2492,2388,2476,708.900024414063
4443,2021/12/23,2501,2547,2481,2525,704.5
4443,2021/12/24,2529,2655,2529,2581,970
4443,2021/12/27,2607,2644,2521,2558,624.700012207031
4443,2021/12/28,2580,2598,2508,2531,424.399993896484
4443,2021/12/29,2502,2543,2486,2535,304.899993896484
4443,2021/12/30,2504,2518,2430,2507,398.800018310547
4443,2022/01/04,2557,2578,2410,2436,454.800018310547
4443,2022/01/05,2314,2324,2167,2189,1152.09997558594
4443,2022/01/06,2106,2134,2050,2077,1274.30004882813
4443,2022/01/07,2059,2089,1931,2052,1395.5
4443,2022/01/11,2015,2021,1910,1968,1465.59997558594
4443,2022/01/12,2022,2086,2014,2084,894.200012207031
4443,2022/01/13,2059,2062,1962,1984,1173.40002441406
4443,2022/01/14,1585,1850,1584,1794,4443.5
4443,2022/01/17,1779,1892,1741,1752,1836.5
4443,2022/01/18,1748,1796,1685,1712,1890.09997558594
4443,2022/01/19,1632,1692,1604,1633,1672.80004882813
4443,2022/01/20,1616,1670,1569,1662,1296.59997558594
4443,2022/01/21,1622,1680,1585,1652,1295.20007324219
4443,2022/01/24,1605,1617,1525,1566,1514.90002441406
4443,2022/01/25,1589,1628,1418,1424,2058.80004882813
4443,2022/01/26,1394,1467,1373,1444,1693.90002441406
4443,2022/01/27,1423,1440,1246,1264,2577.19995117188
4443,2022/01/28,1290,1334,1190,1210,2800.19995117188
4443,2022/01/31,1225,1297,1212,1246,2441.90014648438
4443,2022/02/01,1292,1342,1241,1257,1916.5
4443,2022/02/02,1285,1383,1271,1380,2129.69995117188
4443,2022/02/03,1320,1327,1262,1278,2119.5
4443,2022/02/04,1259,1298,1234,1283,1235.09997558594
4443,2022/02/07,1283,1304,1201,1225,1288.40002441406
4443,2022/02/08,1219,1273,1191,1216,1388.5
4443,2022/02/09,1245,1248,1178,1223,1821.90002441406
4443,2022/02/10,1274,1304,1228,1266,1810.59997558594
4443,2022/02/14,1209,1217,1112,1130,2033
4443,2022/02/15,1135,1140,1085,1095,1335
4443,2022/02/16,1125,1126,1068,1090,1414.09997558594
4443,2022/02/17,1089,1099,1019,1027,1698.70007324219
4443,2022/02/18,999,1040,979,1024,2271.19995117188
4443,2022/02/21,966,995,934,982,1838.20007324219
4443,2022/02/22,946,983,925,945,2878.5
4443,2022/02/24,930,930,876,884,2730.5
4443,2022/02/25,944,988,921,983,2690.40014648438
4443,2022/02/28,973,1004,928,998,2222
4443,2022/03/01,1040,1110,1016,1092,3018.5
4443,2022/03/02,1071,1130,1061,1109,2370.80004882813
4443,2022/03/03,1120,1138,1046,1080,2727.10009765625
4443,2022/03/04,1026,1033,971,1032,2166.5
4443,2022/03/07,1000,1008,965,989,2042.40002441406
4443,2022/03/08,1004,1096,972,1027,3298.60009765625
4443,2022/03/09,1057,1085,980,982,2754.30004882813
4443,2022/03/10,1055,1103,1034,1053,3002.10009765625
4443,2022/03/11,1010,1025,973,998,2267.69995117188
4443,2022/03/14,995,1030,986,994,1491.30004882813
4443,2022/03/15,971,993,951,972,1356.09997558594
4443,2022/03/16,995,1016,962,1008,1778.80004882813
4443,2022/03/17,1098,1140,1072,1114,2841.90014648438
4443,2022/03/18,1121,1212,1117,1195,3491.40014648438
4443,2022/03/22,1205,1217,1134,1146,2165.40014648438
4443,2022/03/23,1227,1268,1214,1236,3098.19995117188
4443,2022/03/24,1195,1241,1184,1239,2149.40014648438
4443,2022/03/25,1270,1315,1233,1258,2118.30004882813
4443,2022/03/28,1230,1231,1126,1158,2469.30004882813
4443,2022/03/29,1214,1296,1204,1266,2536.30004882813
4443,2022/03/30,1313,1378,1296,1366,3714.10009765625
4443,2022/03/31,1336,1417,1322,1391,4553.5
4443,2022/04/01,1377,1403,1323,1384,3025.90014648438
4443,2022/04/04,1419,1507,1418,1507,3707.60009765625
4443,2022/04/05,1546,1549,1450,1491,3991.80004882813
4443,2022/04/06,1383,1445,1345,1437,4063.69995117188
4443,2022/04/07,1377,1377,1301,1320,3392.69995117188
4443,2022/04/08,1348,1386,1324,1345,3111.10009765625
4443,2022/04/11,1333,1334,1192,1218,4530.7001953125
4443,2022/04/12,1268,1364,1237,1318,7809.30029296875
4443,2022/04/13,1334,1513,1309,1505,9403.1005859375
4443,2022/04/14,1528,1555,1405,1474,9834
4443,2022/04/15,1414,1423,1335,1366,5405.39990234375
4443,2022/04/18,1336,1390,1321,1343,3699.69995117188
4443,2022/04/19,1364,1415,1340,1358,3642.40014648438
4443,2022/04/20,1385,1389,1307,1316,3129.90014648438
4443,2022/04/21,1306,1331,1273,1299,2501.60009765625
4443,2022/04/22,1256,1278,1232,1242,2471.60009765625
4443,2022/04/25,1212,1282,1205,1253,2569.30004882813
4443,2022/04/26,1300,1363,1297,1348,3315.60009765625
4443,2022/04/27,1281,1327,1242,1325,3854.80004882813
4443,2022/04/28,1295,1318,1244,1251,3139.60009765625
4443,2022/05/02,1240,1265,1201,1256,2087.5
4443,2022/05/06,1226,1235,1146,1164,2929.40014648438
4443,2022/05/09,1126,1155,1106,1117,2401.19995117188
4443,2022/05/10,1108,1127,1056,1120,3049.10009765625
4443,2022/05/11,1109,1190,1097,1165,3106.19995117188
4443,2022/05/12,1075,1092,1030,1035,2298.30004882813
4443,2022/05/13,1073,1128,1069,1106,2448.19995117188
4443,2022/05/16,1136,1151,1087,1100,2085.5
4443,2022/05/17,1075,1094,1050,1066,1767.30004882813
4443,2022/05/18,1091,1123,1071,1076,1946.20007324219
4443,2022/05/19,1031,1071,1028,1063,1612.5
4443,2022/05/20,1113,1120,1074,1117,1579.59997558594
4443,2022/05/23,1134,1173,1111,1169,1577.70007324219
4443,2022/05/24,1139,1184,1124,1127,1977.5
4443,2022/05/25,1115,1122,1091,1097,1319.09997558594
4443,2022/05/26,1102,1129,1063,1067,2146.10009765625
4443,2022/05/27,1097,1097,1032,1040,1426.70007324219
4443,2022/05/30,1070,1082,1043,1064,3033
4443,2022/05/31,1063,1063,1000,1020,2457.69995117188
4443,2022/06/01,1011,1024,980,1009,2510.19995117188
4443,2022/06/02,997,998,958,965,1652.5
4443,2022/06/03,995,1002,965,976,1777.30004882813
4443,2022/06/06,960,1000,945,998,1513.09997558594
4443,2022/06/07,971,972,918,918,2905.90014648438
4443,2022/06/08,930,976,915,965,3135.69995117188
4443,2022/06/09,976,1037,971,1026,2438.5
4443,2022/06/10,996,1027,979,1012,1940.59997558594
4443,2022/06/13,960,960,908,926,2277.40014648438
4443,2022/06/14,905,932,889,932,1845.09997558594
4443,2022/06/15,921,936,895,898,1631.70007324219
4443,2022/06/16,935,939,853,854,3026.5
4443,2022/06/17,836,862,820,831,2058.19995117188
4443,2022/06/20,851,853,804,811,1604.20007324219
4443,2022/06/21,826,858,826,848,1690.80004882813
4443,2022/06/22,845,852,805,805,1446
4443,2022/06/23,835,904,835,867,5784.80029296875
4443,2022/06/24,879,943,878,936,3591.40014648438
4443,2022/06/27,951,975,930,961,2783.69995117188
4443,2022/06/28,931,974,926,974,2106.60009765625
4443,2022/06/29,933,947,911,939,2283.90014648438
4443,2022/06/30,937,955,913,920,1895
4443,2022/07/01,896,940,881,892,2016.90002441406
4443,2022/07/04,907,949,894,936,2042.09997558594
4443,2022/07/05,965,1011,961,992,3330.90014648438
4443,2022/07/06,1019,1097,1017,1054,5128.89990234375
4443,2022/07/07,1041,1056,1011,1024,2390.80004882813
4443,2022/07/08,1053,1079,1018,1070,2600.90014648438
4443,2022/07/11,1081,1082,1002,1009,2701
4443,2022/07/12,992,1023,976,1021,2436.69995117188
4443,2022/07/13,1019,1042,1007,1021,1834.20007324219
4443,2022/07/14,1020,1041,988,1031,3216.60009765625
4443,2022/07/15,1291,1325,1193,1210,13685.2001953125
4443,2022/07/19,1210,1212,1126,1196,5974.89990234375
4443,2022/07/20,1235,1267,1206,1246,3900.5
4443,2022/07/21,1265,1313,1250,1276,3161.30004882813
4443,2022/07/22,1285,1286,1230,1236,2744.10009765625
4443,2022/07/25,1223,1234,1188,1196,1910.90002441406
4443,2022/07/26,1195,1234,1172,1229,2027.70007324219
4443,2022/07/27,1206,1244,1200,1209,1280.40002441406
4443,2022/07/28,1305,1329,1266,1296,3475
4443,2022/07/29,1317,1362,1315,1321,3172.69995117188
4443,2022/08/01,1313,1389,1303,1386,2785.10009765625
4443,2022/08/02,1390,1416,1360,1363,2410
4443,2022/08/03,1393,1468,1393,1460,3748.5
4443,2022/08/04,1481,1499,1452,1477,3201.80004882813
4443,2022/08/05,1486,1539,1473,1504,2899.5
4443,2022/08/08,1464,1513,1453,1473,2358
4443,2022/08/09,1461,1504,1454,1492,2223.80004882813
4443,2022/08/10,1448,1450,1395,1409,2342.10009765625
4443,2022/08/12,1435,1493,1433,1469,2368.5
4443,2022/08/15,1488,1496,1417,1423,1489.30004882813
4443,2022/08/16,1437,1510,1409,1498,2241.5
4443,2022/08/17,1475,1550,1454,1548,2618.10009765625
4443,2022/08/18,1508,1524,1470,1500,2172.60009765625
4443,2022/08/19,1509,1510,1439,1442,2136.69995117188
4443,2022/08/22,1395,1418,1344,1369,3383.10009765625
4443,2022/08/23,1300,1352,1260,1336,5320.5
4443,2022/08/24,1340,1368,1323,1356,2659.40014648438
4443,2022/08/25,1362,1397,1356,1359,2063.80004882813
4443,2022/08/26,1375,1403,1343,1346,1877.80004882813
4443,2022/08/29,1266,1287,1249,1269,2409.60009765625
4443,2022/08/30,1287,1317,1266,1305,2306.19995117188
4443,2022/08/31,1303,1330,1300,1327,1532.59997558594
4443,2022/09/01,1297,1331,1290,1324,1511.40002441406
4443,2022/09/02,1319,1335,1283,1293,1755
4443,2022/09/05,1283,1362,1277,1355,2034.5
4443,2022/09/06,1363,1402,1352,1362,1690.5
4443,2022/09/07,1325,1326,1257,1266,2456.30004882813
4443,2022/09/08,1314,1332,1295,1310,1774
4443,2022/09/09,1322,1386,1317,1363,2727.19995117188
4443,2022/09/12,1384,1395,1353,1390,1747.30004882813
4443,2022/09/13,1400,1473,1400,1456,2435.30004882813
4443,2022/09/14,1344,1403,1344,1387,2441.60009765625
4443,2022/09/15,1400,1454,1376,1436,2206.60009765625
4443,2022/09/16,1419,1431,1366,1392,3536.69995117188
4443,2022/09/20,1382,1410,1354,1373,2951.19995117188
4443,2022/09/21,1343,1343,1275,1303,2821.10009765625
4443,2022/09/22,1288,1302,1241,1283,2505.10009765625
4443,2022/09/26,1253,1294,1244,1263,2647
4443,2022/09/27,1275,1297,1259,1278,1948.09997558594
4443,2022/09/28,1277,1298,1220,1247,2034.09997558594
4443,2022/09/29,1290,1315,1272,1280,1831.20007324219
4443,2022/09/30,1271,1290,1252,1267,1817.80004882813
4443,2022/10/03,1275,1282,1211,1274,1987.90002441406
4443,2022/10/04,1289,1333,1266,1333,2747.80004882813
4443,2022/10/05,1345,1373,1304,1338,1939.20007324219
4443,2022/10/06,1353,1367,1327,1362,1901.80004882813
4443,2022/10/07,1332,1379,1323,1351,1812.5
4443,2022/10/11,1305,1326,1265,1299,2383
4443,2022/10/12,1290,1291,1253,1267,2205.19995117188
4443,2022/10/13,1316,1317,1269,1283,2648.60009765625
4443,2022/10/14,1277,1394,1228,1296,6193.60009765625
4443,2022/10/17,1277,1309,1159,1172,4745.80029296875
4443,2022/10/18,1230,1331,1216,1330,4543.7001953125
4443,2022/10/19,1321,1339,1280,1289,3323.10009765625
4443,2022/10/20,1263,1278,1223,1223,2878.10009765625
4443,2022/10/21,1210,1264,1206,1247,1915.30004882813
4443,2022/10/24,1277,1342,1247,1331,3232.80004882813
4443,2022/10/25,1339,1397,1330,1348,3601.90014648438
4443,2022/10/26,1395,1468,1385,1465,4486.30029296875
4443,2022/10/27,1466,1520,1451,1485,3560.60009765625
4443,2022/10/28,1472,1504,1456,1481,2676.90014648438
4443,2022/10/31,1514,1515,1452,1485,2233.69995117188
4443,2022/11/01,1477,1495,1442,1466,1697.20007324219
4443,2022/11/02,1436,1470,1425,1445,1912.20007324219
4443,2022/11/04,1391,1409,1377,1383,1695.20007324219
4443,2022/11/07,1373,1391,1362,1389,1763.40002441406
4443,2022/11/08,1409,1510,1409,1510,2887.80004882813
4443,2022/11/09,1531,1558,1490,1497,2263.19995117188
4443,2022/11/10,1484,1505,1468,1474,1565.90002441406
4443,2022/11/11,1584,1734,1580,1720,6860.30029296875
4443,2022/11/14,1734,1797,1711,1723,4143.89990234375
4443,2022/11/15,1700,1760,1683,1750,2377.90014648438
4443,2022/11/16,1800,1844,1751,1813,3419.30004882813
4443,2022/11/17,1752,1776,1728,1765,2330
4443,2022/11/18,1685,1701,1650,1674,2921.30004882813
4443,2022/11/21,1625,1698,1607,1695,2052.69995117188
4443,2022/11/22,1661,1702,1636,1650,1996.40002441406
4443,2022/11/24,1710,1788,1710,1760,2444.40014648438
4443,2022/11/25,1790,1806,1702,1702,1409.70007324219
4443,2022/11/28,1681,1691,1633,1674,1915.20007324219
4443,2022/11/29,1688,1725,1665,1683,1689.59997558594
4443,2022/11/30,1650,1691,1643,1670,2070.60009765625
4443,2022/12/01,1759,1825,1754,1772,3925.30004882813
4443,2022/12/02,1768,1783,1732,1732,2011.80004882813
4443,2022/12/05,1732,1735,1673,1684,1395.90002441406
4443,2022/12/06,1644,1644,1572,1584,2069.5
4443,2022/12/07,1536,1585,1517,1576,2300.60009765625
4443,2022/12/08,1598,1614,1552,1599,1476
4443,2022/12/09,1623,1626,1558,1609,2251.40014648438
4443,2022/12/12,1592,1636,1572,1623,1999.80004882813
4443,2022/12/13,1640,1649,1575,1605,2164.90014648438
4443,2022/12/14,1643,1682,1619,1671,2541
4443,2022/12/15,1665,1672,1584,1597,2183.30004882813
4443,2022/12/16,1526,1569,1521,1539,2075.80004882813
4443,2022/12/19,1514,1572,1510,1535,1567.59997558594
4443,2022/12/20,1510,1525,1431,1457,2662.30004882813
4443,2022/12/21,1450,1455,1392,1412,2356
4443,2022/12/22,1407,1419,1355,1361,2287.80004882813
4443,2022/12/23,1337,1339,1308,1319,2188
4443,2022/12/26,1289,1299,1261,1279,2059.90014648438
4443,2022/12/27,1280,1316,1279,1304,1716.5
4443,2022/12/28,1250,1264,1221,1240,1789.59997558594
4443,2022/12/29,1231,1265,1224,1257,1237.09997558594
4443,2022/12/30,1299,1319,1261,1276,1518.20007324219
4443,2023/01/04,1272,1272,1219,1224,1264.5
4443,2023/01/05,1230,1267,1230,1258,1295
4443,2023/01/06,1210,1246,1190,1240,1328.90002441406
4443,2023/01/10,1267,1276,1227,1245,1538.70007324219
4443,2023/01/11,1256,1307,1244,1303,1930.30004882813
4443,2023/01/12,1316,1328,1271,1286,1659.90002441406
4443,2023/01/13,1293,1366,1280,1346,3342.60009765625
4443,2023/01/16,1490,1513,1410,1413,3919
4443,2023/01/17,1470,1502,1411,1414,3215.69995117188
4443,2023/01/18,1474,1562,1450,1558,5248.30029296875
4443,2023/01/19,1547,1624,1530,1592,3877
4443,2023/01/20,1576,1605,1555,1580,1674.90002441406
4443,2023/01/23,1578,1633,1566,1632,2519.90014648438
4443,2023/01/24,1645,1663,1616,1638,2570
4443,2023/01/25,1630,1696,1610,1680,2100.19995117188
4443,2023/01/26,1659,1694,1628,1641,1860.30004882813
4443,2023/01/27,1636,1677,1607,1616,1335.80004882813
4443,2023/01/30,1640,1668,1639,1657,2197.69995117188
4443,2023/01/31,1625,1636,1592,1597,1272.70007324219
4443,2023/02/01,1612,1661,1610,1641,1148.70007324219
4443,2023/02/02,1713,1783,1706,1777,3373.10009765625
4443,2023/02/03,1778,1794,1757,1782,2024.30004882813
4443,2023/02/06,1766,1792,1754,1771,1367
4443,2023/02/07,1750,1765,1726,1731,1305.80004882813
4443,2023/02/08,1756,1759,1707,1728,862.400024414063
4443,2023/02/09,1702,1722,1683,1718,996.700012207031
4443,2023/02/10,1681,1693,1648,1650,1097.80004882813
4443,2023/02/13,1631,1646,1593,1629,1026.40002441406
4443,2023/02/14,1686,1718,1641,1652,1077.20007324219
4443,2023/02/15,1675,1682,1598,1617,1062
4443,2023/02/16,1616,1620,1584,1590,1187.30004882813
4443,2023/02/17,1554,1572,1523,1540,1316.40002441406
4443,2023/02/20,1523,1546,1485,1520,1074.30004882813
4443,2023/02/21,1526,1533,1491,1492,635.100036621094
4443,2023/02/22,1455,1486,1437,1477,1612.59997558594
4443,2023/02/24,1494,1547,1488,1546,1471
4443,2023/02/27,1529,1531,1459,1462,1525.90002441406
4443,2023/02/28,1508,1543,1490,1542,1332
4443,2023/03/01,1546,1563,1515,1548,1213.40002441406
4443,2023/03/02,1532,1572,1518,1572,1107.80004882813
4443,2023/03/03,1600,1638,1580,1618,1394.20007324219
4443,2023/03/06,1648,1709,1636,1705,1853.70007324219
4443,2023/03/07,1682,1755,1680,1755,1484
4443,2023/03/08,1733,1764,1718,1735,1109.30004882813
4443,2023/03/09,1741,1750,1672,1680,1181.90002441406
4443,2023/03/10,1650,1655,1615,1618,1155.5
4443,2023/03/13,1578,1681,1571,1675,1523.40002441406
4443,2023/03/14,1651,1690,1630,1635,1784.59997558594
4443,2023/03/15,1670,1677,1553,1556,1361.40002441406
4443,2023/03/16,1546,1598,1539,1598,1061.40002441406
4443,2023/03/17,1599,1716,1597,1709,1707.59997558594
4443,2023/03/20,1729,1742,1600,1600,1462.59997558594
4443,2023/03/22,1640,1687,1582,1621,1764.90002441406
4443,2023/03/23,1605,1636,1543,1634,1327.30004882813
4443,2023/03/24,1648,1659,1578,1611,1004.29998779297
4443,2023/03/27,1596,1605,1572,1585,935.700012207031
4443,2023/03/28,1576,1576,1522,1546,1246.5
4443,2023/03/29,1537,1566,1524,1566,883.299987792969
4443,2023/03/30,1601,1620,1516,1526,1036.30004882813
4443,2023/03/31,1541,1552,1497,1499,1260.59997558594
4443,2023/04/03,1529,1627,1520,1579,1738.59997558594
4443,2023/04/04,1575,1578,1520,1551,1231.80004882813
4443,2023/04/05,1570,1586,1535,1549,884.400024414063
4443,2023/04/06,1520,1532,1484,1497,1384.70007324219
4443,2023/04/07,1516,1517,1451,1477,932
4443,2023/04/10,1480,1501,1461,1478,860.299987792969
4443,2023/04/11,1491,1500,1469,1484,1006.40002441406
4443,2023/04/12,1477,1494,1447,1492,1390.59997558594
4443,2023/04/13,1465,1566,1445,1546,2876.19995117188
4443,2023/04/14,1746,1819,1620,1808,11486.1005859375
4443,2023/04/17,1853,1955,1829,1902,8723.400390625
4443,2023/04/18,1915,1960,1877,1953,3546.5
4443,2023/04/19,1951,1970,1884,1925,2961.5
4443,2023/04/20,1901,1921,1859,1865,2365.60009765625
4443,2023/04/21,1846,1868,1807,1815,1899.20007324219
4443,2023/04/24,1833,1868,1822,1829,1284.80004882813
4443,2023/04/25,1789,1826,1760,1766,1516.5
4443,2023/04/26,1736,1760,1702,1756,1643.09997558594
4443,2023/04/27,1746,1791,1744,1765,1333.80004882813
4443,2023/04/28,1797,1825,1772,1818,1301
4443,2023/05/01,1826,1830,1756,1757,1289.30004882813
4443,2023/05/02,1746,1775,1723,1766,964.700012207031
4443,2023/05/08,1790,1798,1758,1760,862.400024414063
4443,2023/05/09,1760,1776,1737,1763,627.5
4443,2023/05/10,1760,1760,1683,1685,1132.70007324219
4443,2023/05/11,1724,1764,1706,1715,1223.20007324219
4443,2023/05/12,1714,1715,1668,1684,897.299987792969
4443,2023/05/15,1679,1708,1671,1701,829.900024414063
4443,2023/05/16,1730,1730,1667,1707,1137.59997558594
4443,2023/05/17,1716,1730,1687,1728,987.900024414063
4443,2023/05/18,1737,1754,1712,1717,946.299987792969
4443,2023/05/19,1742,1788,1722,1775,1206.80004882813
4443,2023/05/22,1775,1776,1731,1754,1253.59997558594
4443,2023/05/23,1781,1819,1733,1738,1511.20007324219
4443,2023/05/24,1699,1726,1668,1672,1187
4443,2023/05/25,1663,1680,1631,1639,1042.20007324219
4443,2023/05/26,1635,1671,1608,1646,1123.90002441406
4443,2023/05/29,1669,1676,1625,1629,785.200012207031
4443,2023/05/30,1620,1652,1593,1647,1099.40002441406
4443,2023/05/31,1661,1745,1654,1709,2148.40014648438
4443,2023/06/01,1690,1706,1659,1681,1358
4443,2023/06/02,1688,1781,1664,1778,1551.09997558594
4443,2023/06/05,1778.5,1794.5,1740.5,1790,1402.5
4443,2023/06/06,1794.5,1834.5,1781,1828,1207
4443,2023/06/07,1834.5,1894.5,1821.5,1848.5,1832.5
4443,2023/06/08,1799.5,1843,1735.5,1765,2136.40014648438
4443,2023/06/09,1811.5,1826,1758.5,1775,1256.70007324219
4443,2023/06/12,1775.5,1817,1743.5,1791.5,2025.80004882813
4443,2023/06/13,1806,1823,1771.5,1801.5,1929.20007324219
4443,2023/06/14,1855,1863,1745,1771,2874.30004882813
4443,2023/06/15,1803,1839.5,1798,1815.5,1647.30004882813
4443,2023/06/16,1844,1893,1825,1890,1868.40002441406
4443,2023/06/19,1918.5,1985,1905,1980.5,2167.90014648438
4443,2023/06/20,1942.5,1954,1877.5,1898,2034.80004882813
4443,2023/06/21,1907,1908.5,1850,1855.5,1665.59997558594
4443,2023/06/22,1803,1843.5,1784,1817,1259
4443,2023/06/23,1857,1865,1741,1747,1624.20007324219
4443,2023/06/26,1722.5,1722.5,1665,1685.5,1823.59997558594
4443,2023/06/27,1666,1672.5,1634,1646.5,1576.09997558594
4443,2023/06/28,1686.5,1705,1616.5,1639,1667.40002441406
4443,2023/06/29,1679,1727,1660.5,1686.5,1541.70007324219
4443,2023/06/30,1667,1686.5,1646,1680,1274.70007324219
4443,2023/07/03,1703,1712.5,1674,1687.5,996.200012207031
4443,2023/07/04,1671,1679.5,1655,1657.5,953.400024414063
4443,2023/07/05,1639,1642,1603,1608,1363
4443,2023/07/06,1581.5,1592,1546,1551.5,1490.30004882813
4443,2023/07/07,1520.5,1537.5,1500.5,1508.5,1512.70007324219
4443,2023/07/10,1514,1564,1496.5,1547.5,2227.40014648438
4443,2023/07/11,1568,1626,1553.5,1586.5,2349.19995117188
4443,2023/07/12,1601,1603,1546,1552.5,1324.5
4443,2023/07/13,1619,1674.5,1580.5,1661.5,3276.80004882813
4443,2023/07/14,1698,1710,1544,1600,6250.10009765625
4443,2023/07/18,1617.5,1687.5,1577,1624.5,3676.10009765625
4443,2023/07/19,1640.5,1676.5,1568,1584,2547.5
4443,2023/07/20,1565.5,1582.5,1540,1550,1775.59997558594
4443,2023/07/21,1519.5,1574.5,1514,1555,1206.80004882813
4443,2023/07/24,1567.5,1586.5,1549,1564.5,1050.30004882813
4443,2023/07/25,1564.5,1568,1503.5,1513,1661.80004882813
4443,2023/07/26,1510,1521.5,1487,1514,1417.09997558594
4443,2023/07/27,1504.5,1537,1497.5,1523.5,1089.5
4443,2023/07/28,1458,1470,1414.5,1443,2903.30004882813
4443,2023/07/31,1455,1508,1443.5,1504.5,1910.90002441406
4443,2023/08/01,1520.5,1554.5,1515,1546,1455.20007324219
4443,2023/08/02,1520,1529,1475.5,1486.5,1585.90002441406
4443,2023/08/03,1450,1477,1435,1442,1744.90002441406
4443,2023/08/04,1431.5,1440,1410.5,1419.5,1595.30004882813
4443,2023/08/07,1405,1444.5,1399.5,1441,1481.09997558594
4443,2023/08/08,1419,1433.5,1365.5,1377,2441.69995117188
4443,2023/08/09,1382.5,1409.5,1375,1381,1490.70007324219
4443,2023/08/10,1360.5,1379,1341,1360.5,1390.30004882813
4443,2023/08/14,1370.5,1388,1337,1337,1351
4443,2023/08/15,1339.5,1368,1327.5,1364.5,1692.59997558594
4443,2023/08/16,1361.5,1364.5,1302.5,1318,1407.80004882813
4443,2023/08/17,1319.5,1340,1306,1332.5,1292.09997558594
4443,2023/08/18,1306,1325.5,1281,1303.5,1299.70007324219
4443,2023/08/21,1301,1332.5,1294,1305,1169.5
4443,2023/08/22,1318,1334,1308,1319,885.700012207031
4443,2023/08/23,1307.5,1340.5,1305.5,1339.5,834.200012207031
4443,2023/08/24,1352,1353.5,1310.5,1327.5,1011.10003662109
4443,2023/08/25,1315,1399,1311,1391,1731
4443,2023/08/28,1385,1387,1333,1347.5,1951.59997558594
4443,2023/08/29,1377.5,1453,1356.5,1440.5,2049.40014648438
4443,2023/08/30,1455,1463,1414.5,1436,1760.5
4443,2023/08/31,1448,1461.5,1428.5,1452,1728.09997558594
4443,2023/09/01,1449,1449,1414,1419.5,1209.59997558594
4443,2023/09/04,1408,1408,1365,1370,1803.80004882813
4443,2023/09/05,1365,1395.5,1352.5,1388,1270.30004882813
4443,2023/09/06,1395,1412.5,1372,1412,1270.90002441406
4443,2023/09/07,1400,1404,1357,1394.5,1607.30004882813
4443,2023/09/08,1400,1419,1388,1406.5,960.700012207031
4443,2023/09/11,1395,1424,1362,1387,1231.09997558594
4443,2023/09/12,1386,1414,1376,1383,908.100036621094
4443,2023/09/13,1363,1386.5,1356.5,1364,808.100036621094
4443,2023/09/14,1359,1362.5,1324,1342.5,1092.59997558594
4443,2023/09/15,1345,1354,1318.5,1350.5,1594
4443,2023/09/19,1329,1342.5,1316,1331.5,818.400024414063
4443,2023/09/20,1324,1326.5,1301,1306,967.700012207031
4443,2023/09/21,1290,1296.5,1243.5,1267.5,2026.70007324219
4443,2023/09/22,1245,1291.5,1238,1245.5,1707.70007324219
4443,2023/09/25,1245.5,1271.5,1238.5,1267.5,1108.40002441406
4443,2023/09/26,1269.5,1275.5,1230,1230,977.100036621094
4443,2023/09/27,1224.5,1251.5,1221.5,1230,946.799987792969
4443,2023/09/28,1229,1255,1204.5,1240,1163.09997558594
4443,2023/09/29,1243,1284,1242,1258,1258.09997558594
4443,2023/10/02,1259.5,1264,1207.5,1211,1079.20007324219
4443,2023/10/03,1210,1221.5,1188,1192,1307.30004882813
4443,2023/10/04,1170,1179.5,1150.5,1155,1288.40002441406
4443,2023/10/05,1150,1203.5,1138.5,1201,1767.20007324219
4443,2023/10/06,1207,1212.5,1164,1200,1365.59997558594
4443,2023/10/10,1216,1228.5,1201,1226,1192.80004882813
4443,2023/10/11,1230,1233.5,1213,1230,1596
4443,2023/10/12,1251.5,1307.5,1241,1300.5,2642.80004882813
4443,2023/10/13,1318,1353,1200,1250,5968.30029296875
4443,2023/10/16,1205.5,1213,1113.5,1120,3455.19995117188
4443,2023/10/17,1165,1199.5,1145,1150,2612.80004882813
4443,2023/10/18,1161,1190,1134,1188,1918.90002441406
4443,2023/10/19,1142,1167,1137,1143,1523.90002441406
4443,2023/10/20,1135.5,1135.5,1076,1102,2958.60009765625
4443,2023/10/23,1094,1137.5,1088.5,1100,1787.90002441406
4443,2023/10/24,1130,1164.5,1070.5,1160,2439.5
4443,2023/10/25,1167,1191.5,1148,1151.5,1657
4443,2023/10/26,1121.5,1143,1114,1135.5,1383.40002441406
4443,2023/10/27,1152.5,1169,1133.5,1164,1121.70007324219
4443,2023/10/30,1150,1168.5,1143.5,1156.5,1171.09997558594
4443,2023/10/31,1162,1214,1148,1189,1141.09997558594
4443,2023/11/01,1225,1225,1188,1203,1077
4443,2023/11/02,1233,1280,1230,1278,1474.30004882813
4443,2023/11/06,1308,1367,1304,1356,2173
4443,2023/11/07,1333,1362,1320,1344,1007
4443,2023/11/08,1373,1397,1362,1377,1071.5
4443,2023/11/09,1384,1410,1361,1400,1243.90002441406
4443,2023/11/10,1357,1378,1344,1353,1192.5
4443,2023/11/13,1376,1389,1359,1364,1036.90002441406
4443,2023/11/14,1376,1382,1339,1354,1190.40002441406
4443,2023/11/15,1422,1422,1363,1406,1420.20007324219
4443,2023/11/16,1380,1409,1368,1407,986
4443,2023/11/17,1401,1412,1380,1395,919.200012207031
4443,2023/11/20,1422,1465,1407,1454,1673.09997558594
4443,2023/11/21,1470,1492,1452,1475,1274.90002441406
4443,2023/11/22,1450,1465,1434,1444,1268.40002441406
4443,2023/11/24,1444,1477,1443,1473,937.100036621094
4443,2023/11/27,1480,1512,1450,1460,922.799987792969
4443,2023/11/28,1474,1477,1418,1470,1028.90002441406
4443,2023/11/29,1495,1522,1486,1515,1735.80004882813
4443,2023/11/30,1550,1561,1520,1546,2051.60009765625
4443,2023/12/01,1529,1555,1521,1554,1182.90002441406
4443,2023/12/04,1577,1624,1576,1597,1579.30004882813
4443,2023/12/05,1597,1606,1565,1568,1620.20007324219
4443,2023/12/06,1571,1591,1556,1573,770.799987792969
4443,2023/12/07,1558,1562,1523,1531,1199.90002441406
4443,2023/12/08,1501,1530,1473,1485,1196.40002441406
4443,2023/12/11,1501,1525,1490,1522,768
4443,2023/12/12,1553,1553,1459,1496,1289.70007324219
4443,2023/12/13,1510,1514,1484,1503,741
4443,2023/12/14,1575,1593,1543,1553,1076.90002441406
4443,2023/12/15,1584,1613,1562,1611,1213.70007324219
4443,2023/12/18,1599,1619,1584,1617,690.200012207031
4443,2023/12/19,1595,1636,1595,1636,1091
4443,2023/12/20,1638,1640,1604,1616,1101
4443,2023/12/21,1592,1618,1588,1607,709.400024414063
4443,2023/12/22,1611,1636,1597,1606,867.900024414063
4443,2023/12/25,1620,1621,1601,1610,361.399993896484
4443,2023/12/26,1613,1636,1585,1589,745
4443,2023/12/27,1604,1610,1590,1604,489.5
4443,2023/12/28,1600,1609,1589,1607,422.5
4443,2023/12/29,1590,1607,1581,1599,582.400024414063
4443,2024/01/04,1571,1573,1529,1571,947.299987792969
4443,2024/01/05,1554,1564,1470,1470,1723
4443,2024/01/09,1499,1509,1441,1476,1332.09997558594
4443,2024/01/10,1481,1503,1466,1495,1157.20007324219
4443,2024/01/11,1505,1515,1485,1485,1153.90002441406
4443,2024/01/12,1494,1507,1463,1496,1823.90002441406
4443,2024/01/15,1495,1495,1345,1430,4541
4443,2024/01/16,1430,1446,1414,1430,1702.80004882813
4443,2024/01/17,1422,1438,1332,1339,2106
4443,2024/01/18,1330,1331,1270,1289,2182.90014648438
4443,2024/01/19,1294,1352,1291,1340,2131.80004882813
4443,2024/01/22,1369,1408,1363,1405,2062
4443,2024/01/23,1417,1429,1407,1412,931.600036621094
4443,2024/01/24,1430,1432,1391,1399,743.900024414063
4443,2024/01/25,1375,1396,1372,1385,631.900024414063
4443,2024/01/26,1367,1410,1364,1386,777.400024414063
4443,2024/01/29,1377,1403,1377,1382,607.5
4443,2024/01/30,1399,1409,1368,1400,872.600036621094
4443,2024/01/31,1396,1417,1369,1391,570.600036621094
4443,2024/02/01,1361,1412,1360,1400,878.600036621094
4443,2024/02/02,1401,1404,1372,1392,911.5
4443,2024/02/05,1412,1482,1388,1481,1389.90002441406
4443,2024/02/06,1460,1461,1427,1427,1170.40002441406
4443,2024/02/07,1419,1431,1385,1409,839.400024414063
4443,2024/02/08,1419,1447,1385,1432,708.600036621094
4443,2024/02/09,1450,1505,1447,1490,1234.80004882813
4443,2024/02/13,1507,1508,1443,1447,900.200012207031
4443,2024/02/14,1425,1434,1371,1377,1340.5
4443,2024/02/15,1396,1435,1375,1390,990.5
4443,2024/02/16,1390,1519,1375,1506,1706.20007324219
4443,2024/02/19,1479,1524,1471,1512,1106.59997558594
4443,2024/02/20,1530,1533,1494,1514,592.299987792969
4443,2024/02/21,1528,1529,1472,1493,586.5
4443,2024/02/22,1501,1535,1494,1531,969.100036621094
4443,2024/02/26,1544,1647,1525,1647,1712.90002441406
4443,2024/02/27,1648,1708,1646,1687,1862.59997558594
4443,2024/02/28,1703,1807,1693,1773,1891.80004882813
4443,2024/02/29,1766,1808,1756,1781,1963.70007324219
4443,2024/03/01,1795,1815,1775,1806,1220.59997558594
4443,2024/03/04,1824,1853,1792,1804,761.400024414063
4443,2024/03/05,1789,1805,1728,1762,1211.20007324219
4443,2024/03/06,1746,1787,1714,1748,1013.20001220703
4443,2024/03/07,1750,1780,1714,1729,1001.20001220703
4443,2024/03/08,1703,1721,1663,1686,1146.09997558594
4443,2024/03/11,1660,1728,1659,1726,855.299987792969
4443,2024/03/12,1699,1771,1699,1762,783.600036621094
4443,2024/03/13,1772,1802,1739,1750,745.799987792969
4443,2024/03/14,1752,1760,1722,1739,407.800018310547
4443,2024/03/15,1740,1756,1719,1727,694.5
4443,2024/03/18,1697,1767,1685,1755,652
4443,2024/03/19,1776,1800,1731,1800,607.200012207031
4443,2024/03/21,1801,1820,1782,1784,820
4443,2024/03/22,1785,1807,1752,1791,773.600036621094
4443,2024/03/25,1824,1824,1746,1756,900.600036621094
4443,2024/03/26,1737,1762,1721,1730,824.200012207031
4443,2024/03/27,1755,1763,1732,1739,568.5
4443,2024/03/28,1792,1792,1731,1732,555.299987792969
4443,2024/03/29,1711,1760,1711,1757,476.5
4443,2024/04/01,1775,1775,1722,1728,500.200012207031
4443,2024/04/02,1707,1726,1687,1691,881.5
4443,2024/04/03,1675,1696,1646,1660,729.299987792969
4443,2024/04/04,1680,1743,1680,1720,994.299987792969
4443,2024/04/05,1690,1727,1670,1721,880.299987792969
4443,2024/04/08,1749,1764,1715,1732,730.5
4443,2024/04/09,1738,1778,1730,1773,775.299987792969
4443,2024/04/10,1770,1791,1739,1743,569.299987792969
4443,2024/04/11,1725,1735,1664,1682,1616.09997558594
4443,2024/04/12,1682,1724,1530,1535,2784
4443,2024/04/15,1468,1479,1406,1411,2689.19995117188
4443,2024/04/16,1374,1462,1373,1445,2593.40014648438
4443,2024/04/17,1444,1451,1379,1380,1531.5
4443,2024/04/18,1401,1425,1388,1401,1084.80004882813
4443,2024/04/19,1402,1408,1361,1373,1452.09997558594
4443,2024/04/22,1392,1409,1357,1405,1195.70007324219
4443,2024/04/23,1425,1444,1393,1400,761
4443,2024/04/24,1430,1493,1419,1467,1085.09997558594
4443,2024/04/25,1445,1456,1423,1447,840
4443,2024/04/26,1454,1484,1446,1472,810.400024414063
4443,2024/04/30,1490,1491,1446,1472,871.600036621094
4443,2024/05/01,1460,1478,1438,1471,709.700012207031
4443,2024/05/02,1488,1488,1464,1484,473.200012207031
4443,2024/05/07,1530,1563,1507,1563,1123.59997558594
4443,2024/05/08,1566,1594,1556,1566,506
4443,2024/05/09,1565,1565,1509,1513,750.700012207031
4443,2024/05/10,1517,1529,1441,1463,1362.80004882813
4443,2024/05/13,1464,1526,1464,1525,878.299987792969
4443,2024/05/14,1544,1571,1527,1568,1181.90002441406
4443,2024/05/15,1575,1617,1568,1590,1034.09997558594
4443,2024/05/16,1604,1607,1561,1599,528
4443,2024/05/17,1580,1597,1535,1562,800.799987792969
4443,2024/05/20,1550,1585,1530,1570,473.100006103516
4443,2024/05/21,1588,1603,1577,1593,546.100036621094
4443,2024/05/22,1593,1602,1568,1570,559.900024414063
4443,2024/05/23,1576,1589,1541,1580,658.100036621094
4443,2024/05/24,1540,1597,1537,1591,471
4443,2024/05/27,1604,1622,1579,1615,666.299987792969
4443,2024/05/28,1615,1642,1599,1630,622
4443,2024/05/29,1620,1638,1595,1603,752.700012207031
4443,2024/05/30,1568,1653,1565,1644,908.700012207031
4443,2024/05/31,1611,1647,1598,1616,1390.59997558594
4443,2024/06/03,1616,1636,1587,1603,776.600036621094
4443,2024/06/04,1598,1684,1593,1654,603.799987792969
4443,2024/06/05,1654,1686,1624,1635,401.100006103516
4443,2024/06/06,1670,1678,1629,1629,720.600036621094
4443,2024/06/07,1570,1654,1566,1648,1095.20007324219
4443,2024/06/10,1662,1663,1579,1603,1010.5
4443,2024/06/11,1609,1639,1593,1628,725
4443,2024/06/12,1630,1657,1626,1628,440.200012207031
4443,2024/06/13,1652,1718,1647,1680,743.100036621094
4443,2024/06/14,1645,1682,1645,1678,905.700012207031
4443,2024/06/17,1651,1692,1639,1683,553.799987792969
4443,2024/06/18,1694,1697,1655,1675,454.600006103516
4443,2024/06/19,1675,1681,1655,1670,715
4443,2024/06/20,1670,1697,1669,1691,304.399993896484
4443,2024/06/21,1700,1723,1679,1679,519.299987792969
4443,2024/06/24,1700,1731,1676,1698,473.800018310547
4443,2024/06/25,1696,1741,1690,1741,412
4443,2024/06/26,1755,1767,1736,1740,384.800018310547
4443,2024/06/27,1740,1751,1721,1729,467.100006103516
4443,2024/06/28,1750,1759,1727,1730,398.800018310547
4443,2024/07/01,1728,1741,1686,1697,575.299987792969
4443,2024/07/02,1698,1732,1682,1730,806.900024414063
4443,2024/07/03,1725,1754,1718,1730,583.600036621094
4443,2024/07/04,1730,1747,1720,1734,617.5
4443,2024/07/05,1730,1808,1730,1778,532.600036621094
4443,2024/07/08,1797,1807,1774,1789,713.400024414063
4443,2024/07/09,1793,1833,1778,1793,1332.80004882813
4443,2024/07/10,1793,1816,1751,1783,1250.80004882813
4443,2024/07/11,1749,1776,1689,1730,1581.90002441406
4443,2024/07/12,2130,2130,2130,2130,507.399993896484
4443,2024/07/16,2150,2341,2142,2317,6725.89990234375
4443,2024/07/17,2317,2368,2243,2357,2987.60009765625
4443,2024/07/18,2317,2349,2225,2242,2534.30004882813
4443,2024/07/19,2233,2286,2201,2270,1109.5
4443,2024/07/22,2299,2324,2268,2303,1198.80004882813
4443,2024/07/23,2304,2343,2286,2316,1131.09997558594
4443,2024/07/24,2290,2348,2278,2330,945.400024414063
4443,2024/07/25,2250,2272,2215,2247,1130.09997558594
4443,2024/07/26,2278,2316,2257,2257,948.299987792969
4443,2024/07/29,2239,2316,2218,2308,900.600036621094
4443,2024/07/30,2310,2317,2208,2251,881.100036621094
4443,2024/07/31,2216,2267,2181,2256,705.100036621094
4443,2024/08/01,2206,2224,2122,2158,1536.30004882813
4443,2024/08/02,2058,2059,1936,1953,1361.40002441406
4443,2024/08/05,1878,2027,1850,1858,1536.59997558594
4443,2024/08/06,2000,2045,1953,2019,1227.09997558594
4443,2024/08/07,1969,2049,1951,1980,748
4443,2024/08/08,1940,2060,1935,2020,704.100036621094
4443,2024/08/09,2068,2086,1989,2024,553.400024414063
4443,2024/08/13,2048,2066,2019,2019,634.799987792969
4443,2024/08/14,2004,2071,1990,2040,943.600036621094
4443,2024/08/15,2018,2046,2004,2013,594.799987792969
4443,2024/08/16,2055,2068,2017,2024,498.899993896484
4443,2024/08/19,2014,2045,1992,1998,369.300018310547
4443,2024/08/20,2049,2095,2030,2077,543.200012207031
4443,2024/08/21,2072,2120,2057,2069,493.5
4443,2024/08/22,2052,2157,2052,2144,932.700012207031
4443,2024/08/23,2180,2264,2164,2261,1076.40002441406
4443,2024/08/26,2350,2488,2304,2454,2417.5
4443,2024/08/27,2405,2452,2372,2427,1184.90002441406
4443,2024/08/28,2405,2454,2332,2337,1239.40002441406
4443,2024/08/29,2308,2323,2163,2226,1841.59997558594
4443,2024/08/30,2200,2235,2165,2190,1016.5
4443,2024/09/02,2239,2257,2196,2227,659.200012207031
4443,2024/09/03,2233,2256,2152,2174,795.299987792969
4443,2024/09/04,2105,2190,2102,2181,1017
4443,2024/09/05,2200,2305,2182,2298,1287.80004882813
4443,2024/09/06,2344,2350,2275,2297,1010.70001220703
4443,2024/09/09,2247,2333,2241,2333,1006.20001220703
4443,2024/09/10,2377,2391,2299,2346,908.299987792969
4443,2024/09/11,2375,2389,2289,2310,811.600036621094
4443,2024/09/12,2350,2355,2288,2318,588.299987792969
4443,2024/09/13,2294,2308,2263,2303,532.299987792969
4443,2024/09/17,2304,2305,2233,2277,627.600036621094
4443,2024/09/18,2289,2338,2221,2242,586.400024414063
4443,2024/09/19,2253,2275,2226,2233,576.799987792969
4443,2024/09/20,2259,2280,2207,2221,638.700012207031
4443,2024/09/24,2199,2203,2149,2192,650
4443,2024/09/25,2197,2197,2092,2100,534.799987792969
4443,2024/09/26,2099,2135,2078,2135,775.799987792969
4443,2024/09/27,2135,2212,2131,2207,751.600036621094
4443,2024/09/30,2157,2195,2107,2149,783
4443,2024/10/01,2167,2180,2120,2131,634.100036621094
4443,2024/10/02,2110,2121,1997,2002,805.900024414063
4443,2024/10/03,2062,2073,2007,2058,586.900024414063
4443,2024/10/04,2057,2142,2056,2124,564
4443,2024/10/07,2129,2172,2108,2152,729.100036621094
4443,2024/10/08,2140,2166,2107,2156,466.800018310547
4443,2024/10/09,2166,2258,2161,2227,721.400024414063
4443,2024/10/10,2235,2243,2172,2200,929.900024414063
4443,2024/10/11,2215,2260,2187,2225,1759.40002441406
4443,2024/10/15,2032,2182,1999,2166,3039.60009765625
4443,2024/10/16,2160,2177,2103,2128,1007.29998779297
4443,2024/10/17,2106,2183,2098,2175,629.600036621094
4443,2024/10/18,2323,2430,2265,2347,2736.10009765625
4443,2024/10/21,2307,2354,2285,2315,973.100036621094
4443,2024/10/22,2290,2311,2276,2279,629.900024414063
4443,2024/10/23,2262,2283,2244,2265,494.200012207031
4443,2024/10/24,2233,2256,2179,2200,774.900024414063
4443,2024/10/25,2192,2192,2077,2105,1022.90002441406
4443,2024/10/28,2122,2206,2096,2172,895.600036621094
4443,2024/10/29,2172,2239,2155,2221,812.799987792969
4443,2024/10/30,2239,2242,2155,2185,768.5
4443,2024/10/31,2176,2254,2165,2253,554.100036621094
4443,2024/11/01,2216,2244,2202,2229,380.899993896484
4443,2024/11/05,2231,2270,2200,2246,430.100006103516
4443,2024/11/06,2262,2319,2241,2319,544.200012207031
4443,2024/11/07,2315,2343,2130,2164,969.200012207031
4443,2024/11/08,2191,2325,2146,2282,849.700012207031
4443,2024/11/11,2273,2286,2234,2278,372.899993896484
4443,2024/11/12,2246,2281,2151,2156,742.200012207031
4443,2024/11/13,2105,2141,2081,2122,694
4443,2024/11/14,2107,2157,2098,2106,734.600036621094
4443,2024/11/15,2100,2113,2027,2029,1114.5
4443,2024/11/18,1981,2028,1942,1986,787.200012207031
4443,2024/11/19,2000,2023,1958,1968,706.600036621094
4443,2024/11/20,1956,2026,1953,1975,575.400024414063
4443,2024/11/21,1983,1998,1927,1969,775.900024414063
4443,2024/11/22,2000,2065,1975,2016,982
4443,2024/11/25,2041,2044,1987,2011,660.5
4443,2024/11/26,2000,2038,1987,2029,420.399993896484
4443,2024/11/27,2009,2059,1990,2057,574
4443,2024/11/28,2059,2075,2008,2053,396.300018310547
4443,2024/11/29,2054,2123,2029,2108,466.100006103516
4443,2024/12/02,2109,2154,2075,2135,469.300018310547
4443,2024/12/03,2135,2186,2131,2168,480.100006103516
4443,2024/12/04,2168,2189,2132,2178,680.5
4443,2024/12/05,2195,2213,2158,2172,397.200012207031
4443,2024/12/06,2158,2171,2126,2156,556.600036621094
4443,2024/12/09,2157,2252,2149,2245,544.200012207031
4443,2024/12/10,2281,2308,2256,2289,719.700012207031
4443,2024/12/11,2271,2277,2217,2257,497.200012207031
4443,2024/12/12,2310,2382,2307,2366,732
4443,2024/12/13,2342,2455,2342,2389,885.5
4443,2024/12/16,2410,2424,2362,2390,831.700012207031
4443,2024/12/17,2409,2480,2395,2455,730.5
4443,2024/12/18,2445,2469,2421,2426,661.799987792969
4443,2024/12/19,2344,2409,2325,2407,666.299987792969
4443,2024/12/20,2407,2423,2384,2385,445.700012207031
4443,2024/12/23,2390,2438,2380,2380,484.100006103516
4443,2024/12/24,2383,2389,2338,2345,287.100006103516
4443,2024/12/25,2363,2372,2269,2289,318.5
4443,2024/12/26,2295,2298,2253,2270,487
4443,2024/12/27,2298,2371,2298,2327,459.700012207031
4443,2024/12/30,2315,2329,2280,2295,288
4443,2025/01/06,2319,2319,2123,2123,766.900024414063
4443,2025/01/07,2173,2177,2117,2128,840.600036621094
4443,2025/01/08,2090,2146,2078,2136,551.299987792969
4443,2025/01/09,2143,2205,2134,2199,535.600036621094
4443,2025/01/10,2249,2461,2219,2445,1914.80004882813
4443,2025/01/14,2450,2468,2408,2450,1463.80004882813
4443,2025/01/15,2400,2547,2279,2345,1834
4443,2025/01/16,2375,2438,2213,2215,1363.59997558594
4443,2025/01/17,2200,2268,2154,2239,1010.70001220703
4443,2025/01/20,2260,2391,2252,2378,737.700012207031
4443,2025/01/21,2390,2390,2283,2330,696.900024414063
4443,2025/01/22,2328,2357,2299,2299,615.400024414063
4443,2025/01/23,2309,2328,2267,2308,678.600036621094
4443,2025/01/24,2307,2376,2302,2356,602.299987792969
4443,2025/01/27,2360,2394,2339,2385,518.5
4443,2025/01/28,2374,2441,2338,2433,589
4443,2025/01/29,2453,2587,2453,2524,1444.20007324219
4443,2025/01/30,2499,2513,2473,2489,1707.70007324219
4443,2025/01/31,2500,2515,2439,2440,446.600006103516
4443,2025/02/03,2369,2445,2346,2420,542
4443,2025/02/04,2466,2484,2426,2432,520.400024414063
4443,2025/02/05,2436,2470,2380,2449,589
4443,2025/02/06,2485,2495,2450,2484,455.700012207031
4443,2025/02/07,2451,2505,2448,2491,373
4443,2025/02/10,2490,2534,2460,2460,349.100006103516
4443,2025/02/12,2473,2503,2452,2481,384.800018310547
4443,2025/02/13,2485,2520,2479,2491,472.300018310547
4443,2025/02/14,2510,2546,2480,2508,593.200012207031
4443,2025/02/17,2558,2614,2491,2500,700.200012207031
4443,2025/02/18,2462,2529,2437,2459,475.399993896484
4443,2025/02/19,2442,2445,2378,2378,567.200012207031
4443,2025/02/20,2395,2458,2337,2385,508
4443,2025/02/21,2344,2377,2297,2340,721.299987792969
4443,2025/02/25,2297,2324,2252,2280,593.5
4443,2025/02/26,2253,2276,2200,2201,563.299987792969
4443,2025/02/27,2223,2223,2118,2130,716.5
4443,2025/02/28,2100,2116,2044,2047,694.900024414063
4443,2025/03/03,2061,2145,2059,2126,732.400024414063
4443,2025/03/04,2116,2130,2065,2084,630.900024414063
4443,2025/03/05,2080,2084,2007,2026,702.299987792969
4443,2025/03/06,2051,2058,2007,2018,462
4443,2025/03/07,2017,2018,1979,1989,721.600036621094
4443,2025/03/10,1999,2006,1970,1988,581.600036621094
4443,2025/03/11,1958,1981,1923,1946,608.200012207031
4443,2025/03/12,1946,1981,1932,1956,714
4443,2025/03/13,1975,2016,1970,1970,980
4443,2025/03/14,1946,1960,1917,1941,955.100036621094
4443,2025/03/17,1961,1975,1943,1971,434.800018310547
4443,2025/03/18,1970,2023,1958,1991,678.600036621094
4443,2025/03/19,1991,2020,1980,2012,664.900024414063
4443,2025/03/21,2025,2033,1972,2010,804.5
4443,2025/03/24,2028,2075,2025,2036,918.100036621094
4443,2025/03/25,2066,2075,2031,2040,555.400024414063
4443,2025/03/26,2050,2063,2021,2035,489.200012207031
4443,2025/03/27,1998,2049,1992,2039,478
4443,2025/03/28,2025,2045,1983,1989,366.600006103516
4443,2025/03/31,1949,1957,1902,1914,522.5
4443,2025/04/01,1926,1935,1817,1818,695.200012207031
4443,2025/04/02,1858,1894,1849,1894,653.700012207031
4443,2025/04/03,1829,1897,1825,1874,781.200012207031
4443,2025/04/04,1841,1886,1790,1824,620.600036621094
4443,2025/04/07,1642,1697,1630,1651,814.5
4443,2025/04/08,1701,1775,1701,1748,550.900024414063
4443,2025/04/09,1828,1835,1757,1817,1169.09997558594
4443,2025/04/10,1915,1941,1869,1939,759.5
4443,2025/04/11,1881,1943,1842,1940,981.200012207031
4443,2025/04/14,2000,2045,1915,1924,1837
4443,2025/04/15,1964,2006,1931,1959,1124.59997558594
4443,2025/04/16,1950,1953,1856,1882,1060.5
4443,2025/04/17,1873,1932,1837,1926,894.200012207031
4443,2025/04/18,1941,1952,1914,1928,637.200012207031
4443,2025/04/21,1942,2017,1929,1959,957.799987792969
4443,2025/04/22,1950,1960,1891,1949,708.200012207031
4443,2025/04/23,1974,1978,1904,1928,660.600036621094
4443,2025/04/24,1928,1947,1881,1894,687.299987792969
4443,2025/04/25,1920,1936,1891,1920,589.5
4443,2025/04/28,1950,2020,1929,2012,847.700012207031
4443,2025/04/30,2012,2012,1945,1948,525.200012207031
4443,2025/05/01,1950,1988,1938,1977,459.399993896484
4443,2025/05/02,1951,1968,1933,1947,463
4443,2025/05/07,1947,2000,1939,1985,368.800018310547
4443,2025/05/08,2000,2041,1995,2036,476.100006103516
4443,2025/05/09,2035,2064,2018,2042,395.899993896484
4443,2025/05/12,2030,2038,1986,1999,479.700012207031
4443,2025/05/13,2022,2040,1993,2040,563.799987792969
4443,2025/05/14,2040,2052,2010,2030,362.100006103516
4443,2025/05/15,2010,2071,2010,2060,474.100006103516
4443,2025/05/16,2061,2085,2043,2068,409.200012207031
4443,2025/05/19,2070,2078,2033,2050,460.5
4443,2025/05/20,2000,2009,1971,1974,584.5
4443,2025/05/21,1944,1953,1818,1818,1302.40002441406
4443,2025/05/22,1791,1876,1778,1863,807.900024414063
4443,2025/05/23,1892,1897,1835,1865,822
4443,2025/05/26,1865,1913,1859,1886,704
4443,2025/05/27,1888,1918,1877,1914,645.900024414063
4443,2025/05/28,1914,1915,1884,1893,698.299987792969
4443,2025/05/29,1876,1893,1865,1893,476.800018310547
4443,2025/05/30,1899,2043,1897,2016,1380.09997558594
4443,2025/06/02,2012,2057,1960,1981,620.100036621094
4443,2025/06/03,2007,2098,2003,2079,1001.70001220703
4443,2025/06/04,2097,2114,2064,2067,498.700012207031
4443,2025/06/05,2077,2113,2067,2091,553.600036621094
4443,2025/06/06,2123,2165,2047,2050,1028.90002441406
4443,2025/06/09,2052,2089,2043,2086,412.399993896484
4443,2025/06/10,2096,2109,2059,2086,400.899993896484
4443,2025/06/11,2100,2136,2079,2116,528
4443,2025/06/12,2090,2132,2071,2110,373.399993896484
4443,2025/06/13,2075,2080,2000,2037,595.200012207031
4443,2025/06/16,2029,2046,1997,2034,360.5
4443,2025/06/17,2058,2077,2027,2045,343.399993896484
4443,2025/06/18,2054,2120,2054,2120,648.799987792969
4443,2025/06/19,2120,2190,2110,2158,797.400024414063
4443,2025/06/20,2140,2177,2128,2151,446.800018310547
4443,2025/06/23,2101,2135,2062,2131,513.900024414063
4443,2025/06/24,2139,2211,2136,2202,597
4443,2025/06/25,2205,2209,2144,2166,437.300018310547
4443,2025/06/26,2174,2198,2141,2150,712.400024414063
4443,2025/06/27,2151,2162,2113,2136,462.300018310547
4443,2025/06/30,2130,2165,2120,2136,437
4443,2025/07/01,2120,2130,2082,2105,439.700012207031
4443,2025/07/02,2075,2091,2055,2074,404.200012207031
4443,2025/07/03,2050,2067,2030,2036,314
4443,2025/07/04,2063,2071,2040,2051,340.300018310547
4443,2025/07/07,2045,2068,2027,2068,349.399993896484
4443,2025/07/08,2068,2071,2044,2062,436.5
4443,2025/07/09,2078,2083,2034,2049,498.5
4443,2025/07/10,2042,2053,2011,2024,534
4443,2025/07/11,2047,2050,2010,2010,522
4443,2025/07/14,2011,2027,1945,1970,1215.5
4443,2025/07/15,1888,1968,1854,1899,2838
4443,2025/07/16,1880,1952,1852,1896,1193
4443,2025/07/17,1912,2027,1912,2000,1657
4443,2025/07/18,2013,2032,1951,1960,879
4443,2025/07/22,1940,2019,1938,1972,711.200012207031
4443,2025/07/23,1971,1986,1929,1952,896.400024414063
4443,2025/07/24,1942,1966,1906,1960,781.700012207031
4443,2025/07/25,1985,2000,1916,1922,761.400024414063
4443,2025/07/28,1923,1927,1898,1922,593.100036621094
4443,2025/07/29,1896,1908,1873,1900,538.100036621094
4443,2025/07/30,1900,1905,1877,1905,342.899993896484
4443,2025/07/31,1905,1927,1895,1927,444.600006103516
4443,2025/08/01,1915,1949,1914,1938,448.899993896484
4443,2025/08/04,1898,1958,1894,1927,601.299987792969
4443,2025/08/05,1948,1979,1944,1947,353
4443,2025/08/06,1925,1925,1885,1893,573.400024414063
4443,2025/08/07,1893,1922,1887,1916,555.5
4443,2025/08/08,1907,1921,1897,1897,480
4443,2025/08/12,1900,1900,1872,1897,738.299987792969
4443,2025/08/13,1900,1920,1897,1906,576.700012207031
4443,2025/08/14,1900,1913,1882,1895,577.700012207031
4443,2025/08/15,1890,1895,1848,1850,785.200012207031
4443,2025/08/18,1841,1914,1838,1914,719.400024414063
4443,2025/08/19,1941,1985,1936,1977,939.5
4443,2025/08/20,1977,1980,1908,1908,548.900024414063
4443,2025/08/21,1909,1919,1900,1909,251.600006103516
4443,2025/08/22,1910,1918,1892,1906,498.700012207031
4443,2025/08/25,1946,1950,1908,1922,553.799987792969
4443,2025/08/26,1900,1936,1894,1930,405.399993896484
4443,2025/08/27,1913,1918,1884,1896,503.100006103516
4443,2025/08/28,1895,1914,1885,1910,341.100006103516
4443,2025/08/29,1910,1935,1904,1920,381.300018310547
4443,2025/09/01,1900,1931,1899,1906,378.5
4443,2025/09/02,1906,1915,1887,1893,382
4443,2025/09/03,1885,1900,1859,1892,465.399993896484
4443,2025/09/04,1894,1909,1885,1885,235.699996948242
4443,2025/09/05,1885,1910,1883,1910,397.5
4443,2025/09/08,1918,1939,1899,1917,563.600036621094
4443,2025/09/09,1950,1983,1940,1963,867.400024414063
4443,2025/09/10,1963,1968,1914,1936,438.5
4443,2025/09/11,1921,1944,1907,1924,351
4443,2025/09/12,1911,1945,1901,1943,349.100006103516
4443,2025/09/16,1930,1930,1888,1891,482.100006103516
4443,2025/09/17,1888,1924,1884,1918,381.200012207031
4443,2025/09/18,1920,1967,1920,1955,602.200012207031
4443,2025/09/19,1965,1970,1915,1941,599.200012207031
4443,2025/09/22,1945,1961,1943,1951,297.5
4443,2025/09/24,1940,1944,1908,1920,526.299987792969
4443,2025/09/25,1919,1944,1917,1939,354.700012207031
4443,2025/09/26,1865,1926,1861,1911,1096.90002441406
4443,2025/09/29,1913,1926,1892,1906,456.899993896484
4443,2025/09/30,1900,1928,1894,1909,511.100006103516
4443,2025/10/01,1880,1895,1858,1863,462.100006103516
4443,2025/10/02,1855,1873,1805,1805,732.100036621094
4443,2025/10/03,1821,1888,1816,1825,621.5
4443,2025/10/06,1862,1864,1817,1841,503.700012207031
4443,2025/10/07,1827,1827,1794,1820,575.799987792969
4443,2025/10/08,1796,1839,1786,1833,639.299987792969
4443,2025/10/09,1820,1834,1803,1815,675
4443,2025/10/10,1800,1823,1792,1808,862.200012207031
4443,2025/10/14,1688,1770,1645,1701,2301.69995117188
4443,2025/10/15,1707,1755,1693,1742,1212.5
4443,2025/10/16,1819,1836,1759,1800,990.200012207031
4443,2025/10/17,1810,1812,1720,1743,839.299987792969
4443,2025/10/20,1758,1774,1736,1737,690.400024414063
4443,2025/10/21,1750,1794,1728,1794,701.5
4443,2025/10/22,1833,1860,1814,1820,954.400024414063
4443,2025/10/23,1816,1838,1806,1806,513.400024414063
4443,2025/10/24,1811,1837,1802,1813,594.900024414063
4443,2025/10/27,1826,1867,1815,1831,705.600036621094
4443,2025/10/28,1840,1843,1797,1814,514.600036621094
4443,2025/10/29,1800,1811,1745,1760,639.200012207031
4443,2025/10/30,1764,1807,1740,1743,708.400024414063
4443,2025/10/31,1758,1823,1755,1823,824.400024414063
4443,2025/11/04,1795,1795,1750,1782,396.399993896484
4443,2025/11/05,1742,1757,1707,1739,757.600036621094
4443,2025/11/06,1730,1740,1700,1701,434.5
4443,2025/11/07,1700,1748,1699,1746,625.5
4443,2025/11/10,1745,1752,1724,1730,358.600006103516
4443,2025/11/11,1740,1754,1728,1751,353.600006103516
4443,2025/11/12,1749,1792,1743,1775,441.399993896484
4443,2025/11/13,1770,1773,1745,1759,420.100006103516
4443,2025/11/14,1745,1763,1737,1751,357.200012207031
4443,2025/11/17,1731,1750,1704,1732,352.300018310547
4443,2025/11/18,1714,1720,1666,1689,433.399993896484
4443,2025/11/19,1657,1683,1633,1640,568.700012207031
4443,2025/11/20,1656,1682,1650,1660,417
4443,2025/11/21,1646,1703,1639,1702,422.899993896484
4443,2025/11/25,1708,1723,1646,1668,528.299987792969
4443,2025/11/26,1699,1767,1675,1762,757
4443,2025/11/27,1745,1759,1715,1725,386.899993896484
4443,2025/11/28,1717,1719,1683,1686,394.300018310547
4443,2025/12/01,1680,1702,1657,1658,344.700012207031
4443,2025/12/02,1667,1675,1648,1669,233.600006103516
4443,2025/12/03,1674,1686,1642,1642,332.399993896484
4443,2025/12/04,1657,1692,1648,1692,294.399993896484
4443,2025/12/05,1674,1696,1640,1640,443.300018310547
4443,2025/12/08,1651,1667,1625,1665,301.399993896484
4443,2025/12/09,1670,1687,1640,1648,332.399993896484
4443,2025/12/10,1657,1659,1627,1642,351.200012207031
4443,2025/12/11,1632,1640,1590,1591,543.200012207031
4443,2025/12/12,1623,1694,1617,1682,667.600036621094
4443,2025/12/15,1668,1721,1657,1696,392.700012207031
4443,2025/12/16,1707,1710,1683,1688,406.200012207031
4443,2025/12/17,1710,1714,1680,1710,535.5
4443,2025/12/18,1697,1715,1692,1711,425.200012207031
4443,2025/12/19,1727,1760,1707,1737,527.5
4443,2025/12/22,1743,1749,1669,1700,404.200012207031
4443,2025/12/23,1720,1746,1713,1732,466.200012207031
4443,2025/12/24,1728,1738,1718,1735,317.399993896484
4443,2025/12/25,1750,1784,1733,1778,378
4443,2025/12/26,1777,1792,1768,1779,351.899993896484
4443,2025/12/29,1789,1793,1749,1765,316.899993896484
4443,2025/12/30,1751,1753,1724,1734,427
