5016,2002/09/26,265,277,257,269,14566
5016,2002/09/27,272,275,270,273,3887.5
5016,2002/09/30,270,273,265,273,1692.5
5016,2002/10/01,268,269,262,264,1351
5016,2002/10/02,259,260,251,252,2366
5016,2002/10/03,248,248,230,233,2968
5016,2002/10/04,223,227,214,220,2680.5
5016,2002/10/07,209,209,197,204,2592.5
5016,2002/10/08,180,196,180,194,3907.5
5016,2002/10/09,189,190,176,181,3120
5016,2002/10/10,171,177,162,172,3007.5
5016,2002/10/11,172,183,171,176,3288
5016,2002/10/15,188,190,182,189,2544
5016,2002/10/16,194,195,186,189,1835
5016,2002/10/17,185,193,184,188,1193
5016,2002/10/18,193,199,189,199,1832.5
5016,2002/10/21,196,198,191,191,1223
5016,2002/10/22,187,190,176,178,1465.5
5016,2002/10/23,177,178,171,178,1024
5016,2002/10/24,177,181,174,178,789
5016,2002/10/25,180,181,175,178,514.5
5016,2002/10/28,178,180,175,180,554
5016,2002/10/29,176,180,173,175,742
5016,2002/10/30,174,178,173,178,738.5
5016,2002/10/31,182,182,173,173,1283.5
5016,2002/11/01,171,182,171,180,1192.5
5016,2002/11/05,182,190,178,189,1044
5016,2002/11/06,191,192,185,189,997
5016,2002/11/07,189,189,182,184,616
5016,2002/11/08,183,184,180,183,766.5
5016,2002/11/11,177,178,167,170,1459
5016,2002/11/12,165,173,164,165,2201.5
5016,2002/11/13,165,167,159,164,1739.5
5016,2002/11/14,163,166,160,162,1634
5016,2002/11/15,158,160,141,141,2400
5016,2002/11/18,141,143,122,123,3808
5016,2002/11/19,114,117,99,109,5203
5016,2002/11/20,109,118,106,113,3856.5
5016,2002/11/21,125,133,122,131,3018
5016,2002/11/22,141,143,130,134,2178
5016,2002/11/25,137,141,134,141,1485
5016,2002/11/26,139,142,136,138,989.5
5016,2002/11/27,135,142,135,138,1064
5016,2002/11/28,149,150,144,146,2071.5
5016,2002/11/29,148,159,147,159,1508.5
5016,2002/12/02,159,160,150,151,1749.5
5016,2002/12/03,151,157,146,147,1779
5016,2002/12/04,145,147,139,143,1330
5016,2002/12/05,141,143,138,140,1217.5
5016,2002/12/06,138,141,137,141,609.5
5016,2002/12/09,140,144,138,139,929
5016,2002/12/10,139,143,138,138,656
5016,2002/12/11,140,142,137,140,1356
5016,2002/12/12,139,146,136,146,2139
5016,2002/12/13,150,150,139,140,3786.5
5016,2002/12/16,143,145,139,141,1640
5016,2002/12/17,142,144,141,142,1154
5016,2002/12/18,144,144,140,140,1595.5
5016,2002/12/19,141,141,137,139,1047.5
5016,2002/12/20,139,142,138,140,1885
5016,2002/12/24,143,146,141,145,1304
5016,2002/12/25,150,155,147,148,2719.5
5016,2002/12/26,148,152,148,152,635.5
5016,2002/12/27,150,156,150,155,1352
5016,2002/12/30,155,159,153,159,967.5
5016,2003/01/06,162,168,160,168,1726.5
5016,2003/01/07,168,169,159,160,2179
5016,2003/01/08,155,158,153,154,963
5016,2003/01/09,156,157,152,155,756.5
5016,2003/01/10,158,158,154,158,1088
5016,2003/01/14,157,158,156,158,703
5016,2003/01/15,159,159,155,157,1010.5
5016,2003/01/16,158,166,157,164,2217.5
5016,2003/01/17,163,167,162,166,1071
5016,2003/01/20,164,167,161,161,826
5016,2003/01/21,163,167,162,166,1064.5
5016,2003/01/22,166,166,158,160,1548.5
5016,2003/01/23,158,161,156,160,1257.5
5016,2003/01/24,161,161,153,155,2029
5016,2003/01/27,156,159,155,157,1542.5
5016,2003/01/28,158,161,156,158,1892.5
5016,2003/01/29,160,160,153,155,1566.5
5016,2003/01/30,156,158,155,155,933.5
5016,2003/01/31,157,158,155,156,1051
5016,2003/02/03,157,158,155,157,973
5016,2003/02/04,158,161,157,158,1064.5
5016,2003/02/05,159,162,158,161,1173
5016,2003/02/06,163,164,160,162,964
5016,2003/02/07,163,163,161,163,485.5
5016,2003/02/10,163,164,161,164,871.5
5016,2003/02/12,164,172,163,172,3380.5
5016,2003/02/13,172,172,166,168,1405
5016,2003/02/14,165,172,165,172,2857.5
5016,2003/02/17,170,177,170,177,1896.5
5016,2003/02/18,175,182,175,181,2247
5016,2003/02/19,183,184,180,184,1711.5
5016,2003/02/20,180,182,178,179,1164
5016,2003/02/21,175,178,173,173,1111.5
5016,2003/02/24,174,177,174,174,761.5
5016,2003/02/25,174,175,170,175,1384
5016,2003/02/26,176,181,175,180,1496
5016,2003/02/27,180,182,177,181,820
5016,2003/02/28,186,197,186,196,3391.5
5016,2003/03/03,197,210,197,208,4089
5016,2003/03/04,215,216,206,208,2706.5
5016,2003/03/05,206,209,200,205,1400.5
5016,2003/03/06,207,213,206,211,2187.5
5016,2003/03/07,211,220,211,211,4074
5016,2003/03/10,208,208,200,201,1365.5
5016,2003/03/11,191,211,191,211,1881.5
5016,2003/03/12,206,210,206,207,1308
5016,2003/03/13,210,210,204,206,835.5
5016,2003/03/14,201,209,201,202,3426
5016,2003/03/17,201,212,200,212,2245.5
5016,2003/03/18,215,217,207,207,1586
5016,2003/03/19,207,207,197,203,1671.5
5016,2003/03/20,206,207,197,200,2428
5016,2003/03/24,202,220,201,220,2272
5016,2003/03/25,215,218,208,211,1358
5016,2003/03/26,215,221,214,221,2442.5
5016,2003/03/27,226,236,226,232,2845.5
5016,2003/03/28,242,245,236,237,3575.5
5016,2003/03/31,245,252,238,242,3820.5
5016,2003/04/01,235,236,222,224,3075
5016,2003/04/02,230,233,225,229,2162.5
5016,2003/04/03,238,238,218,219,3576
5016,2003/04/04,225,235,224,233,2687
5016,2003/04/07,233,233,228,232,1808
5016,2003/04/08,232,232,224,230,1381.5
5016,2003/04/09,225,228,223,225,1387
5016,2003/04/10,220,229,219,229,1773.5
5016,2003/04/11,230,232,219,224,2632.5
5016,2003/04/14,220,222,193,198,3099
5016,2003/04/15,202,209,202,206,2336
5016,2003/04/16,213,223,212,220,3862
5016,2003/04/17,224,227,212,214,4027
5016,2003/04/18,214,217,209,212,1801
5016,2003/04/21,217,222,215,217,1757.5
5016,2003/04/22,220,220,213,216,1231
5016,2003/04/23,216,224,216,218,1812
5016,2003/04/24,218,219,209,211,1272
5016,2003/04/25,203,210,202,210,1439.5
5016,2003/04/28,207,207,193,197,1740.5
5016,2003/04/30,201,218,199,208,2105.5
5016,2003/05/01,206,212,206,209,960.5
5016,2003/05/02,210,215,207,214,1643.5
5016,2003/05/06,219,222,215,217,1934.5
5016,2003/05/07,215,218,208,210,1452.5
5016,2003/05/08,210,219,209,211,2280
5016,2003/05/09,216,222,215,220,2700
5016,2003/05/12,219,219,210,211,1533
5016,2003/05/13,213,214,209,209,1397.5
5016,2003/05/14,210,213,208,211,1018
5016,2003/05/15,211,211,204,208,1380
5016,2003/05/16,204,205,200,200,2178
5016,2003/05/19,200,201,195,197,1578.5
5016,2003/05/20,199,204,197,200,2324
5016,2003/05/21,203,204,199,201,2174.5
5016,2003/05/22,202,205,201,204,1065
5016,2003/05/23,206,214,205,211,2557
5016,2003/05/26,213,217,212,215,2321.5
5016,2003/05/27,214,215,211,213,1960
5016,2003/05/28,215,217,212,213,759
5016,2003/05/29,216,219,213,217,2001.5
5016,2003/05/30,218,220,216,218,1781
5016,2003/06/02,220,221,216,216,1531
5016,2003/06/03,216,220,215,217,1483
5016,2003/06/04,216,218,214,217,1180
5016,2003/06/05,219,227,216,225,2227
5016,2003/06/06,229,233,224,231,2979.5
5016,2003/06/09,236,240,231,233,1296.5
5016,2003/06/10,228,233,227,230,974
5016,2003/06/11,230,243,230,239,2237
5016,2003/06/12,247,247,242,244,2070.5
5016,2003/06/13,246,247,242,247,3993.5
5016,2003/06/16,244,245,240,241,757
5016,2003/06/17,242,244,234,237,1384.5
5016,2003/06/18,232,235,230,235,1870
5016,2003/06/19,230,233,226,231,1073
5016,2003/06/20,225,238,225,233,2457.5
5016,2003/06/23,235,242,231,241,1422
5016,2003/06/24,236,244,235,241,1349.5
5016,2003/06/25,240,243,237,241,1056
5016,2003/06/26,241,249,240,243,1494
5016,2003/06/27,246,258,246,254,2193
5016,2003/06/30,260,266,256,260,2243
5016,2003/07/01,259,265,253,262,1051
5016,2003/07/02,263,265,257,262,997.5
5016,2003/07/03,255,257,235,247,4910.5
5016,2003/07/04,242,254,240,251,1472
5016,2003/07/07,249,256,245,247,774
5016,2003/07/08,247,247,235,238,1923
5016,2003/07/09,238,249,236,246,1754
5016,2003/07/10,248,253,243,248,1597.5
5016,2003/07/11,243,252,243,250,2445.5
5016,2003/07/14,250,266,249,263,3851.5
5016,2003/07/15,264,268,260,262,2678
5016,2003/07/16,252,255,240,242,1847.5
5016,2003/07/17,239,243,236,238,1797.5
5016,2003/07/18,233,248,232,244,2027.5
5016,2003/07/22,234,238,231,237,2733
5016,2003/07/23,235,240,232,238,2433
5016,2003/07/24,244,245,234,236,2159
5016,2003/07/25,233,236,230,231,2758
5016,2003/07/28,230,236,230,233,1483.5
5016,2003/07/29,234,236,230,233,1590
5016,2003/07/30,235,238,231,232,1274
5016,2003/07/31,237,237,227,230,1135.5
5016,2003/08/01,231,242,227,239,2255.5
5016,2003/08/04,231,239,229,236,1508.5
5016,2003/08/05,239,239,224,228,2627
5016,2003/08/06,225,225,220,223,1472
5016,2003/08/07,228,231,223,230,1791
5016,2003/08/08,231,237,231,237,2025
5016,2003/08/11,232,235,226,227,1374.5
5016,2003/08/12,230,233,225,226,1498
5016,2003/08/13,228,229,226,227,1004
5016,2003/08/14,228,232,226,231,1370
5016,2003/08/15,235,240,235,236,2110.5
5016,2003/08/18,238,245,238,242,1112
5016,2003/08/19,251,255,250,253,1591.5
5016,2003/08/20,257,258,253,257,2035
5016,2003/08/21,252,272,252,269,3535
5016,2003/08/22,274,280,270,272,3295
5016,2003/08/25,282,295,280,295,2572.5
5016,2003/08/26,285,292,278,288,2795
5016,2003/08/27,286,287,279,280,1118.5
5016,2003/08/28,280,281,270,271,1063.5
5016,2003/08/29,281,281,278,279,1429.5
5016,2003/09/01,275,279,275,279,1362.5
5016,2003/09/02,276,278,274,276,1409
5016,2003/09/03,291,291,279,285,3431
5016,2003/09/04,289,289,273,275,2414
5016,2003/09/05,275,281,273,280,1594.5
5016,2003/09/08,285,287,280,286,2223.5
5016,2003/09/09,281,285,278,282,1952
5016,2003/09/10,285,288,283,286,1174.5
5016,2003/09/11,283,284,282,283,1114
5016,2003/09/12,282,282,273,274,5317
5016,2003/09/16,282,283,277,280,2167
5016,2003/09/17,281,291,281,283,2134
5016,2003/09/18,288,288,280,280,1269.5
5016,2003/09/19,283,285,281,283,1306.5
5016,2003/09/22,293,302,286,300,4242.5
5016,2003/09/24,301,310,291,303,3659.5
5016,2003/09/25,302,302,285,290,2177.5
5016,2003/09/26,290,291,282,284,1277.5
5016,2003/09/29,291,292,277,287,1535.5
5016,2003/09/30,291,292,285,285,1289
5016,2003/10/01,287,301,287,299,2718.5
5016,2003/10/02,307,324,305,320,6513.5
5016,2003/10/03,333,358,326,353,8116.5
5016,2003/10/06,363,369,353,354,5211
5016,2003/10/07,344,352,336,342,2933.5
5016,2003/10/08,342,358,341,354,3538.5
5016,2003/10/09,354,369,354,362,3159.5
5016,2003/10/10,363,369,360,360,3515.5
5016,2003/10/14,350,358,344,345,2646.5
5016,2003/10/15,349,361,347,354,2061.5
5016,2003/10/16,357,367,355,359,2481.5
5016,2003/10/17,365,374,362,364,5174
5016,2003/10/20,369,377,366,372,2220
5016,2003/10/21,377,378,365,366,2075
5016,2003/10/22,367,376,360,369,2446
5016,2003/10/23,368,368,346,347,2019
5016,2003/10/24,351,359,346,354,1559
5016,2003/10/27,352,360,350,357,931.5
5016,2003/10/28,354,370,352,364,827
5016,2003/10/29,369,402,366,397,7200.5
5016,2003/10/30,392,418,392,403,4477
5016,2003/10/31,400,403,395,402,3087.5
5016,2003/11/04,400,408,398,405,3492
5016,2003/11/05,404,404,395,402,2116.5
5016,2003/11/06,392,393,386,390,3063
5016,2003/11/07,385,389,378,386,1878
5016,2003/11/10,387,392,379,390,1314.5
5016,2003/11/11,382,385,350,368,1830
5016,2003/11/12,363,375,360,361,1372
5016,2003/11/13,370,373,361,364,1976.5
5016,2003/11/14,361,363,353,354,3010
5016,2003/11/17,350,350,320,321,1272.5
5016,2003/11/18,322,336,321,335,1402
5016,2003/11/19,340,351,339,346,1697.5
5016,2003/11/20,353,354,337,350,2186.5
5016,2003/11/21,340,349,339,343,1462
5016,2003/11/25,355,358,350,351,1310
5016,2003/11/26,346,356,346,354,1258
5016,2003/11/27,359,362,350,353,1661
5016,2003/11/28,351,351,341,346,1398
5016,2003/12/01,336,355,335,353,1252.5
5016,2003/12/02,348,360,348,350,1414
5016,2003/12/03,360,369,360,367,3339.5
5016,2003/12/04,367,377,362,372,2354.5
5016,2003/12/05,369,392,369,392,3088.5
5016,2003/12/08,382,386,361,363,2057.5
5016,2003/12/09,363,367,357,365,1071.5
5016,2003/12/10,356,364,343,351,1544.5
5016,2003/12/11,346,352,338,344,2193.5
5016,2003/12/12,339,349,338,346,4934
5016,2003/12/15,358,364,356,360,2159
5016,2003/12/16,354,358,351,356,1279.5
5016,2003/12/17,361,365,355,355,1480
5016,2003/12/18,358,370,358,366,2268.5
5016,2003/12/19,369,374,364,366,2332.5
5016,2003/12/22,366,366,353,353,1609
5016,2003/12/24,352,353,345,347,2421
5016,2003/12/25,344,359,344,359,1143.5
5016,2003/12/26,357,358,352,358,873
5016,2003/12/29,357,369,357,365,1501.5
5016,2003/12/30,375,376,367,374,978
5016,2004/01/05,376,381,371,380,1094.5
5016,2004/01/06,390,401,388,398,4090.5
5016,2004/01/07,402,403,392,401,2626
5016,2004/01/08,401,403,393,397,1823
5016,2004/01/09,400,409,397,403,5130.5
5016,2004/01/13,406,416,405,412,3775.5
5016,2004/01/14,407,413,399,413,1574
5016,2004/01/15,415,415,405,407,2282
5016,2004/01/16,405,408,398,401,1438
5016,2004/01/19,403,408,400,403,1220
5016,2004/01/20,402,405,398,400,1371.5
5016,2004/01/21,400,403,394,394,1337.5
5016,2004/01/22,395,398,391,392,1470
5016,2004/01/23,386,389,383,383,1733.5
5016,2004/01/26,383,398,374,393,2481.5
5016,2004/01/27,397,399,388,389,1767
5016,2004/01/28,385,389,375,377,1727.5
5016,2004/01/29,369,374,361,369,2146.5
5016,2004/01/30,377,381,373,378,1601.5
5016,2004/02/02,387,392,383,387,1487
5016,2004/02/03,388,390,376,385,1984
5016,2004/02/04,394,394,379,380,1371
5016,2004/02/05,375,379,375,377,592
5016,2004/02/06,377,377,368,368,887.5
5016,2004/02/09,366,374,357,360,2128.5
5016,2004/02/10,362,363,358,361,1170.5
5016,2004/02/12,358,371,358,371,1630.5
5016,2004/02/13,366,369,363,364,1640
5016,2004/02/16,369,375,367,373,1712.5
5016,2004/02/17,370,382,369,380,1083
5016,2004/02/18,384,385,377,377,1224.5
5016,2004/02/19,372,378,368,370,1171
5016,2004/02/20,366,371,366,367,1001
5016,2004/02/23,372,372,367,371,1037.5
5016,2004/02/24,373,374,361,363,1263
5016,2004/02/25,361,370,361,363,1179
5016,2004/02/26,366,370,364,369,822
5016,2004/02/27,374,384,371,381,2225
5016,2004/03/01,383,391,383,390,2206
5016,2004/03/02,390,398,385,397,3251.5
5016,2004/03/03,399,400,392,396,2937.5
5016,2004/03/04,386,392,384,384,3362
5016,2004/03/05,385,390,384,390,2256
5016,2004/03/08,398,406,397,400,4111.5
5016,2004/03/09,405,415,401,413,4714.5
5016,2004/03/10,420,429,415,426,7391
5016,2004/03/11,421,438,421,429,4426.5
5016,2004/03/12,424,428,412,422,6071
5016,2004/03/15,427,427,420,425,2335.5
5016,2004/03/16,425,449,422,444,3427.5
5016,2004/03/17,445,459,445,457,2679
5016,2004/03/18,460,464,436,445,3021.5
5016,2004/03/19,450,464,446,463,3039.5
5016,2004/03/22,468,468,461,462,2335.5
5016,2004/03/23,452,461,452,461,1846
5016,2004/03/24,468,472,464,471,4358.5
5016,2004/03/25,481,505,480,488,6438.5
5016,2004/03/26,507,519,494,500,3597
5016,2004/03/29,509,509,479,482,3502
5016,2004/03/30,490,490,471,476,2634.5
5016,2004/03/31,479,498,472,494,4825
5016,2004/04/01,499,528,493,525,7014
5016,2004/04/02,526,526,515,523,4510
5016,2004/04/05,530,530,516,524,3452.5
5016,2004/04/06,518,520,501,513,5710
5016,2004/04/07,500,515,498,514,4463
5016,2004/04/08,515,543,515,541,8391
5016,2004/04/09,538,546,530,530,7703
5016,2004/04/12,535,535,514,518,3959
5016,2004/04/13,530,541,528,539,3828
5016,2004/04/14,519,526,515,516,6246
5016,2004/04/15,514,516,490,503,5436.5
5016,2004/04/16,490,517,490,510,3722.5
5016,2004/04/19,513,516,487,489,2631.5
5016,2004/04/20,494,511,487,510,2339
5016,2004/04/21,500,505,491,492,2912
5016,2004/04/22,493,503,487,488,1843
5016,2004/04/23,488,497,485,490,1506
5016,2004/04/26,485,486,477,485,1822
5016,2004/04/27,487,502,485,498,1928.5
5016,2004/04/28,494,503,494,497,1397
5016,2004/04/30,480,480,460,464,4488
5016,2004/05/06,474,475,453,461,2142
5016,2004/05/07,460,464,450,457,1722.5
5016,2004/05/10,456,456,411,418,2220.5
5016,2004/05/11,410,434,400,418,2012.5
5016,2004/05/12,423,444,416,444,3443.5
5016,2004/05/13,464,467,444,446,3869.5
5016,2004/05/14,452,454,439,448,4341
5016,2004/05/17,441,443,407,415,2862.5
5016,2004/05/18,415,442,415,437,3428.5
5016,2004/05/19,442,459,438,456,2465.5
5016,2004/05/20,451,464,441,460,2127
5016,2004/05/21,468,490,465,485,3708
5016,2004/05/24,486,499,484,494,2912.5
5016,2004/05/25,495,505,482,504,4284.5
5016,2004/05/26,503,508,501,507,3949.5
5016,2004/05/27,505,505,495,500,1864.5
5016,2004/05/28,509,510,499,510,3947.5
5016,2004/05/31,511,513,496,508,4742.5
5016,2004/06/01,504,505,498,505,1935
5016,2004/06/02,505,505,495,496,1476.5
5016,2004/06/03,498,500,477,485,2380.5
5016,2004/06/04,490,494,485,494,1170
5016,2004/06/07,494,508,490,495,2578
5016,2004/06/08,500,510,497,508,3558.5
5016,2004/06/09,511,518,509,515,2848
5016,2004/06/10,504,514,503,511,1478.5
5016,2004/06/11,501,515,501,509,4014
5016,2004/06/14,515,519,505,515,1516.5
5016,2004/06/15,520,520,515,515,2422.5
5016,2004/06/16,515,523,509,511,1973.5
5016,2004/06/17,501,515,501,506,1559
5016,2004/06/18,504,506,483,500,1531
5016,2004/06/21,495,509,495,499,1951.5
5016,2004/06/22,506,514,499,508,2350.5
5016,2004/06/23,518,518,506,511,2626.5
5016,2004/06/24,513,518,507,515,1921
5016,2004/06/25,520,522,516,521,1751.5
5016,2004/06/28,521,530,520,530,1723.5
5016,2004/06/29,528,543,521,542,3246.5
5016,2004/06/30,543,543,528,539,2495.5
5016,2004/07/01,540,541,518,522,1870
5016,2004/07/02,522,534,521,526,1811
5016,2004/07/05,507,515,495,505,2711
5016,2004/07/06,499,514,490,491,4511.5
5016,2004/07/07,486,486,462,466,7985
5016,2004/07/08,469,470,456,465,4187.5
5016,2004/07/09,465,480,465,478,2942
5016,2004/07/12,488,495,486,490,4367
5016,2004/07/13,491,498,486,497,2153
5016,2004/07/14,492,497,478,478,2328.5
5016,2004/07/15,483,492,481,492,1968
5016,2004/07/16,497,497,487,493,1906.5
5016,2004/07/20,493,495,486,489,893
5016,2004/07/21,494,494,488,494,1823.5
5016,2004/07/22,491,501,484,500,4862
5016,2004/07/23,504,513,504,507,5745.5
5016,2004/07/26,501,501,473,474,10166
5016,2004/07/27,469,469,465,467,35421.5
5016,2004/07/28,469,474,468,472,14906
5016,2004/07/29,473,473,467,468,10854.5
5016,2004/07/30,468,469,464,468,5836.5
5016,2004/08/02,469,470,467,468,5871
5016,2004/08/03,468,469,465,466,3884.5
5016,2004/08/04,461,466,453,458,9341
5016,2004/08/05,459,463,456,460,3398.5
5016,2004/08/06,462,463,455,462,4823
5016,2004/08/09,460,467,455,465,4688
5016,2004/08/10,466,467,463,467,2921.5
5016,2004/08/11,467,470,464,470,4705
5016,2004/08/12,470,470,466,469,2900
5016,2004/08/13,464,466,459,462,3553
5016,2004/08/16,464,474,460,471,5993
5016,2004/08/17,478,481,473,477,14459
5016,2004/08/18,477,478,470,478,2969.5
5016,2004/08/19,486,493,481,489,11528.5
5016,2004/08/20,489,499,487,497,6402
5016,2004/08/23,495,495,484,487,3536.5
5016,2004/08/24,482,485,475,485,3851
5016,2004/08/25,488,496,482,496,4480.5
5016,2004/08/26,494,494,490,494,2933.5
5016,2004/08/27,490,498,490,497,2441
5016,2004/08/30,494,500,493,500,3860.5
5016,2004/08/31,495,506,495,503,7318.5
5016,2004/09/01,502,504,498,503,3795.5
5016,2004/09/02,506,530,505,527,10000
5016,2004/09/03,529,533,525,525,5853.5
5016,2004/09/06,535,555,533,550,11266.5
5016,2004/09/07,560,562,538,545,9045.5
5016,2004/09/08,544,544,528,532,5856.5
5016,2004/09/09,531,543,521,523,4395
5016,2004/09/10,528,529,509,512,7860.5
5016,2004/09/13,532,535,522,534,3600
5016,2004/09/14,535,537,527,533,2328.5
5016,2004/09/15,533,535,529,529,4059.5
5016,2004/09/16,526,529,524,528,2839.5
5016,2004/09/17,528,528,524,525,2771.5
5016,2004/09/21,537,541,533,535,3996
5016,2004/09/22,545,545,535,542,3956.5
5016,2004/09/24,550,550,543,547,4787.5
5016,2004/09/27,550,550,541,546,2877.5
5016,2004/09/28,549,576,545,562,7947
5016,2004/09/29,580,581,566,567,7745
5016,2004/09/30,574,574,558,558,5187.5
5016,2004/10/01,568,599,562,591,15607.5
5016,2004/10/04,600,603,585,588,5890
5016,2004/10/05,568,582,562,572,6709
5016,2004/10/06,576,596,576,587,9210
5016,2004/10/07,599,605,596,599,9228.5
5016,2004/10/08,589,600,583,590,6057.5
5016,2004/10/12,604,606,595,599,4273.5
5016,2004/10/13,601,601,581,585,3208
5016,2004/10/14,545,554,531,541,16422
5016,2004/10/15,540,552,532,546,6901.5
5016,2004/10/18,545,548,527,529,3043.5
5016,2004/10/19,527,538,523,528,3719
5016,2004/10/20,523,526,505,508,7682
5016,2004/10/21,528,528,507,510,4434.5
5016,2004/10/22,519,539,516,522,3390
5016,2004/10/25,510,517,506,511,2648
5016,2004/10/26,519,526,515,519,3344.5
5016,2004/10/27,519,527,511,514,2375
5016,2004/10/28,509,518,507,517,3973.5
5016,2004/10/29,517,517,502,504,3894.5
5016,2004/11/01,494,500,486,500,3985.5
5016,2004/11/02,500,515,498,515,3887
5016,2004/11/04,531,537,527,530,5184.5
5016,2004/11/05,534,534,523,527,2104.5
5016,2004/11/08,537,537,521,526,2659.5
5016,2004/11/09,527,527,520,523,2136
5016,2004/11/10,525,525,521,525,2243.5
5016,2004/11/11,535,547,530,534,5904.5
5016,2004/11/12,525,534,507,510,6848
5016,2004/11/15,519,530,516,523,3329.5
5016,2004/11/16,521,524,510,514,3076.5
5016,2004/11/17,514,519,510,519,2835
5016,2004/11/18,516,525,509,516,3208.5
5016,2004/11/19,509,512,496,508,4080.5
5016,2004/11/22,493,497,490,494,4689
5016,2004/11/24,507,513,501,501,3760.5
5016,2004/11/25,503,516,503,512,4214
5016,2004/11/26,510,524,508,522,5179
5016,2004/11/29,518,521,512,513,3329
5016,2004/11/30,516,519,512,514,5340
5016,2004/12/01,506,514,500,509,4033.5
5016,2004/12/02,515,523,511,519,3131.5
5016,2004/12/03,515,519,505,506,4406.5
5016,2004/12/06,497,498,489,495,5717
5016,2004/12/07,499,501,490,490,2732
5016,2004/12/08,482,485,473,484,5300.5
5016,2004/12/09,479,480,465,467,5973
5016,2004/12/10,458,473,458,464,8918
5016,2004/12/13,459,473,459,472,2792.5
5016,2004/12/14,469,474,467,472,2196
5016,2004/12/15,470,477,470,473,1925
5016,2004/12/16,473,478,471,474,2950
5016,2004/12/17,470,476,469,473,3268.5
5016,2004/12/20,472,485,472,482,2583.5
5016,2004/12/21,485,486,480,483,2277.5
5016,2004/12/22,488,490,483,490,2635
5016,2004/12/24,491,494,488,492,2392.5
5016,2004/12/27,487,491,483,484,1982.5
5016,2004/12/28,479,482,475,480,1924.5
5016,2004/12/29,482,483,477,477,1278.5
5016,2004/12/30,482,482,478,482,939
5016,2005/01/04,487,497,483,497,2553.5
5016,2005/01/05,497,497,489,489,1898.5
5016,2005/01/06,488,501,488,501,2162.5
5016,2005/01/07,503,512,503,508,3978
5016,2005/01/11,504,512,504,510,2146.5
5016,2005/01/12,513,517,509,511,2533.5
5016,2005/01/13,511,514,505,514,2341.5
5016,2005/01/14,514,515,505,512,3381
5016,2005/01/17,517,521,512,518,1864
5016,2005/01/18,519,520,511,513,1825
5016,2005/01/19,518,524,515,522,2612.5
5016,2005/01/20,517,519,512,513,2433
5016,2005/01/21,510,511,505,507,2695
5016,2005/01/24,505,514,504,508,2785.5
5016,2005/01/25,509,510,504,506,2947.5
5016,2005/01/26,506,523,504,517,5353.5
5016,2005/01/27,523,528,519,528,3605.5
5016,2005/01/28,523,530,521,530,4379
5016,2005/01/31,520,527,514,524,3059
5016,2005/02/01,519,523,515,520,2160.5
5016,2005/02/02,521,530,517,525,2907
5016,2005/02/03,525,538,523,534,2990
5016,2005/02/04,534,540,528,540,4300.5
5016,2005/02/07,536,544,531,541,3137.5
5016,2005/02/08,528,533,524,530,3210.5
5016,2005/02/09,527,530,517,522,3618
5016,2005/02/10,515,530,515,529,3374.5
5016,2005/02/14,579,585,565,569,16415
5016,2005/02/15,569,573,560,573,5738
5016,2005/02/16,574,580,566,571,4612
5016,2005/02/17,574,580,570,580,3448.5
5016,2005/02/18,574,594,574,594,5072
5016,2005/02/21,597,601,588,589,3895
5016,2005/02/22,594,594,586,591,2579
5016,2005/02/23,592,593,584,586,2141
5016,2005/02/24,590,594,584,589,3562.5
5016,2005/02/25,595,608,592,601,5965
5016,2005/02/28,614,622,611,621,6457.5
5016,2005/03/01,625,629,621,629,3720
5016,2005/03/02,620,625,609,611,5793
5016,2005/03/03,617,623,610,615,8128.5
5016,2005/03/04,620,635,618,629,4703.5
5016,2005/03/07,636,642,632,637,4422
5016,2005/03/08,627,630,608,610,6806
5016,2005/03/09,617,625,617,619,5396
5016,2005/03/10,618,624,617,621,2906
5016,2005/03/11,612,620,611,612,6988
5016,2005/03/14,612,615,595,598,3622.5
5016,2005/03/15,613,613,602,605,2573.5
5016,2005/03/16,613,613,601,611,3782
5016,2005/03/17,611,615,602,605,2837.5
5016,2005/03/18,613,622,611,622,3844
5016,2005/03/22,632,632,608,608,3967.5
5016,2005/03/23,608,610,599,603,3935
5016,2005/03/24,590,590,578,582,5861.5
5016,2005/03/25,583,592,577,591,3728
5016,2005/03/28,579,590,574,586,3169.5
5016,2005/03/29,588,589,576,577,3493
5016,2005/03/30,573,582,565,574,3543.5
5016,2005/03/31,589,590,581,589,2500.5
5016,2005/04/01,593,600,589,595,5236.5
5016,2005/04/04,615,625,611,624,10600.5
5016,2005/04/05,624,625,620,624,4806.5
5016,2005/04/06,623,623,618,622,2706
5016,2005/04/07,618,624,613,624,4644
5016,2005/04/08,625,631,620,622,5013
5016,2005/04/11,612,616,604,613,3635.5
5016,2005/04/12,618,624,616,617,3404
5016,2005/04/13,617,618,607,613,3153.5
5016,2005/04/14,603,604,586,602,4247
5016,2005/04/15,590,613,589,599,3428.5
5016,2005/04/18,579,582,565,568,5534.5
5016,2005/04/19,574,595,572,592,4261
5016,2005/04/20,612,612,601,608,5015
5016,2005/04/21,591,601,583,593,3875
5016,2005/04/22,609,624,605,621,4820
5016,2005/04/25,630,640,626,627,7366.5
5016,2005/04/26,637,637,627,634,3567
5016,2005/04/27,635,640,632,637,3724.5
5016,2005/04/28,636,640,627,638,3582
5016,2005/05/02,628,644,627,644,2624
5016,2005/05/06,648,649,641,646,3089.5
5016,2005/05/09,650,650,642,649,2321
5016,2005/05/10,650,654,645,648,1818.5
5016,2005/05/11,645,647,636,647,1902
5016,2005/05/12,627,634,612,618,6834.5
5016,2005/05/13,601,613,598,607,5571
5016,2005/05/16,600,605,583,586,3432
5016,2005/05/17,588,598,570,579,4235
5016,2005/05/18,589,590,577,577,2897
5016,2005/05/19,583,596,580,592,2152
5016,2005/05/20,600,601,594,594,1821.5
5016,2005/05/23,604,607,597,605,2226
5016,2005/05/24,605,607,584,589,2833
5016,2005/05/25,588,590,576,579,3205
5016,2005/05/26,584,585,574,578,2548.5
5016,2005/05/27,584,594,584,591,2048
5016,2005/05/30,599,605,587,589,3001
5016,2005/05/31,579,596,577,596,4594.5
5016,2005/06/01,597,607,593,602,2888
5016,2005/06/02,605,614,605,607,3675.5
5016,2005/06/03,611,614,603,614,3280.5
5016,2005/06/06,613,630,611,628,7247
5016,2005/06/07,628,628,622,626,2016.5
5016,2005/06/08,630,633,627,632,2343
5016,2005/06/09,632,632,613,619,2907
5016,2005/06/10,620,632,620,628,6527
5016,2005/06/13,625,629,614,614,2667
5016,2005/06/14,622,628,618,624,2518
5016,2005/06/15,628,637,626,635,3108
5016,2005/06/16,633,641,633,641,3538
5016,2005/06/17,649,661,648,660,5221.5
5016,2005/06/20,680,680,668,678,6541
5016,2005/06/21,670,673,653,659,5130
5016,2005/06/22,651,657,645,651,3149.5
5016,2005/06/23,650,651,639,641,3544
5016,2005/06/24,641,650,639,643,2676.5
5016,2005/06/27,642,651,638,647,2061.5
5016,2005/06/28,647,651,641,644,1848.5
5016,2005/06/29,640,644,634,639,2584.5
5016,2005/06/30,639,639,628,629,2839.5
5016,2005/07/01,631,634,627,630,2158
5016,2005/07/04,636,639,633,637,2007.5
5016,2005/07/05,637,641,633,639,1817
5016,2005/07/06,639,649,633,636,2909.5
5016,2005/07/07,642,645,635,638,3311
5016,2005/07/08,632,638,629,631,3327.5
5016,2005/07/11,633,637,629,631,1915.5
5016,2005/07/12,631,635,629,634,2125
5016,2005/07/13,630,634,627,628,1411
5016,2005/07/14,628,632,623,630,2468.5
5016,2005/07/15,628,630,619,621,2664
5016,2005/07/19,619,624,619,623,1417.5
5016,2005/07/20,629,640,625,634,1984
5016,2005/07/21,635,640,632,633,1094.5
5016,2005/07/22,626,631,625,629,1180.5
5016,2005/07/25,641,654,638,650,4482
5016,2005/07/26,645,649,641,648,1932.5
5016,2005/07/27,641,661,641,661,2753
5016,2005/07/28,661,662,656,658,1278
5016,2005/07/29,663,670,655,669,2785
5016,2005/08/01,671,678,665,665,2953.5
5016,2005/08/02,673,686,668,682,5124.5
5016,2005/08/03,690,694,679,679,5027.5
5016,2005/08/04,689,689,671,679,4402
5016,2005/08/05,670,675,647,653,4440
5016,2005/08/08,645,654,636,654,3031
5016,2005/08/09,674,694,674,684,5348.5
5016,2005/08/10,697,713,690,707,6810.5
5016,2005/08/11,753,755,722,724,12470
5016,2005/08/12,731,738,720,722,5378
5016,2005/08/15,736,748,730,740,4585.5
5016,2005/08/16,730,739,725,728,4069.5
5016,2005/08/17,727,728,716,720,4810
5016,2005/08/18,710,724,710,723,4590
5016,2005/08/19,713,717,712,715,2452.5
5016,2005/08/22,727,731,722,729,2582.5
5016,2005/08/23,734,739,729,739,3172
5016,2005/08/24,729,736,724,731,3411.5
5016,2005/08/25,726,734,718,721,3463
5016,2005/08/26,730,735,724,735,2007
5016,2005/08/29,735,740,730,736,3395.5
5016,2005/08/30,739,741,734,740,1959
5016,2005/08/31,741,747,737,744,2303
5016,2005/09/01,748,748,743,745,2890
5016,2005/09/02,749,764,748,764,6025.5
5016,2005/09/05,765,780,760,779,5316.5
5016,2005/09/06,785,804,762,772,9230.5
5016,2005/09/07,775,776,750,761,7570
5016,2005/09/08,760,760,747,753,3640
5016,2005/09/09,773,781,761,779,8740
5016,2005/09/12,790,793,767,778,5192.5
5016,2005/09/13,775,784,772,783,2866.5
5016,2005/09/14,784,793,781,789,3102
5016,2005/09/15,796,816,793,816,4455
5016,2005/09/16,806,812,795,801,4226.5
5016,2005/09/20,805,825,805,825,4896.5
5016,2005/09/21,815,819,809,812,4927.5
5016,2005/09/22,812,855,811,855,7394
5016,2005/09/26,845,880,832,880,6450.5
5016,2005/09/27,868,892,854,864,5736.5
5016,2005/09/28,885,898,882,893,4580
5016,2005/09/29,915,919,902,919,4301.5
5016,2005/09/30,929,929,875,900,7482.5
5016,2005/10/03,895,900,870,890,4157.5
5016,2005/10/04,880,886,855,870,4740
5016,2005/10/05,845,845,822,829,8108
5016,2005/10/06,799,800,781,790,8437
5016,2005/10/07,792,819,774,810,6667.5
5016,2005/10/11,825,851,823,851,4671.5
5016,2005/10/12,863,879,853,859,6510
5016,2005/10/13,849,849,817,841,5320
5016,2005/10/14,849,849,802,809,6750.5
5016,2005/10/17,818,818,800,803,2906
5016,2005/10/18,817,825,810,819,3725.5
5016,2005/10/19,829,829,808,813,3352.5
5016,2005/10/20,809,819,790,791,3599
5016,2005/10/21,765,791,760,789,5516.5
5016,2005/10/24,795,796,780,788,2440.5
5016,2005/10/25,791,803,789,791,3208
5016,2005/10/26,804,818,801,816,2905.5
5016,2005/10/27,816,843,814,838,4181.5
5016,2005/10/28,844,857,841,857,4292.5
5016,2005/10/31,868,869,847,853,2796.5
5016,2005/11/01,850,850,839,845,1748
5016,2005/11/02,844,845,820,825,4855.5
5016,2005/11/04,841,851,835,844,4813
5016,2005/11/07,835,838,800,804,5806
5016,2005/11/08,786,805,771,804,8164
5016,2005/11/09,804,804,778,787,7156
5016,2005/11/10,784,795,775,785,4587
5016,2005/11/11,778,779,760,770,10377
5016,2005/11/14,771,773,761,767,4951.5
5016,2005/11/15,762,766,747,752,5927
5016,2005/11/16,749,754,735,748,5751.5
5016,2005/11/17,758,780,755,778,7496.5
5016,2005/11/18,772,775,760,761,5613
5016,2005/11/21,770,776,765,770,6137
5016,2005/11/22,776,780,771,779,3464
5016,2005/11/24,790,799,788,795,6170
5016,2005/11/25,789,793,775,792,2982.5
5016,2005/11/28,791,794,761,769,6639.5
5016,2005/11/29,759,781,758,773,5558.5
5016,2005/11/30,785,787,771,786,5272.5
5016,2005/12/01,790,792,771,776,5370.5
5016,2005/12/02,780,820,773,817,9977.5
5016,2005/12/05,833,851,830,844,13783.5
5016,2005/12/06,864,880,856,867,14949.5
5016,2005/12/07,868,876,855,857,7666
5016,2005/12/08,850,851,820,837,4416.5
5016,2005/12/09,827,858,827,853,8675.5
5016,2005/12/12,873,894,866,892,9618.5
5016,2005/12/13,900,929,890,920,10192
5016,2005/12/14,930,935,907,909,9866
5016,2005/12/15,886,919,858,859,6756
5016,2005/12/16,845,867,835,836,12344
5016,2005/12/19,837,877,837,877,4087
5016,2005/12/20,865,878,855,875,3999
5016,2005/12/21,873,874,849,855,6272
5016,2005/12/22,851,870,851,859,5606
5016,2005/12/26,857,865,851,855,2893
5016,2005/12/27,851,853,845,847,2222.5
5016,2005/12/28,840,848,832,847,3108.5
5016,2005/12/29,857,858,843,847,2715
5016,2005/12/30,848,850,838,839,1607
5016,2006/01/04,859,890,854,889,4472.5
5016,2006/01/05,909,910,878,887,6474
5016,2006/01/06,880,895,871,874,4885
5016,2006/01/10,880,884,853,880,7385.5
5016,2006/01/11,856,864,845,858,7857
5016,2006/01/12,862,886,858,881,6703
5016,2006/01/13,891,891,877,882,5697.5
5016,2006/01/16,879,885,868,876,3686
5016,2006/01/17,856,889,856,868,4526
5016,2006/01/18,884,887,812,845,7257.5
5016,2006/01/19,840,877,836,873,4852
5016,2006/01/20,888,894,873,881,5709.5
5016,2006/01/23,881,894,874,876,3968
5016,2006/01/24,886,887,857,864,3531
5016,2006/01/25,872,891,860,886,4470.5
5016,2006/01/26,880,891,878,886,2517.5
5016,2006/01/27,896,900,874,894,7754
5016,2006/01/30,910,933,904,916,10026.5
5016,2006/01/31,930,974,927,963,10426
5016,2006/02/01,959,982,950,961,6203
5016,2006/02/02,972,979,962,963,3727
5016,2006/02/03,965,995,963,981,6761
5016,2006/02/06,1021,1024,988,1010,7936
5016,2006/02/07,995,1010,982,1008,6030.5
5016,2006/02/08,997,998,944,953,7455
5016,2006/02/09,993,996,955,960,4956
5016,2006/02/10,960,973,926,949,5094.5
5016,2006/02/13,950,950,908,916,5564
5016,2006/02/14,902,942,902,940,4617.5
5016,2006/02/15,940,942,913,916,3655.5
5016,2006/02/16,886,886,851,856,17886
5016,2006/02/17,857,859,843,845,13749.5
5016,2006/02/20,844,856,842,845,6456.5
5016,2006/02/21,865,886,854,886,6244.5
5016,2006/02/22,896,896,858,869,6381.5
5016,2006/02/23,879,884,867,880,4981.5
5016,2006/02/24,880,884,867,880,4076
5016,2006/02/27,900,906,881,895,6589
5016,2006/02/28,884,885,850,871,7980
5016,2006/03/01,860,879,845,869,6834.5
5016,2006/03/02,885,885,856,865,4029.5
5016,2006/03/03,865,871,835,842,4246
5016,2006/03/06,852,854,838,849,2826.5
5016,2006/03/07,839,840,820,823,7103.5
5016,2006/03/08,825,833,812,822,5707
5016,2006/03/09,814,837,809,830,5411
5016,2006/03/10,840,866,832,845,7513.5
5016,2006/03/13,841,853,836,838,3744
5016,2006/03/14,852,867,846,859,4771.5
5016,2006/03/15,865,878,859,862,5486.5
5016,2006/03/16,872,875,847,850,5133
5016,2006/03/17,862,867,846,850,3632
5016,2006/03/20,854,877,854,873,5657
5016,2006/03/22,883,883,870,878,3955.5
5016,2006/03/23,887,895,884,891,4195
5016,2006/03/24,898,905,892,899,4317.5
5016,2006/03/27,929,948,922,942,11228
5016,2006/03/28,937,959,927,956,6383
5016,2006/03/29,955,962,936,956,5388
5016,2006/03/30,968,968,945,967,8141
5016,2006/03/31,990,998,972,993,11948.5
5016,2006/04/03,983,1000,978,993,6789.5
5016,2006/04/04,989,990,977,978,4286
5016,2006/04/05,970,975,928,940,5867.5
5016,2006/04/06,980,1007,976,994,8636
5016,2006/04/07,994,1012,976,1009,7371.5
5016,2006/04/10,992,1029,984,1024,7900
5016,2006/04/11,1084,1109,1055,1097,20205.5
5016,2006/04/12,1089,1092,1064,1078,9426
5016,2006/04/13,1075,1075,1033,1057,7797
5016,2006/04/14,1076,1085,1054,1057,3999.5
5016,2006/04/17,1064,1084,1052,1058,4817
5016,2006/04/18,1097,1127,1081,1119,16059
5016,2006/04/19,1150,1162,1127,1137,13141
5016,2006/04/20,1150,1153,1136,1152,8840.5
5016,2006/04/21,1132,1142,1106,1118,8641.5
5016,2006/04/24,1098,1110,1058,1063,8968.5
5016,2006/04/25,1072,1110,1058,1091,5775
5016,2006/04/26,1089,1089,1050,1065,7079.5
5016,2006/04/27,1066,1085,1062,1064,5603.5
5016,2006/04/28,1071,1073,1033,1053,4463
5016,2006/05/01,1039,1061,1036,1046,4420
5016,2006/05/02,1065,1098,1055,1095,5743
5016,2006/05/08,1115,1118,1087,1111,5696.5
5016,2006/05/09,1094,1096,1067,1067,4459.5
5016,2006/05/10,1087,1117,1077,1086,7071
5016,2006/05/11,1103,1120,1070,1080,7312
5016,2006/05/12,1066,1080,1043,1052,7360
5016,2006/05/15,1032,1085,1032,1080,7871.5
5016,2006/05/16,1070,1070,997,1008,11650.5
5016,2006/05/17,999,1047,998,1047,8643.5
5016,2006/05/18,990,1010,976,993,7235
5016,2006/05/19,985,1040,985,1030,6424.5
5016,2006/05/22,1023,1026,944,948,8679.5
5016,2006/05/23,948,973,926,954,7619
5016,2006/05/24,994,1005,970,989,8777.5
5016,2006/05/25,999,999,962,974,5999.5
5016,2006/05/26,987,1004,974,996,5177
5016,2006/05/29,1023,1033,1000,1005,5264.5
5016,2006/05/30,1020,1027,989,995,4977.5
5016,2006/05/31,988,1001,973,982,6750.5
5016,2006/06/01,979,986,936,941,6399.5
5016,2006/06/02,951,975,928,974,10589.5
5016,2006/06/05,1007,1026,993,1000,6810
5016,2006/06/06,990,995,965,975,4438.5
5016,2006/06/07,965,979,922,930,5228
5016,2006/06/08,900,924,867,875,7891.5
5016,2006/06/09,868,937,865,928,11537.5
5016,2006/06/12,918,942,911,938,3761
5016,2006/06/13,918,924,885,885,5475
5016,2006/06/14,875,885,853,856,6661.5
5016,2006/06/15,906,909,884,897,5360
5016,2006/06/16,947,957,932,951,5090.5
5016,2006/06/19,951,954,930,935,2236
5016,2006/06/20,905,935,894,922,5788
5016,2006/06/21,954,968,935,949,6969
5016,2006/06/22,979,997,976,994,5930.5
5016,2006/06/23,980,987,963,986,3798.5
5016,2006/06/26,976,977,955,967,4486.5
5016,2006/06/27,978,984,963,965,5099.5
5016,2006/06/28,949,953,925,930,8227.5
5016,2006/06/29,895,940,891,923,12201.5
5016,2006/06/30,963,966,947,963,8017.5
5016,2006/07/03,959,980,952,966,4199
5016,2006/07/04,970,976,954,954,3104
5016,2006/07/05,954,966,943,959,3436
5016,2006/07/06,968,980,954,958,5424
5016,2006/07/07,959,959,931,933,3304.5
5016,2006/07/10,918,923,901,921,7197
5016,2006/07/11,914,920,900,900,13883.5
5016,2006/07/12,895,903,894,901,17531
5016,2006/07/13,899,944,897,928,11640
5016,2006/07/14,950,966,940,950,16416
5016,2006/07/18,920,920,896,899,14466.5
5016,2006/07/19,908,916,896,909,5312.5
5016,2006/07/20,925,949,919,937,9467
5016,2006/07/21,920,928,913,924,14742
5016,2006/07/24,925,929,911,929,6783
5016,2006/07/25,930,931,916,929,5793
5016,2006/07/26,920,923,902,908,8876.5
5016,2006/07/27,899,915,899,915,7874.5
5016,2006/07/28,920,937,908,933,5788.5
5016,2006/07/31,950,974,941,970,10640
5016,2006/08/01,960,972,940,949,5821
5016,2006/08/02,940,947,922,944,4895
5016,2006/08/03,945,964,945,954,4600
5016,2006/08/04,954,954,930,937,4403
5016,2006/08/07,930,937,912,915,3569
5016,2006/08/08,925,944,923,940,5172.5
5016,2006/08/09,941,971,938,968,9518
5016,2006/08/10,957,966,948,956,5379
5016,2006/08/11,956,956,925,932,8208
5016,2006/08/14,932,953,925,939,3637.5
5016,2006/08/15,933,934,906,914,7885.5
5016,2006/08/16,915,930,914,927,7697.5
5016,2006/08/17,938,940,929,937,5530.5
5016,2006/08/18,936,936,920,928,6411
5016,2006/08/21,932,934,910,913,6561
5016,2006/08/22,920,932,917,929,6821
5016,2006/08/23,929,940,924,936,5250
5016,2006/08/24,936,936,910,918,4976.5
5016,2006/08/25,918,926,910,911,3798.5
5016,2006/08/28,911,915,902,903,5028.5
5016,2006/08/29,902,904,880,889,6827
5016,2006/08/30,875,878,863,868,8271.5
5016,2006/08/31,852,866,850,860,11120
5016,2006/09/01,859,860,848,854,7271
5016,2006/09/04,878,890,869,873,9663
5016,2006/09/05,876,882,873,876,3150.5
5016,2006/09/06,877,883,857,861,6826
5016,2006/09/07,852,854,840,842,7228.5
5016,2006/09/08,841,870,841,863,8610.5
5016,2006/09/11,871,872,850,853,6522.5
5016,2006/09/12,843,843,815,817,11947.5
5016,2006/09/13,820,828,785,803,11222.5
5016,2006/09/14,814,823,804,820,8980.5
5016,2006/09/15,821,841,815,823,11685.5
5016,2006/09/19,827,836,807,808,5957.5
5016,2006/09/20,788,797,776,788,8333
5016,2006/09/21,790,797,772,778,5608.5
5016,2006/09/22,772,794,765,779,7278.5
5016,2006/09/25,780,781,754,772,6616.5
5016,2006/09/26,763,772,753,759,7146
5016,2006/09/27,775,815,772,809,10458.5
5016,2006/09/28,824,826,812,815,5505.5
5016,2006/09/29,826,836,823,835,6182
5016,2006/10/02,844,847,838,842,4720
5016,2006/10/03,832,835,816,824,3842.5
5016,2006/10/04,804,804,761,778,15467.5
5016,2006/10/05,792,797,765,783,11094
5016,2006/10/06,778,798,776,783,11023
5016,2006/10/10,798,815,796,808,12167
5016,2006/10/11,817,829,802,806,11627
5016,2006/10/12,816,835,814,828,7683
5016,2006/10/13,838,851,830,832,7661
5016,2006/10/16,840,846,840,846,4391
5016,2006/10/17,856,865,853,864,7582
5016,2006/10/18,865,867,842,857,7191.5
5016,2006/10/19,858,863,851,861,3276
5016,2006/10/20,862,870,857,858,4915.5
5016,2006/10/23,849,857,837,855,4103.5
5016,2006/10/24,868,868,848,854,4063.5
5016,2006/10/25,864,870,859,866,4144.5
5016,2006/10/26,883,888,876,880,4397.5
5016,2006/10/27,881,887,878,883,3634.5
5016,2006/10/30,883,886,876,881,4154.5
5016,2006/10/31,891,896,872,874,5598.5
5016,2006/11/01,861,873,857,867,4251.5
5016,2006/11/02,848,864,847,863,3641.5
5016,2006/11/06,865,868,852,857,3233.5
5016,2006/11/07,867,878,864,867,3140.5
5016,2006/11/08,861,862,845,851,4808
5016,2006/11/09,861,863,842,856,2964.5
5016,2006/11/10,847,870,845,855,5650.5
5016,2006/11/13,828,832,813,822,7908.5
5016,2006/11/14,801,807,790,806,14211.5
5016,2006/11/15,809,810,799,807,6232
5016,2006/11/16,803,820,802,807,2876.5
5016,2006/11/17,800,809,793,800,4253.5
5016,2006/11/20,801,808,785,788,6775
5016,2006/11/21,771,782,762,779,7758
5016,2006/11/22,788,798,774,795,6436
5016,2006/11/24,796,801,787,797,5592.5
5016,2006/11/27,798,802,772,791,7737.5
5016,2006/11/28,779,796,778,790,6851.5
5016,2006/11/29,798,825,793,815,10915.5
5016,2006/11/30,843,845,834,845,9122
5016,2006/12/01,845,845,832,838,5443.5
5016,2006/12/04,845,849,838,845,4346.5
5016,2006/12/05,838,841,823,828,6374
5016,2006/12/06,826,841,821,838,5187
5016,2006/12/07,841,841,829,835,4115
5016,2006/12/08,826,848,826,835,7985
5016,2006/12/11,841,841,830,834,3289.5
5016,2006/12/12,844,844,828,834,5708
5016,2006/12/13,834,843,830,843,5300.5
5016,2006/12/14,848,865,846,858,8437
5016,2006/12/15,866,868,859,862,4578.5
5016,2006/12/18,863,869,855,857,3839
5016,2006/12/19,859,859,850,856,2881.5
5016,2006/12/20,856,877,847,873,7679
5016,2006/12/21,872,875,862,867,4329.5
5016,2006/12/22,853,854,838,852,6127
5016,2006/12/25,846,851,844,849,2112.5
5016,2006/12/26,841,863,836,860,4342
5016,2006/12/27,856,856,843,845,3385.5
5016,2006/12/28,848,856,845,853,4034.5
5016,2006/12/29,861,862,855,856,1885.5
5016,2007/01/04,846,848,829,845,5824
5016,2007/01/05,824,824,811,816,8750
5016,2007/01/09,806,821,803,816,6621.5
5016,2007/01/10,823,826,803,808,8388
5016,2007/01/11,814,824,811,815,4857.5
5016,2007/01/12,815,817,802,805,7633
5016,2007/01/15,806,813,806,810,4543
5016,2007/01/16,815,817,809,811,4835
5016,2007/01/17,814,814,803,812,5250.5
5016,2007/01/18,816,824,814,819,7365.5
5016,2007/01/19,824,842,822,836,9448.5
5016,2007/01/22,849,855,845,848,4731
5016,2007/01/23,846,853,842,852,2913.5
5016,2007/01/24,862,875,861,867,6409.5
5016,2007/01/25,870,870,853,859,6250
5016,2007/01/26,847,856,840,856,5083
5016,2007/01/29,862,876,860,867,4565
5016,2007/01/30,866,873,865,866,3106
5016,2007/01/31,866,871,858,867,3377.5
5016,2007/02/01,870,880,858,878,5924
5016,2007/02/02,877,879,864,872,3031
5016,2007/02/05,873,885,871,875,4176
5016,2007/02/06,876,881,871,877,3254.5
5016,2007/02/07,878,889,875,886,4734.5
5016,2007/02/08,881,886,857,869,6481.5
5016,2007/02/09,871,883,869,876,4727
5016,2007/02/13,866,886,866,878,4863.5
5016,2007/02/14,880,918,880,914,13973
5016,2007/02/15,932,939,929,936,12390.5
5016,2007/02/16,928,934,925,931,4423.5
5016,2007/02/19,934,936,928,929,3579
5016,2007/02/20,919,925,914,924,6272
5016,2007/02/21,928,958,927,950,10826.5
5016,2007/02/22,965,1001,965,991,13780.5
5016,2007/02/23,993,1006,971,992,9867.5
5016,2007/02/26,1020,1071,1011,1055,18512
5016,2007/02/27,1075,1080,1028,1043,13965
5016,2007/02/28,963,991,954,991,14030.5
5016,2007/03/01,998,1004,966,984,9407.5
5016,2007/03/02,976,1010,955,992,8898
5016,2007/03/05,965,978,927,932,9822
5016,2007/03/06,922,954,919,947,10204
5016,2007/03/07,960,965,942,944,7774
5016,2007/03/08,947,990,945,987,8095
5016,2007/03/09,997,1010,990,996,12606
5016,2007/03/12,1015,1015,989,999,4830.5
5016,2007/03/13,1009,1013,980,981,6740.5
5016,2007/03/14,954,964,951,959,7221
5016,2007/03/15,972,998,970,990,10497.5
5016,2007/03/16,972,981,960,967,6802
5016,2007/03/19,967,987,966,983,4301
5016,2007/03/20,986,990,975,978,4782
5016,2007/03/22,1008,1012,1002,1006,10181.5
5016,2007/03/23,1010,1026,1006,1014,8884
5016,2007/03/26,1022,1025,1005,1018,3861
5016,2007/03/27,1019,1041,1016,1027,6438.5
5016,2007/03/28,1045,1050,1029,1044,9279.5
5016,2007/03/29,1005,1025,1004,1025,9234.5
5016,2007/03/30,1032,1036,1008,1017,7242
5016,2007/04/02,1024,1035,981,983,8553.5
5016,2007/04/03,998,1010,991,1006,6600
5016,2007/04/04,1008,1012,991,1003,7835.5
5016,2007/04/05,1000,1004,989,992,5706
5016,2007/04/06,990,1005,982,990,4219
5016,2007/04/09,995,998,985,990,3760
5016,2007/04/10,982,994,973,993,5591.5
5016,2007/04/11,993,1002,984,994,5242.5
5016,2007/04/12,1004,1022,1003,1016,7741
5016,2007/04/13,1021,1022,986,992,6647.5
5016,2007/04/16,999,1006,990,997,6550.5
5016,2007/04/17,997,1002,977,988,5628.5
5016,2007/04/18,987,993,976,988,4921
5016,2007/04/19,988,998,972,980,5459.5
5016,2007/04/20,977,985,968,973,3405
5016,2007/04/23,980,984,966,970,3784.5
5016,2007/04/24,971,993,968,980,5330
5016,2007/04/25,951,973,947,969,6652
5016,2007/04/26,971,988,968,974,6593.5
5016,2007/04/27,969,975,958,968,5033
5016,2007/05/01,968,972,960,970,4162
5016,2007/05/02,969,995,967,993,5479.5
5016,2007/05/07,1005,1012,997,1004,6334
5016,2007/05/08,1009,1030,1007,1018,6582
5016,2007/05/09,1007,1025,1003,1022,4397.5
5016,2007/05/10,1030,1036,1003,1005,5612.5
5016,2007/05/11,1006,1006,992,1002,3545
5016,2007/05/14,1010,1031,1009,1013,4614.5
5016,2007/05/15,1007,1023,987,1015,5851
5016,2007/05/16,1024,1040,1010,1033,7470
5016,2007/05/17,1034,1041,1017,1023,5521.5
5016,2007/05/18,1029,1030,1003,1010,3436.5
5016,2007/05/21,1007,1031,1003,1023,3001.5
5016,2007/05/22,1031,1040,1027,1038,5304
5016,2007/05/23,1034,1037,1020,1026,4429.5
5016,2007/05/24,1040,1075,1037,1055,13302.5
5016,2007/05/25,1030,1039,1017,1039,8006.5
5016,2007/05/28,1050,1062,1040,1054,4143
5016,2007/05/29,1045,1058,1039,1055,2505
5016,2007/05/30,1057,1070,1044,1049,4119.5
5016,2007/05/31,1065,1079,1056,1070,5532
5016,2007/06/01,1082,1105,1080,1099,7460
5016,2007/06/04,1120,1129,1108,1114,5557
5016,2007/06/05,1130,1146,1124,1141,8339.5
5016,2007/06/06,1138,1175,1130,1164,8136
5016,2007/06/07,1144,1154,1128,1145,6187.5
5016,2007/06/08,1120,1125,1100,1125,9673
5016,2007/06/11,1145,1145,1110,1129,4837
5016,2007/06/12,1145,1150,1127,1143,4581
5016,2007/06/13,1123,1133,1110,1119,5031.5
5016,2007/06/14,1146,1190,1144,1186,13227.5
5016,2007/06/15,1185,1200,1157,1171,8354.5
5016,2007/06/18,1174,1184,1163,1177,3776
5016,2007/06/19,1190,1198,1172,1182,3381.5
5016,2007/06/20,1199,1212,1187,1187,7112
5016,2007/06/21,1167,1178,1157,1175,5046.5
5016,2007/06/22,1164,1177,1162,1173,3179
5016,2007/06/25,1160,1175,1156,1158,3098.5
5016,2007/06/26,1146,1167,1134,1164,4832.5
5016,2007/06/27,1190,1190,1160,1167,6503
5016,2007/06/28,1190,1202,1183,1186,7333
5016,2007/06/29,1194,1200,1174,1182,5553
5016,2007/07/02,1187,1195,1170,1173,4837
5016,2007/07/03,1201,1208,1191,1208,6739
5016,2007/07/04,1200,1201,1180,1187,3185.5
5016,2007/07/05,1185,1199,1182,1195,2554
5016,2007/07/06,1200,1206,1183,1187,3788.5
5016,2007/07/09,1209,1237,1206,1232,6043.5
5016,2007/07/10,1236,1258,1230,1253,6319.5
5016,2007/07/11,1250,1250,1223,1237,5044.5
5016,2007/07/12,1240,1258,1213,1224,4395.5
5016,2007/07/13,1230,1249,1222,1231,6071.5
5016,2007/07/17,1233,1257,1230,1254,6389
5016,2007/07/18,1256,1256,1226,1246,4639
5016,2007/07/19,1260,1286,1249,1257,6250
5016,2007/07/20,1262,1274,1254,1263,3754
5016,2007/07/23,1280,1284,1261,1277,4184
5016,2007/07/24,1283,1285,1271,1275,4484
5016,2007/07/25,1250,1259,1233,1239,5881
5016,2007/07/26,1247,1260,1230,1231,3783.5
5016,2007/07/27,1191,1199,1175,1181,6098
5016,2007/07/30,1194,1211,1181,1197,5527.5
5016,2007/07/31,1197,1210,1186,1207,4665.5
5016,2007/08/01,1223,1225,1177,1178,4496
5016,2007/08/02,1201,1214,1151,1173,5058.5
5016,2007/08/03,1165,1173,1143,1153,5541
5016,2007/08/06,1113,1129,1101,1121,5262
5016,2007/08/07,1120,1120,1066,1072,6103.5
5016,2007/08/08,1070,1074,999,1024,10735
5016,2007/08/09,1044,1049,977,989,14790.5
5016,2007/08/10,960,961,900,919,16102.5
5016,2007/08/13,969,1006,961,975,13822
5016,2007/08/14,989,1031,988,1026,10370.5
5016,2007/08/15,997,1011,983,995,5096.5
5016,2007/08/16,985,992,936,964,7926
5016,2007/08/17,928,950,864,864,11276.5
5016,2007/08/20,941,944,909,912,7625
5016,2007/08/21,911,938,889,925,5517.5
5016,2007/08/22,922,935,905,933,4518.5
5016,2007/08/23,963,984,956,968,5145.5
5016,2007/08/24,978,978,944,948,3921.5
5016,2007/08/27,970,975,938,948,4198
5016,2007/08/28,959,972,951,962,5066
5016,2007/08/29,963,971,942,961,6732
5016,2007/08/30,980,1015,972,1007,9313
5016,2007/08/31,1027,1048,1015,1047,5528.5
5016,2007/09/03,1058,1068,1040,1057,3461
5016,2007/09/04,1027,1033,1011,1012,5730.5
5016,2007/09/05,1018,1030,1007,1008,4148.5
5016,2007/09/06,988,1037,986,1037,5395
5016,2007/09/07,1037,1042,1017,1025,4142.5
5016,2007/09/10,1014,1034,993,1021,4599
5016,2007/09/11,1021,1031,996,1025,5598.5
5016,2007/09/12,1035,1057,1021,1024,5348
5016,2007/09/13,1055,1083,1054,1067,7987
5016,2007/09/14,1099,1100,1085,1088,11736.5
5016,2007/09/18,1089,1114,1075,1085,6161.5
5016,2007/09/19,1125,1127,1101,1117,3916
5016,2007/09/20,1124,1140,1108,1124,5098
5016,2007/09/21,1113,1185,1113,1183,7289.5
5016,2007/09/25,1136,1156,1126,1144,6780
5016,2007/09/26,1124,1142,1115,1141,3646.5
5016,2007/09/27,1157,1163,1140,1153,3791.5
5016,2007/09/28,1140,1158,1137,1154,3410
5016,2007/10/01,1145,1159,1135,1148,3624.5
5016,2007/10/02,1168,1169,1140,1146,3806.5
5016,2007/10/03,1126,1153,1125,1149,4230.5
5016,2007/10/04,1139,1156,1132,1145,3922.5
5016,2007/10/05,1140,1162,1136,1157,4143.5
5016,2007/10/09,1145,1159,1142,1153,2993.5
5016,2007/10/10,1176,1185,1171,1177,3334
5016,2007/10/11,1184,1208,1170,1203,4758
5016,2007/10/12,1184,1203,1166,1177,6057.5
5016,2007/10/15,1208,1219,1188,1196,6287
5016,2007/10/16,1210,1229,1204,1215,6155
5016,2007/10/17,1213,1215,1161,1179,6141.5
5016,2007/10/18,1178,1182,1170,1177,6479.5
5016,2007/10/19,1164,1164,1127,1131,6795
5016,2007/10/22,1051,1095,1051,1090,4092.5
5016,2007/10/23,1080,1088,1050,1056,5077.5
5016,2007/10/24,1058,1080,1058,1065,5260
5016,2007/10/25,1065,1071,1034,1042,4843.5
5016,2007/10/26,1080,1089,1059,1086,4634.5
5016,2007/10/29,1100,1119,1099,1117,4666.5
5016,2007/10/30,1121,1124,1105,1120,5303.5
5016,2007/10/31,1080,1087,1065,1078,4267.5
5016,2007/11/01,1085,1123,1085,1120,4604.5
5016,2007/11/02,1103,1115,1095,1102,3358.5
5016,2007/11/05,1103,1103,1058,1064,3213
5016,2007/11/06,1052,1084,1051,1070,3602
5016,2007/11/07,1090,1098,1055,1062,3415.5
5016,2007/11/08,952,952,901,914,15294.5
5016,2007/11/09,894,910,885,897,10188.5
5016,2007/11/12,887,894,868,888,9140.5
5016,2007/11/13,866,866,830,841,7917
5016,2007/11/14,857,880,855,878,8783.5
5016,2007/11/15,890,906,878,895,6644.5
5016,2007/11/16,861,861,842,854,5449.5
5016,2007/11/19,844,858,801,804,6735
5016,2007/11/20,784,819,769,816,9331
5016,2007/11/21,801,805,777,783,7815
5016,2007/11/22,773,825,773,808,7436.5
5016,2007/11/26,839,859,830,840,8394
5016,2007/11/27,800,824,792,812,8136.5
5016,2007/11/28,792,804,779,779,8752.5
5016,2007/11/29,789,809,785,807,7946
5016,2007/11/30,800,837,800,816,10027.5
5016,2007/12/03,822,828,801,808,6619.5
5016,2007/12/04,808,811,766,766,10943
5016,2007/12/05,753,772,752,765,7402
5016,2007/12/06,771,777,763,777,5717.5
5016,2007/12/07,778,799,775,791,8553
5016,2007/12/10,781,784,770,784,8696.5
5016,2007/12/11,780,786,770,774,7063
5016,2007/12/12,771,794,767,789,7430
5016,2007/12/13,789,792,766,770,8985.5
5016,2007/12/14,778,779,747,748,10641
5016,2007/12/17,730,747,722,728,8092
5016,2007/12/18,708,725,698,713,10222
5016,2007/12/19,707,718,690,690,8885
5016,2007/12/20,704,711,692,695,5101.5
5016,2007/12/21,700,714,696,714,7130.5
5016,2007/12/25,728,731,722,729,3576
5016,2007/12/26,735,744,726,740,3043.5
5016,2007/12/27,743,745,725,725,2554.5
5016,2007/12/28,724,725,706,716,2634
5016,2008/01/04,726,727,665,673,4731.5
5016,2008/01/07,658,678,651,664,7044.5
5016,2008/01/08,650,692,650,690,8842.5
5016,2008/01/09,690,716,680,714,7047.5
5016,2008/01/10,713,717,690,690,6721.5
5016,2008/01/11,701,708,683,689,8781
5016,2008/01/15,679,685,636,638,8430
5016,2008/01/16,610,640,604,611,8829.5
5016,2008/01/17,602,630,598,625,10598.5
5016,2008/01/18,604,650,593,643,8154.5
5016,2008/01/21,620,625,594,597,7228.5
5016,2008/01/22,589,589,550,554,7770
5016,2008/01/23,584,593,573,584,6883.5
5016,2008/01/24,574,606,574,600,6277
5016,2008/01/25,610,651,610,646,8176
5016,2008/01/28,626,637,595,600,6952
5016,2008/01/29,610,627,608,621,5226
5016,2008/01/30,611,618,592,608,6740.5
5016,2008/01/31,609,627,585,626,6975.5
5016,2008/02/01,619,652,617,644,8142
5016,2008/02/04,644,663,636,648,5400
5016,2008/02/05,652,677,635,654,6349
5016,2008/02/06,624,629,595,596,8466
5016,2008/02/07,586,603,566,591,8224
5016,2008/02/08,582,593,565,571,7643.5
5016,2008/02/12,554,557,540,544,7338
5016,2008/02/13,554,574,552,557,6896.5
5016,2008/02/14,591,606,587,605,8844.5
5016,2008/02/15,589,615,583,615,6109
5016,2008/02/18,612,642,611,629,7513
5016,2008/02/19,641,641,611,633,7397.5
5016,2008/02/20,653,655,629,632,10563.5
5016,2008/02/21,653,675,650,668,10060.5
5016,2008/02/22,653,666,646,658,9466
5016,2008/02/25,665,668,650,661,9754.5
5016,2008/02/26,668,675,653,655,5020.5
5016,2008/02/27,673,673,657,666,4505
5016,2008/02/28,653,674,653,666,4259.5
5016,2008/02/29,650,655,625,630,8251.5
5016,2008/03/03,594,603,591,592,6012
5016,2008/03/04,597,598,573,585,6438
5016,2008/03/05,586,612,578,612,10346
5016,2008/03/06,613,642,613,623,8992
5016,2008/03/07,603,614,599,601,6567.5
5016,2008/03/10,566,585,547,548,9833.5
5016,2008/03/11,528,573,528,563,8721
5016,2008/03/12,583,587,553,561,7367.5
5016,2008/03/13,569,578,551,559,6877.5
5016,2008/03/14,579,579,532,543,12509
5016,2008/03/17,528,529,511,515,6850
5016,2008/03/18,518,524,498,505,7633.5
5016,2008/03/19,531,535,518,535,7987
5016,2008/03/21,520,523,509,518,7244
5016,2008/03/24,521,543,517,532,4992.5
5016,2008/03/25,542,549,525,548,6016.5
5016,2008/03/26,543,555,542,549,4098
5016,2008/03/27,556,563,529,541,4876.5
5016,2008/03/28,545,558,531,544,4952
5016,2008/03/31,540,548,519,528,5496
5016,2008/04/01,535,555,526,548,6320.5
5016,2008/04/02,562,570,558,570,5002
5016,2008/04/03,565,582,565,582,5289
5016,2008/04/04,583,584,569,574,5610.5
5016,2008/04/07,582,630,579,625,8345
5016,2008/04/08,615,648,615,627,9319.5
5016,2008/04/09,629,640,602,607,6356.5
5016,2008/04/10,606,609,582,588,6218
5016,2008/04/11,590,616,586,615,4400
5016,2008/04/14,590,599,587,594,3225.5
5016,2008/04/15,597,616,593,612,4405
5016,2008/04/16,622,629,616,619,4484.5
5016,2008/04/17,631,634,623,630,3648
5016,2008/04/18,630,640,625,640,3346
5016,2008/04/21,650,653,638,643,3819
5016,2008/04/22,659,662,634,639,6745.5
5016,2008/04/23,649,683,648,674,10791
5016,2008/04/24,675,681,654,654,5861.5
5016,2008/04/25,651,674,651,659,5569.5
5016,2008/04/28,660,673,648,661,5988
5016,2008/04/30,641,653,639,643,6918
5016,2008/05/01,623,637,609,618,8754
5016,2008/05/02,628,632,619,626,4688.5
5016,2008/05/07,648,675,647,671,8033.5
5016,2008/05/08,666,689,661,662,5097.5
5016,2008/05/09,672,677,649,649,5391.5
5016,2008/05/12,647,665,643,653,3055.5
5016,2008/05/13,663,669,645,662,4003
5016,2008/05/14,663,691,662,690,7972.5
5016,2008/05/15,691,717,689,705,6654
5016,2008/05/16,725,728,711,717,6248
5016,2008/05/19,721,731,718,722,4581.5
5016,2008/05/20,716,722,704,712,4666.5
5016,2008/05/21,702,720,687,691,8874.5
5016,2008/05/22,701,728,693,720,11612.5
5016,2008/05/23,717,724,697,698,6998
5016,2008/05/26,693,696,670,673,5766.5
5016,2008/05/27,683,687,673,683,3249.5
5016,2008/05/28,673,677,648,651,5304
5016,2008/05/29,659,665,636,650,10918
5016,2008/05/30,653,669,648,660,10353.5
5016,2008/06/02,661,665,645,663,8675.5
5016,2008/06/03,645,653,637,644,8307.5
5016,2008/06/04,640,652,636,649,6159.5
5016,2008/06/05,645,650,632,638,6312.5
5016,2008/06/06,655,662,644,654,8589
5016,2008/06/09,657,665,645,653,6496
5016,2008/06/10,663,672,656,658,6891.5
5016,2008/06/11,678,688,669,679,9464.5
5016,2008/06/12,669,675,654,656,6853
5016,2008/06/13,663,673,658,666,9136
5016,2008/06/16,673,674,659,668,3557.5
5016,2008/06/17,672,685,665,680,4990.5
5016,2008/06/18,681,695,676,682,6876.5
5016,2008/06/19,677,684,661,665,4492.5
5016,2008/06/20,675,679,661,665,4253
5016,2008/06/23,666,672,650,660,4239.5
5016,2008/06/24,664,678,656,662,3384.5
5016,2008/06/25,666,670,651,668,4200.5
5016,2008/06/26,658,668,652,655,5340
5016,2008/06/27,635,648,633,642,4683
5016,2008/06/30,654,675,651,665,6954
5016,2008/07/01,675,699,668,681,8791
5016,2008/07/02,665,674,654,661,6038.5
5016,2008/07/03,662,668,641,647,8186
5016,2008/07/04,652,652,636,649,5315
5016,2008/07/07,640,663,640,657,5411.5
5016,2008/07/08,644,646,628,630,5497
5016,2008/07/09,640,655,622,626,8303
5016,2008/07/10,622,622,606,615,8708
5016,2008/07/11,625,630,611,622,5091
5016,2008/07/14,618,632,618,626,5153.5
5016,2008/07/15,616,617,597,603,6044
5016,2008/07/16,602,612,591,598,7220.5
5016,2008/07/17,595,600,585,593,5330
5016,2008/07/18,599,613,587,591,5768
5016,2008/07/22,610,626,605,626,5686.5
5016,2008/07/23,640,652,629,632,6343
5016,2008/07/24,633,635,619,629,5045.5
5016,2008/07/25,631,640,615,617,4098.5
5016,2008/07/28,621,633,618,631,3414.5
5016,2008/07/29,621,623,610,620,3140.5
5016,2008/07/30,621,629,618,629,3034.5
5016,2008/07/31,652,667,640,654,11361.5
5016,2008/08/01,629,630,616,626,10291
5016,2008/08/04,630,639,614,617,7821
5016,2008/08/05,611,616,605,612,7031
5016,2008/08/06,622,624,610,621,6888.5
5016,2008/08/07,622,627,615,623,3534
5016,2008/08/08,613,635,608,628,5905
5016,2008/08/11,633,639,631,633,2875
5016,2008/08/12,621,623,611,614,6472.5
5016,2008/08/13,601,603,589,591,5014
5016,2008/08/14,582,593,573,583,7704.5
5016,2008/08/15,593,593,569,585,4157
5016,2008/08/18,592,615,589,604,5231
5016,2008/08/19,575,587,569,574,5298
5016,2008/08/20,574,581,568,579,5220.5
5016,2008/08/21,589,590,576,587,5143
5016,2008/08/22,595,596,576,583,4374.5
5016,2008/08/25,586,591,576,582,3525
5016,2008/08/26,575,575,563,574,3596.5
5016,2008/08/27,584,590,573,583,3506.5
5016,2008/08/28,593,598,588,595,5743.5
5016,2008/08/29,613,625,605,615,5921.5
5016,2008/09/01,595,599,587,588,4348.5
5016,2008/09/02,584,585,552,558,5594
5016,2008/09/03,552,562,536,541,7042
5016,2008/09/04,541,542,521,523,6502.5
5016,2008/09/05,507,513,496,506,7319.5
5016,2008/09/08,511,537,511,530,5401
5016,2008/09/09,531,532,502,503,4396.5
5016,2008/09/10,494,498,486,496,6553
5016,2008/09/11,486,494,473,476,5518.5
5016,2008/09/12,481,495,471,494,6769.5
5016,2008/09/16,471,480,457,459,7209.5
5016,2008/09/17,461,463,446,449,7959.5
5016,2008/09/18,440,447,430,444,8225
5016,2008/09/19,464,494,462,476,8983.5
5016,2008/09/22,523,525,513,515,7861.5
5016,2008/09/24,480,504,474,504,7248.5
5016,2008/09/25,495,495,474,482,5821
5016,2008/09/26,492,492,459,472,6308
5016,2008/09/29,478,478,449,455,5949
5016,2008/09/30,420,427,414,419,9078
5016,2008/10/01,428,429,413,422,8201
5016,2008/10/02,419,422,391,398,7394.5
5016,2008/10/03,388,393,372,374,7694
5016,2008/10/06,369,369,344,348,9903
5016,2008/10/07,321,338,312,333,11865.5
5016,2008/10/08,323,324,292,297,9112.5
5016,2008/10/09,302,317,297,301,10234
5016,2008/10/10,256,284,256,280,9279
5016,2008/10/14,345,345,321,325,8134.5
5016,2008/10/15,321,323,303,319,7593.5
5016,2008/10/16,274,285,269,269,9030
5016,2008/10/17,278,284,263,275,7295.5
5016,2008/10/20,281,295,275,292,8294
5016,2008/10/21,322,328,317,326,8463.5
5016,2008/10/22,316,321,298,298,10152
5016,2008/10/23,282,295,277,292,11639
5016,2008/10/24,287,287,259,262,11643
5016,2008/10/27,257,274,237,244,11961
5016,2008/10/28,235,248,222,244,12186
5016,2008/10/29,284,284,258,281,8431.5
5016,2008/10/30,284,319,271,310,11186.5
5016,2008/10/31,307,318,289,289,8266.5
5016,2008/11/04,309,314,300,306,6610
5016,2008/11/05,320,327,311,320,9248.5
5016,2008/11/06,304,309,293,293,6355.5
5016,2008/11/07,263,279,255,272,9515
5016,2008/11/10,287,290,280,286,5548
5016,2008/11/11,280,292,272,283,6928
5016,2008/11/12,264,267,255,256,8205.5
5016,2008/11/13,248,257,245,250,5343
5016,2008/11/14,272,275,255,258,6676
5016,2008/11/17,253,263,246,254,5559.5
5016,2008/11/18,247,259,247,254,4711.5
5016,2008/11/19,254,256,245,247,5104.5
5016,2008/11/20,240,242,225,225,5698
5016,2008/11/21,211,243,211,242,5553.5
5016,2008/11/25,262,262,247,257,6244.5
5016,2008/11/26,242,259,241,256,4750.5
5016,2008/11/27,256,268,256,258,4827
5016,2008/11/28,268,288,264,281,9173
5016,2008/12/01,282,286,275,278,4927
5016,2008/12/02,254,265,254,255,5092
5016,2008/12/03,256,262,250,256,5291
5016,2008/12/04,281,297,275,285,27705
5016,2008/12/05,284,299,277,289,13420.5
5016,2008/12/08,278,296,272,294,8233
5016,2008/12/09,304,314,303,311,9287
5016,2008/12/10,314,335,309,331,6359
5016,2008/12/11,321,340,318,335,7569
5016,2008/12/12,336,362,332,346,17780.5
5016,2008/12/15,361,413,360,380,14487
5016,2008/12/16,375,388,358,381,11676.5
5016,2008/12/17,390,395,358,378,10150
5016,2008/12/18,366,391,366,385,8869
5016,2008/12/19,380,385,371,374,5689.5
5016,2008/12/22,359,366,346,361,6980.5
5016,2008/12/24,356,360,345,348,6171.5
5016,2008/12/25,347,363,344,363,3026.5
5016,2008/12/26,365,373,359,372,2376
5016,2008/12/29,382,388,375,382,3894
5016,2008/12/30,387,391,378,378,2301
5016,2009/01/05,389,393,385,392,2474.5
5016,2009/01/06,397,398,385,392,4767
5016,2009/01/07,387,409,387,398,5967.5
5016,2009/01/08,373,386,373,374,4950.5
5016,2009/01/09,371,373,355,360,8062
5016,2009/01/13,343,350,339,340,3947
5016,2009/01/14,345,357,344,347,4704.5
5016,2009/01/15,337,343,331,331,5210.5
5016,2009/01/16,334,337,324,333,4988.5
5016,2009/01/19,338,339,325,328,4531
5016,2009/01/20,326,328,317,327,3239
5016,2009/01/21,317,323,315,317,3924
5016,2009/01/22,326,326,304,319,4906
5016,2009/01/23,323,324,300,303,3926
5016,2009/01/26,299,313,295,307,4078.5
5016,2009/01/27,312,337,305,333,6963.5
5016,2009/01/28,328,347,322,341,5114
5016,2009/01/29,347,350,334,343,6178.5
5016,2009/01/30,338,344,329,336,6921.5
5016,2009/02/02,331,355,327,340,7866
5016,2009/02/03,345,370,345,359,9540.5
5016,2009/02/04,368,380,360,375,8475.5
5016,2009/02/05,370,397,365,386,8837
5016,2009/02/06,386,396,377,384,7014.5
5016,2009/02/09,389,399,379,379,6964.5
5016,2009/02/10,389,389,374,376,4118.5
5016,2009/02/12,381,400,376,392,8112.5
5016,2009/02/13,396,409,389,401,8338.5
5016,2009/02/16,398,414,395,409,5860.5
5016,2009/02/17,399,402,388,389,5063
5016,2009/02/18,375,381,365,372,8358
5016,2009/02/19,367,368,346,353,11857.5
5016,2009/02/20,358,361,351,356,6527.5
5016,2009/02/23,346,362,338,361,5834
5016,2009/02/24,346,349,340,342,8393
5016,2009/02/25,352,357,345,357,7061
5016,2009/02/26,347,365,346,349,7753.5
5016,2009/02/27,347,350,341,346,8960
5016,2009/03/02,326,335,318,334,9308.5
5016,2009/03/03,314,326,312,320,9949.5
5016,2009/03/04,311,341,310,332,9987.5
5016,2009/03/05,339,355,339,341,11253
5016,2009/03/06,321,331,315,325,12283
5016,2009/03/09,328,343,327,336,11213.5
5016,2009/03/10,337,344,328,337,8291
5016,2009/03/11,350,357,345,353,8496
5016,2009/03/12,343,344,327,330,6514.5
5016,2009/03/13,336,343,332,340,14972
5016,2009/03/16,330,344,330,340,9515.5
5016,2009/03/17,346,356,341,353,6755
5016,2009/03/18,368,373,357,359,9152
5016,2009/03/19,368,374,361,366,5383.5
5016,2009/03/23,371,396,370,393,8730
5016,2009/03/24,402,412,392,397,8469.5
5016,2009/03/25,400,418,396,411,8904
5016,2009/03/26,400,431,400,422,9474
5016,2009/03/27,436,452,429,437,8912
5016,2009/03/30,429,429,388,390,9804
5016,2009/03/31,385,397,374,390,9389
5016,2009/04/01,405,408,394,403,9374
5016,2009/04/02,413,425,406,424,8796.5
5016,2009/04/03,434,444,431,436,8345.5
5016,2009/04/06,446,449,428,429,6784.5
5016,2009/04/07,431,434,415,427,6484.5
5016,2009/04/08,418,418,402,408,5636.5
5016,2009/04/09,420,422,413,417,5538
5016,2009/04/10,450,454,436,446,9253.5
5016,2009/04/13,450,474,449,465,6759.5
5016,2009/04/14,462,478,451,468,7978
5016,2009/04/15,458,463,447,454,5001.5
5016,2009/04/16,465,485,460,462,11567.5
5016,2009/04/17,472,483,456,464,6037.5
5016,2009/04/20,464,476,457,470,3543.5
5016,2009/04/21,455,466,452,458,7713.5
5016,2009/04/22,473,482,465,469,6843.5
5016,2009/04/23,475,476,455,459,6625.5
5016,2009/04/24,456,471,452,460,5052.5
5016,2009/04/27,455,471,440,462,5580
5016,2009/04/28,462,470,434,435,6068.5
5016,2009/04/30,455,456,433,448,8554.5
5016,2009/05/01,453,484,444,476,8593
5016,2009/05/07,500,521,500,509,10585.5
5016,2009/05/08,516,531,505,530,7611.5
5016,2009/05/11,529,547,529,536,5828
5016,2009/05/12,518,528,508,511,9672
5016,2009/05/13,526,528,509,510,7867
5016,2009/05/14,509,509,496,503,5509
5016,2009/05/15,504,520,500,516,6218.5
5016,2009/05/18,501,506,494,501,5061
5016,2009/05/19,515,529,514,526,5658
5016,2009/05/20,547,568,545,562,12497.5
5016,2009/05/21,565,577,549,562,13128
5016,2009/05/22,552,563,551,561,9556.5
5016,2009/05/25,553,561,537,542,9512
5016,2009/05/26,548,550,538,547,8220
5016,2009/05/27,550,553,523,525,13081
5016,2009/05/28,528,534,519,523,8577
5016,2009/05/29,529,547,527,540,10232
5016,2009/06/01,550,560,547,558,10473.5
5016,2009/06/02,563,563,541,542,10606
5016,2009/06/03,556,574,551,569,14848
5016,2009/06/04,559,574,552,569,10025
5016,2009/06/05,579,589,567,572,9246.5
5016,2009/06/08,571,581,567,570,6110.5
5016,2009/06/09,570,571,549,552,7407
5016,2009/06/10,565,581,563,578,7806
5016,2009/06/11,580,589,563,565,6348.5
5016,2009/06/12,579,581,563,577,9938.5
5016,2009/06/15,573,574,561,562,3842.5
5016,2009/06/16,538,540,516,519,9194.5
5016,2009/06/17,516,533,515,531,6090.5
5016,2009/06/18,518,520,489,495,10681.5
5016,2009/06/19,500,507,487,493,10732.5
5016,2009/06/22,490,500,484,495,10955
5016,2009/06/23,475,478,459,473,11101.5
5016,2009/06/24,470,493,470,479,10541.5
5016,2009/06/25,484,497,480,492,7131
5016,2009/06/26,509,513,504,507,7402
5016,2009/06/29,501,506,482,486,7463
5016,2009/06/30,500,503,493,502,6445.5
5016,2009/07/01,497,506,492,493,4949
5016,2009/07/02,493,494,476,482,6299.5
5016,2009/07/03,468,479,466,476,4971
5016,2009/07/06,470,471,460,462,3896
5016,2009/07/07,457,460,445,457,6984
5016,2009/07/08,442,444,430,436,8234.5
5016,2009/07/09,426,439,423,427,7634
5016,2009/07/10,433,438,420,423,6024.5
5016,2009/07/13,418,425,407,410,6368.5
5016,2009/07/14,421,435,418,432,8788
5016,2009/07/15,442,453,440,443,7645
5016,2009/07/16,459,463,451,453,5226
5016,2009/07/17,457,459,447,455,4125.5
5016,2009/07/21,477,479,471,477,5247
5016,2009/07/22,480,487,476,481,4948.5
5016,2009/07/23,476,483,464,475,5043.5
5016,2009/07/24,485,488,475,485,3859
5016,2009/07/27,490,493,481,483,4404.5
5016,2009/07/28,486,490,482,486,2940.5
5016,2009/07/29,476,485,476,478,3687
5016,2009/07/30,468,470,457,466,4987
5016,2009/07/31,461,464,450,450,7971.5
5016,2009/08/03,461,470,460,466,4111
5016,2009/08/04,486,489,478,478,5247.5
5016,2009/08/05,482,483,470,472,3311
5016,2009/08/06,477,490,474,487,5833
5016,2009/08/07,488,488,479,486,3400
5016,2009/08/10,500,502,489,494,4228
5016,2009/08/11,498,499,493,499,2946
5016,2009/08/12,489,490,481,483,4252.5
5016,2009/08/13,490,502,487,500,3428
5016,2009/08/14,506,508,500,501,4278.5
5016,2009/08/17,486,488,480,482,3854.5
5016,2009/08/18,472,487,470,480,4497.5
5016,2009/08/19,481,482,469,470,3908
5016,2009/08/20,480,488,479,483,5308
5016,2009/08/21,486,490,473,479,5286.5
5016,2009/08/24,490,494,487,491,3158
5016,2009/08/25,481,491,480,488,3875.5
5016,2009/08/26,491,493,482,491,3503
5016,2009/08/27,483,485,470,477,5585.5
5016,2009/08/28,480,481,467,470,6156
5016,2009/08/31,475,478,461,464,4823
5016,2009/09/01,460,471,460,469,3085.5
5016,2009/09/02,465,466,454,456,4060.5
5016,2009/09/03,457,458,450,455,3282.5
5016,2009/09/04,461,472,458,461,7058
5016,2009/09/07,466,478,464,476,4230
5016,2009/09/08,479,479,474,477,3192.5
5016,2009/09/09,472,477,469,477,4037
5016,2009/09/10,477,482,474,481,3979.5
5016,2009/09/11,485,486,474,479,8100.5
5016,2009/09/14,474,474,464,469,4402.5
5016,2009/09/15,470,470,461,463,2662
5016,2009/09/16,468,484,467,476,5885
5016,2009/09/17,484,484,479,484,3190.5
5016,2009/09/18,475,482,472,477,4001.5
5016,2009/09/24,476,479,471,474,5668
5016,2009/09/25,457,458,450,453,4679.5
5016,2009/09/28,438,438,429,436,6473
5016,2009/09/29,436,448,433,446,6135
5016,2009/09/30,448,448,435,442,4749
5016,2009/10/01,446,446,434,441,3275.5
5016,2009/10/02,421,428,419,427,4493
5016,2009/10/05,427,427,415,419,3180.5
5016,2009/10/06,420,423,415,421,2919
5016,2009/10/07,431,441,427,438,5168
5016,2009/10/08,439,439,431,436,4199
5016,2009/10/09,438,442,431,436,5632
5016,2009/10/13,444,451,439,439,4567
5016,2009/10/14,440,441,430,436,4170
5016,2009/10/15,441,444,435,438,4951
5016,2009/10/16,443,448,438,439,4139
5016,2009/10/19,440,442,436,440,2512.5
5016,2009/10/20,437,447,437,445,2671.5
5016,2009/10/21,440,450,438,446,4581
5016,2009/10/22,441,444,426,433,4913
5016,2009/10/23,432,437,425,430,5177.5
5016,2009/10/26,431,432,424,432,3952.5
5016,2009/10/27,429,432,411,416,5648
5016,2009/10/28,411,412,405,408,3571.5
5016,2009/10/29,383,395,381,394,9099.5
5016,2009/10/30,401,415,395,415,8763.5
5016,2009/11/02,395,396,390,390,6555
5016,2009/11/04,395,405,394,400,7982.5
5016,2009/11/05,392,395,389,389,4849.5
5016,2009/11/06,392,394,382,383,5133
5016,2009/11/09,387,387,375,376,4904.5
5016,2009/11/10,380,384,374,375,6374.5
5016,2009/11/11,370,370,361,361,6041.5
5016,2009/11/12,369,372,365,371,7168
5016,2009/11/13,366,370,363,366,5598
5016,2009/11/16,361,364,353,355,3391.5
5016,2009/11/17,359,363,351,353,3353
5016,2009/11/18,351,351,338,344,4513
5016,2009/11/19,340,346,335,344,5627
5016,2009/11/20,334,345,334,344,5444.5
5016,2009/11/24,346,350,334,335,5208.5
5016,2009/11/25,331,334,330,333,3830.5
5016,2009/11/26,335,340,331,336,5041.5
5016,2009/11/27,331,333,324,325,5089
5016,2009/11/30,327,339,325,339,5357
5016,2009/12/01,339,349,331,347,8238
5016,2009/12/02,347,357,341,344,6467.5
5016,2009/12/03,356,359,347,357,6288
5016,2009/12/04,354,357,350,353,4990.5
5016,2009/12/07,362,367,358,365,6026.5
5016,2009/12/08,368,369,354,357,4178.5
5016,2009/12/09,352,353,344,344,4421.5
5016,2009/12/10,342,347,335,339,4199.5
5016,2009/12/11,344,345,338,341,6590.5
5016,2009/12/14,343,347,337,342,4348.5
5016,2009/12/15,338,341,336,337,3807.5
5016,2009/12/16,339,343,337,340,5798.5
5016,2009/12/17,343,361,341,358,10689.5
5016,2009/12/18,355,370,355,367,9615
5016,2009/12/21,372,386,371,378,11273
5016,2009/12/22,380,388,380,385,5389.5
5016,2009/12/24,383,392,381,383,8083.5
5016,2009/12/25,385,390,377,387,3837.5
5016,2009/12/28,395,408,392,408,8118.5
5016,2009/12/29,404,415,402,408,10004
5016,2009/12/30,411,411,397,397,5279.5
5016,2010/01/04,405,407,400,400,2820.5
5016,2010/01/05,410,429,410,429,10469.5
5016,2010/01/06,430,430,421,429,6016.5
5016,2010/01/07,426,433,423,424,5167
5016,2010/01/08,432,432,410,415,9453
5016,2010/01/12,413,423,411,423,6436.5
5016,2010/01/13,416,421,414,415,4060
5016,2010/01/14,415,420,413,418,3692
5016,2010/01/15,416,418,408,413,7006.5
5016,2010/01/18,405,406,398,399,4965
5016,2010/01/19,398,407,396,404,3790.5
5016,2010/01/20,413,414,406,407,4486
5016,2010/01/21,403,414,395,411,9409.5
5016,2010/01/22,399,403,393,398,6685
5016,2010/01/25,389,401,385,398,5836
5016,2010/01/26,400,406,392,393,5571
5016,2010/01/27,397,398,390,390,3247
5016,2010/01/28,388,405,385,402,7753
5016,2010/01/29,400,401,391,391,6279.5
5016,2010/02/01,391,394,380,387,5824
5016,2010/02/02,398,413,396,411,7695
5016,2010/02/03,420,434,420,430,10891
5016,2010/02/04,427,432,418,431,6655
5016,2010/02/05,417,430,411,425,8393
5016,2010/02/08,421,425,411,412,6619
5016,2010/02/09,409,420,408,409,5833.5
5016,2010/02/10,414,417,412,415,3826.5
5016,2010/02/12,422,426,419,419,5498
5016,2010/02/15,419,419,415,417,2940
5016,2010/02/16,423,438,422,428,8677.5
5016,2010/02/17,433,436,428,435,5179.5
5016,2010/02/18,434,439,430,435,4640
5016,2010/02/19,435,445,434,434,5889
5016,2010/02/22,445,450,443,447,4266
5016,2010/02/23,443,446,435,438,4312.5
5016,2010/02/24,433,438,431,437,4874.5
5016,2010/02/25,435,445,431,433,5718.5
5016,2010/02/26,435,444,435,443,5483
5016,2010/03/01,448,457,445,454,7896
5016,2010/03/02,449,453,444,452,4111.5
5016,2010/03/03,448,454,445,453,5331
5016,2010/03/04,453,461,440,441,8348.5
5016,2010/03/05,447,450,438,442,7375.5
5016,2010/03/08,453,453,446,451,4673.5
5016,2010/03/09,447,452,444,447,2511.5
5016,2010/03/10,445,447,440,443,3823.5
5016,2010/03/11,440,445,438,439,4067.5
5016,2010/03/12,439,440,427,436,9501.5
5016,2010/03/15,435,442,435,438,3800.5
5016,2010/03/16,439,442,434,438,3237
5016,2010/03/17,443,456,443,454,9467.5
5016,2010/03/18,457,461,446,448,5625.5
5016,2010/03/19,451,453,446,449,3269.5
5016,2010/03/23,450,458,445,445,4163.5
5016,2010/03/24,447,451,437,438,6008.5
5016,2010/03/25,437,438,430,432,6134.5
5016,2010/03/26,433,445,433,437,17466.5
5016,2025/03/19,843,883,842,874,175980.40625
5016,2025/03/21,908,967,905,958,147470.40625
5016,2025/03/24,991,1040,958,965,111144.703125
5016,2025/03/25,991,991,928,935,52074.40234375
5016,2025/03/26,928,966,916,943,40361.6015625
5016,2025/03/27,935,946,918,930,22273
5016,2025/03/28,920,950,908,915,21235.900390625
5016,2025/03/31,886,907,882,889,18471.400390625
5016,2025/04/01,898,918,861,863,18052.30078125
5016,2025/04/02,866,872,838,865,18202.599609375
5016,2025/04/03,813,864,813,844,16246.1005859375
5016,2025/04/04,822,831,767,798,24870.201171875
5016,2025/04/07,683,708,650,652,28847.900390625
5016,2025/04/08,740,752,727,752,8739.1005859375
5016,2025/04/09,745,759,712,743,21044.5
5016,2025/04/10,848,849,794,830,19846.201171875
5016,2025/04/11,819,848,805,846,13974.6005859375
5016,2025/04/14,860,864,837,843,13234.2001953125
5016,2025/04/15,845,852,828,830,7909
5016,2025/04/16,830,832,810,824,7391.80029296875
5016,2025/04/17,821,836,820,830,6120.30029296875
5016,2025/04/18,840,847,822,840,7359.2001953125
5016,2025/04/21,844,844,817,817,5331.89990234375
5016,2025/04/22,812,824,810,822,5396.5
5016,2025/04/23,837,839,823,826,7120.2001953125
5016,2025/04/24,827,832,814,818,7065.5
5016,2025/04/25,823,827,813,815,8933.6005859375
5016,2025/04/28,819,821,808,810,78209
5016,2025/04/30,818.900024414063,820,787.100036621094,794.799987792969,11609.2998046875
5016,2025/05/01,788,795.700012207031,772.200012207031,788,8809
5016,2025/05/02,790,798,778.299987792969,792,5973.7001953125
5016,2025/05/07,792.5,804,786.100036621094,800.600036621094,5683.2001953125
5016,2025/05/08,800.5,805.900024414063,796.5,798.5,4332.60009765625
5016,2025/05/09,802.600036621094,812,791,807.200012207031,9272.2998046875
5016,2025/05/12,777.700012207031,820,775.100036621094,820,14538.900390625
5016,2025/05/13,825.100036621094,828,800.299987792969,811.299987792969,10635.6005859375
5016,2025/05/14,814,817.799987792969,790.700012207031,798.799987792969,5677.2001953125
5016,2025/05/15,796.400024414063,812,792.299987792969,812,5344.5
5016,2025/05/16,806,812.799987792969,791,804.400024414063,6050.5
5016,2025/05/19,796,808.299987792969,794.5,801,2784
5016,2025/05/20,807,809,793.299987792969,795,4325.60009765625
5016,2025/05/21,795,795,781.100036621094,787,5269.89990234375
5016,2025/05/22,785.100036621094,812,783.100036621094,807.200012207031,6480.80029296875
5016,2025/05/23,806,807.100036621094,798,800,2770.69995117188
5016,2025/05/26,804.900024414063,809.900024414063,797.5,798.100036621094,3296.69995117188
5016,2025/05/27,800,803.900024414063,793.700012207031,800.200012207031,2954.60009765625
5016,2025/05/28,802,821,794.200012207031,796.400024414063,6307.60009765625
5016,2025/05/29,796.400024414063,800.799987792969,790.600036621094,792.299987792969,5231.39990234375
5016,2025/05/30,789.600036621094,792.200012207031,784.600036621094,784.799987792969,7165
5016,2025/06/02,780,781.200012207031,770.100036621094,770.600036621094,4508.5
5016,2025/06/03,774,774.400024414063,765,765,3563.10009765625
5016,2025/06/04,765,770,760.200012207031,763.799987792969,3986.60009765625
5016,2025/06/05,760.200012207031,769.600036621094,760.200012207031,764.5,3263.19995117188
5016,2025/06/06,764.400024414063,766.200012207031,743,747,5936.7001953125
5016,2025/06/09,746.799987792969,752.100036621094,737.299987792969,747.900024414063,4350.5
5016,2025/06/10,750,778.799987792969,749.900024414063,772.200012207031,6323
5016,2025/06/11,779.799987792969,783,769.100036621094,782,3882.80004882813
5016,2025/06/12,781.5,793.600036621094,768.299987792969,780.900024414063,4818.7001953125
5016,2025/06/13,785.600036621094,785.600036621094,761.200012207031,763,3766.19995117188
5016,2025/06/16,770.900024414063,772.400024414063,754.600036621094,766.299987792969,3158.40014648438
5016,2025/06/17,765.200012207031,789,764,789,4258
5016,2025/06/18,785.299987792969,804.799987792969,784.100036621094,794.200012207031,5837.89990234375
5016,2025/06/19,790.299987792969,793.100036621094,781.200012207031,788.200012207031,2792.90014648438
5016,2025/06/20,787,792.700012207031,781.200012207031,781.200012207031,5279.7001953125
5016,2025/06/23,777,777.900024414063,762.100036621094,765.100036621094,2806.10009765625
5016,2025/06/24,772,796.299987792969,765.100036621094,796.299987792969,4345.80029296875
5016,2025/06/25,796,800.900024414063,779.900024414063,786.5,4007.80004882813
5016,2025/06/26,780.200012207031,792,780.200012207031,788.200012207031,3530.60009765625
5016,2025/06/27,793.700012207031,813,789.200012207031,810,8493.900390625
5016,2025/06/30,810,822.5,804.400024414063,807,7449.89990234375
5016,2025/07/01,810,826,800.100036621094,823,6010.2001953125
5016,2025/07/02,816,825.799987792969,807,814.200012207031,6127
5016,2025/07/03,825,844,823.299987792969,843,13604.7001953125
5016,2025/07/04,838,842.100036621094,815.900024414063,818.900024414063,5805.5
5016,2025/07/07,814.200012207031,818.700012207031,805.400024414063,806.799987792969,3202.5
5016,2025/07/08,800.299987792969,829.799987792969,798.900024414063,823.900024414063,4619.10009765625
5016,2025/07/09,845.100036621094,847.900024414063,826.799987792969,826.799987792969,7972.5
5016,2025/07/10,821.700012207031,847,813.200012207031,841.900024414063,8879.2001953125
5016,2025/07/11,840,850,835,847.100036621094,9464.2998046875
5016,2025/07/14,845,848.200012207031,836,842.299987792969,4061.60009765625
5016,2025/07/15,839.900024414063,843,834,840,4068.40014648438
5016,2025/07/16,839,849.900024414063,835,845.200012207031,5030.80029296875
5016,2025/07/17,835.200012207031,836.5,824.200012207031,832,4326.60009765625
5016,2025/07/18,830,846.700012207031,826.700012207031,835.900024414063,4616.7001953125
5016,2025/07/22,843,850,840.299987792969,849.600036621094,4514.80029296875
5016,2025/07/23,849.700012207031,872.600036621094,849.600036621094,862.299987792969,12245.900390625
5016,2025/07/24,861,879.400024414063,856.100036621094,878.900024414063,9601
5016,2025/07/25,880,895,879.5,886,9427.5
5016,2025/07/28,880,884.700012207031,869.600036621094,877,4628.80029296875
5016,2025/07/29,871,871,860.900024414063,863.5,4077.80004882813
5016,2025/07/30,864.5,887.900024414063,858.299987792969,887.5,6675.30029296875
5016,2025/07/31,884.900024414063,894,871.400024414063,892.700012207031,9028
5016,2025/08/01,886,895,881.5,884.600036621094,6361.30029296875
5016,2025/08/04,867,875.5,864.5,869.600036621094,4466.60009765625
5016,2025/08/05,876.400024414063,889.799987792969,875.299987792969,885,7039.80029296875
5016,2025/08/06,957.100036621094,987.299987792969,950,975,53586.5
5016,2025/08/07,962.799987792969,984,962.100036621094,982,16432.900390625
5016,2025/08/08,980,1000,979.400024414063,996.100036621094,18475
5016,2025/08/12,995,999.900024414063,985.299987792969,996,11874
5016,2025/08/13,1000,1005,990.200012207031,1005,13533.6005859375
5016,2025/08/14,1005,1040,998.299987792969,1008,15800.2001953125
5016,2025/08/15,1008,1120,1004.5,1084,30374.400390625
5016,2025/08/18,1109.5,1139,1101,1116,16514.599609375
5016,2025/08/19,1100,1156.5,1098,1130.5,15486.5
5016,2025/08/20,1127,1134,1076.5,1093,12530.6005859375
5016,2025/08/21,1095,1169.5,1095,1138,14325.900390625
5016,2025/08/22,1175,1219,1167,1208.5,22603.099609375
5016,2025/08/25,1245,1283.5,1244,1269.5,18663.80078125
5016,2025/08/26,1259.5,1269,1231,1244,30837.599609375
5016,2025/08/27,1257.5,1317,1225,1313,22369.900390625
5016,2025/08/28,1300,1374,1288,1368.5,24421.80078125
5016,2025/08/29,1358,1377,1340.5,1364,19111
5016,2025/09/01,1367,1401.5,1357.5,1387.5,17414.400390625
5016,2025/09/02,1400,1434,1391,1414,22164.30078125
5016,2025/09/03,1406,1481,1390,1435.5,35870.40234375
5016,2025/09/04,1444.5,1518,1441.5,1468.5,39719
5016,2025/09/05,1508.5,1544.5,1433,1474.5,39810.40234375
5016,2025/09/08,1522.5,1574.5,1520,1570,32088.201171875
5016,2025/09/09,1600,1601,1495,1498,45821.80078125
5016,2025/09/10,1490,1526,1463,1471,36219.40234375
5016,2025/09/11,1541,1629.5,1525.5,1593.5,55873.1015625
5016,2025/09/12,1588,1683,1576,1640,46751.69921875
5016,2025/09/16,1638,1639,1553.5,1605,40763
5016,2025/09/17,1592.5,1624,1577,1577,22545.201171875
5016,2025/09/18,1577,1659,1577,1639,27568.400390625
5016,2025/09/19,1650,1668,1582,1638.5,61126.1015625
5016,2025/09/22,1660,1662,1615,1628,17837.201171875
5016,2025/09/24,1639,1696,1636,1689.5,22219.80078125
5016,2025/09/25,1723.5,1855,1699.5,1844,47959.1015625
5016,2025/09/26,1823.5,1849,1780,1792.5,29580.5
5016,2025/09/29,1801,1911,1795.5,1898,50230.6015625
5016,2025/09/30,1925,1974,1909,1960.5,44726.40234375
5016,2025/10/01,1940,2012.5,1891.5,1991,53163.1015625
5016,2025/10/02,2030,2098,1992,2096.5,53685.6015625
5016,2025/10/03,2065,2123.5,2031,2117.5,45574.1015625
5016,2025/10/06,2202.5,2266,2141,2212.5,49432.6015625
5016,2025/10/07,2259,2339,1908.5,2087,86486.8046875
5016,2025/10/08,2000,2197,1967.5,2187.5,77730.3046875
5016,2025/10/09,2225,2229,2043.5,2136.5,81158.3984375
5016,2025/10/10,2091,2167,2080.5,2102,48613.1015625
5016,2025/10/14,2100,2187,1996.5,2010,70949
5016,2025/10/15,2014,2108,2001.5,2041,38362.6015625
5016,2025/10/16,2053,2080,2015.5,2059,35049.90234375
5016,2025/10/17,2016,2063.5,1947,1963,37137.19921875
5016,2025/10/20,1997,2010,1886,1923,48673.30078125
5016,2025/10/21,1943,2040,1915,1933.5,60181.40234375
5016,2025/10/22,1859,1881.5,1806,1850.5,45213.1015625
5016,2025/10/23,1836,1858,1759,1797.5,39363.80078125
5016,2025/10/24,1834,1974.5,1795,1951,69535.203125
5016,2025/10/27,2008,2093,1984.5,2090,55587.80078125
5016,2025/10/28,2004,2026.5,1966,1978,39774.40234375
5016,2025/10/29,2015.5,2034,1983,1995,30789.900390625
5016,2025/10/30,2015,2062,1991,2057,32863.69921875
5016,2025/10/31,2054.5,2088,1995,2054,26356
5016,2025/11/04,2072,2146,2030,2095,29802.400390625
5016,2025/11/05,2012.5,2045,1884.5,2018,36936
5016,2025/11/06,2058.5,2075,1986,2021,20443.201171875
5016,2025/11/07,1985.5,2004,1897,1923.5,29405.400390625
5016,2025/11/10,1974.5,2007.5,1957.5,1962,20832.701171875
5016,2025/11/11,2002,2052,1940.5,1959.5,30674.30078125
5016,2025/11/12,1970.5,1997,1860,1940.5,57785.5
5016,2025/11/13,1936,1936.5,1844,1867.5,39940.90234375
5016,2025/11/14,1750.5,1797,1711,1721.5,41036.90234375
5016,2025/11/17,1738,1827.5,1735,1804.5,30230.400390625
5016,2025/11/18,1761,1780.5,1610,1616,34765.30078125
5016,2025/11/19,1617,1672.5,1551,1617.5,46787.80078125
5016,2025/11/20,1730,1733,1642,1707,32918.90234375
5016,2025/11/21,1603.5,1632.5,1578,1601.5,57789.19921875
5016,2025/11/25,1652,1698,1609,1611,28669.701171875
5016,2025/11/26,1643,1661,1621,1641.5,16647.201171875
5016,2025/11/27,1731,1763.5,1707,1763.5,21137.701171875
5016,2025/11/28,1713,1714,1665,1669,26085.5
5016,2025/12/01,1697.5,1706.5,1634,1650,19201.5
5016,2025/12/02,1664.5,1689,1648.5,1667,15400.2998046875
5016,2025/12/03,1696,1697,1652.5,1652.5,12306.400390625
5016,2025/12/04,1678,1703,1663,1699.5,14296.2001953125
5016,2025/12/05,1700,1782.5,1684,1777,20880.701171875
5016,2025/12/08,1774.5,1813,1765,1802.5,19665.900390625
5016,2025/12/09,1769.5,1779,1716,1728.5,14660.7998046875
5016,2025/12/10,1759,1797,1742.5,1781.5,18905
5016,2025/12/11,1785,1795.5,1696,1698,15259.6005859375
5016,2025/12/12,1747.5,1771.5,1702,1768.5,17343.201171875
5016,2025/12/15,1744,1778.5,1735,1752.5,12992.7001953125
5016,2025/12/16,1733,1738,1687,1711.5,13784.2998046875
5016,2025/12/17,1697.5,1747.5,1683,1727,10954.6005859375
5016,2025/12/18,1675.5,1714.5,1664,1682,11600.2998046875
5016,2025/12/19,1694,1722,1678.5,1722,17553.099609375
5016,2025/12/22,1760,1803.5,1744,1783.5,14108.900390625
5016,2025/12/23,1768,1817,1754.5,1808.5,11462.900390625
5016,2025/12/24,1800,1891.5,1789.5,1888.5,27434.900390625
5016,2025/12/25,1889.5,1931,1853,1872,20249.30078125
5016,2025/12/26,1880,1932,1878.5,1917,20116
5016,2025/12/29,1957,1996.5,1932.5,1965,23381.400390625
5016,2025/12/30,1900,1974.5,1890,1960,20598.80078125
