5076,2021/10/01,925,980,876,976,1304
5076,2021/10/04,999,999,924,930,745.400024414063
5076,2021/10/05,920,945,907,930,844
5076,2021/10/06,928,933,898,912,701
5076,2021/10/07,935,946,921,926,660
5076,2021/10/08,940,949,929,930,715.799987792969
5076,2021/10/11,932,950,927,936,989.799987792969
5076,2021/10/12,937,945,923,928,630.100036621094
5076,2021/10/13,941,942,922,928,893.700012207031
5076,2021/10/14,925,930,921,927,585
5076,2021/10/15,930,931,922,925,443.800018310547
5076,2021/10/18,925,932,920,922,455.600006103516
5076,2021/10/19,946,953,920,925,818.200012207031
5076,2021/10/20,928,932,920,920,616
5076,2021/10/21,930,940,925,931,1017.79998779297
5076,2021/10/22,935,943,923,940,895.799987792969
5076,2021/10/25,950,955,938,951,1038.59997558594
5076,2021/10/26,954,963,938,952,580.799987792969
5076,2021/10/27,953,961,944,952,724
5076,2021/10/28,937,951,934,937,2904.60009765625
5076,2021/10/29,940,945,934,944,563.5
5076,2021/11/01,959,960,938,941,811.600036621094
5076,2021/11/02,941,945,929,929,537.100036621094
5076,2021/11/04,937,947,926,946,984
5076,2021/11/05,933,934,922,927,480.100006103516
5076,2021/11/08,942,944,925,929,334.600006103516
5076,2021/11/09,926,935,917,929,509.700012207031
5076,2021/11/10,930,936,919,923,436.600006103516
5076,2021/11/11,938,938,922,923,361.700012207031
5076,2021/11/12,924,958,923,949,608
5076,2021/11/15,953,1014,949,977,1499
5076,2021/11/16,974,999,972,996,1319.70007324219
5076,2021/11/17,1010,1012,994,1010,1495.40002441406
5076,2021/11/18,1000,1004,981,997,926.100036621094
5076,2021/11/19,999,1000,986,990,596.700012207031
5076,2021/11/22,999,1012,994,1005,1373.09997558594
5076,2021/11/24,1001,1005,987,993,816.700012207031
5076,2021/11/25,994,1005,994,994,723.299987792969
5076,2021/11/26,999,999,962,963,582.600036621094
5076,2021/11/29,960,962,938,945,615.799987792969
5076,2021/11/30,950,965,939,939,1060.90002441406
5076,2021/12/01,936,958,936,947,633.799987792969
5076,2021/12/02,955,973,948,959,741.400024414063
5076,2021/12/03,989,1009,980,1004,866
5076,2021/12/06,1010,1014,1001,1007,1101
5076,2021/12/07,1015,1029,995,1027,1462.30004882813
5076,2021/12/08,1030,1037,1002,1017,1954.80004882813
5076,2021/12/09,1020,1041,1019,1038,1174.5
5076,2021/12/10,1044,1044,1006,1018,1711.30004882813
5076,2021/12/13,1029,1040,1020,1027,1222.5
5076,2021/12/14,1001,1015,999,1010,1530.09997558594
5076,2021/12/15,1002,1029,1002,1025,911.200012207031
5076,2021/12/16,1038,1046,1027,1039,954.5
5076,2021/12/17,1040,1048,1023,1026,3011.40014648438
5076,2021/12/20,1021,1027,1000,1000,838.400024414063
5076,2021/12/21,1010,1023,1008,1013,850.400024414063
5076,2021/12/22,1025,1026,1013,1023,630.299987792969
5076,2021/12/23,1028,1038,1025,1037,647.100036621094
5076,2021/12/24,1043,1043,1025,1032,501.100006103516
5076,2021/12/27,1029,1029,1009,1013,201.800003051758
5076,2021/12/28,1018,1037,1018,1036,535.600036621094
5076,2021/12/29,1041,1060,1039,1057,829.200012207031
5076,2021/12/30,1039,1054,1037,1048,542.5
5076,2022/01/04,1056,1066,1046,1066,666.5
5076,2022/01/05,1072,1082,1069,1077,1031.20007324219
5076,2022/01/06,1074,1080,1064,1069,849
5076,2022/01/07,1073,1080,1061,1070,697.799987792969
5076,2022/01/11,1071,1081,1061,1077,743.5
5076,2022/01/12,1063,1094,1063,1092,1032.20007324219
5076,2022/01/13,1091,1117,1086,1110,1200.90002441406
5076,2022/01/14,1112,1117,1098,1109,799.299987792969
5076,2022/01/17,1109,1125,1106,1114,666.5
5076,2022/01/18,1105,1113,1075,1082,977.900024414063
5076,2022/01/19,1060,1084,1053,1058,862
5076,2022/01/20,1055,1081,1055,1074,722.900024414063
5076,2022/01/21,1070,1074,1060,1071,390.200012207031
5076,2022/01/24,1071,1083,1071,1077,567.100036621094
5076,2022/01/25,1078,1083,1055,1068,768.100036621094
5076,2022/01/26,1070,1082,1069,1070,607
5076,2022/01/27,1071,1079,1043,1048,869
5076,2022/01/28,1054,1071,1050,1062,727.600036621094
5076,2022/01/31,1056,1063,1049,1053,696.5
5076,2022/02/01,1051,1060,1044,1048,609.900024414063
5076,2022/02/02,1046,1059,1044,1055,560.799987792969
5076,2022/02/03,1048,1060,1046,1059,597.100036621094
5076,2022/02/04,1059,1063,1046,1058,500
5076,2022/02/07,1053,1058,1047,1054,511.600006103516
5076,2022/02/08,1054,1062,1053,1056,503.5
5076,2022/02/09,1062,1064,1050,1052,558.600036621094
5076,2022/02/10,1055,1061,1049,1056,585.200012207031
5076,2022/02/14,1054,1065,1034,1058,933.600036621094
5076,2022/02/15,1075,1079,1052,1057,715.200012207031
5076,2022/02/16,1046,1057,1042,1054,847.600036621094
5076,2022/02/17,1046,1065,1046,1061,662
5076,2022/02/18,1045,1054,1041,1042,665.5
5076,2022/02/21,1034,1060,1033,1060,590.700012207031
5076,2022/02/22,1035,1044,1016,1026,762.200012207031
5076,2022/02/24,1006,1027,1003,1018,1272.59997558594
5076,2022/02/25,1000,1024,998,1020,1239
5076,2022/02/28,1013,1025,1013,1020,1107.59997558594
5076,2022/03/01,1021,1036,1020,1025,958.400024414063
5076,2022/03/02,1004,1035,1003,1030,1212.80004882813
5076,2022/03/03,1032,1055,1029,1046,1151.5
5076,2022/03/04,1043,1053,1033,1048,1307
5076,2022/03/07,1032,1049,1017,1031,1571.70007324219
5076,2022/03/08,1049,1063,1044,1048,2416.19995117188
5076,2022/03/09,1047,1062,1045,1049,1855.09997558594
5076,2022/03/10,1049,1086,1049,1085,1839.20007324219
5076,2022/03/11,1085,1089,1053,1069,2088.5
5076,2022/03/14,1068,1084,1062,1070,1504.5
5076,2022/03/15,1056,1080,1056,1075,1480.90002441406
5076,2022/03/16,1081,1087,1066,1076,2358.40014648438
5076,2022/03/17,1082,1111,1081,1108,2106.80004882813
5076,2022/03/18,1094,1120,1085,1114,2562
5076,2022/03/22,1123,1148,1117,1146,2035.80004882813
5076,2022/03/23,1156,1171,1148,1167,1864.20007324219
5076,2022/03/24,1161,1163,1117,1122,1464.20007324219
5076,2022/03/25,1128,1130,1105,1115,684.200012207031
5076,2022/03/28,1120,1121,1097,1099,542
5076,2022/03/29,1108,1118,1096,1116,957.5
5076,2022/03/30,1079,1080,1035,1042,917.799987792969
5076,2022/03/31,1042,1062,1037,1042,1008.60003662109
5076,2022/04/01,1035,1059,1029,1055,740.900024414063
5076,2022/04/04,1052,1060,1037,1041,845.700012207031
5076,2022/04/05,1046,1050,1030,1034,1007.79998779297
5076,2022/04/06,1030,1035,1016,1019,962.900024414063
5076,2022/04/07,998,1001,983,989,898.200012207031
5076,2022/04/08,983,984,944,957,1846.70007324219
5076,2022/04/11,959,972,957,969,1154.59997558594
5076,2022/04/12,970,983,956,962,1037.5
5076,2022/04/13,962,987,962,982,1072.80004882813
5076,2022/04/14,972,972,958,960,731.100036621094
5076,2022/04/15,961,970,954,961,438.200012207031
5076,2022/04/18,957,964,951,958,458.800018310547
5076,2022/04/19,971,974,962,965,415.399993896484
5076,2022/04/20,970,975,962,964,553.799987792969
5076,2022/04/21,976,979,962,966,391.399993896484
5076,2022/04/22,958,968,954,966,489.100006103516
5076,2022/04/25,946,953,941,946,433.200012207031
5076,2022/04/26,940,956,939,945,647.100036621094
5076,2022/04/27,933,942,925,926,1618.5
5076,2022/04/28,925,949,924,949,764.299987792969
5076,2022/05/02,946,969,940,961,802.200012207031
5076,2022/05/06,962,970,956,964,474.899993896484
5076,2022/05/09,958,966,952,955,418.300018310547
5076,2022/05/10,950,970,943,965,479.300018310547
5076,2022/05/11,951,957,944,951,672.799987792969
5076,2022/05/12,933,947,933,936,634.700012207031
5076,2022/05/13,938,990,938,988,1075.59997558594
5076,2022/05/16,983,987,962,963,610
5076,2022/05/17,963,968,958,959,676.299987792969
5076,2022/05/18,953,956,938,940,880.100036621094
5076,2022/05/19,917,938,907,931,671.5
5076,2022/05/20,930,942,927,935,492.600006103516
5076,2022/05/23,943,943,920,926,629.900024414063
5076,2022/05/24,923,929,908,908,556.200012207031
5076,2022/05/25,908,913,899,906,401
5076,2022/05/26,910,918,901,901,463.100006103516
5076,2022/05/27,910,917,906,913,400.899993896484
5076,2022/05/30,926,951,919,945,1692.20007324219
5076,2022/05/31,933,949,931,932,1789.90002441406
5076,2022/06/01,936,956,936,949,816.900024414063
5076,2022/06/02,946,948,925,928,484.300018310547
5076,2022/06/03,939,939,919,925,522.100036621094
5076,2022/06/06,921,922,911,915,615.299987792969
5076,2022/06/07,923,933,917,928,657.900024414063
5076,2022/06/08,932,953,931,938,678.5
5076,2022/06/09,925,938,923,929,563
5076,2022/06/10,921,936,920,927,777.600036621094
5076,2022/06/13,919,935,919,923,643.900024414063
5076,2022/06/14,915,923,913,920,630.900024414063
5076,2022/06/15,920,927,909,910,734.400024414063
5076,2022/06/16,924,930,910,911,547.400024414063
5076,2022/06/17,905,915,892,913,1446.09997558594
5076,2022/06/20,913,918,896,896,605.100036621094
5076,2022/06/21,903,926,903,919,632
5076,2022/06/22,924,931,910,926,892.200012207031
5076,2022/06/23,936,955,935,941,896.600036621094
5076,2022/06/24,940,942,925,939,429.5
5076,2022/06/27,946,948,929,933,546.5
5076,2022/06/28,946,962,934,962,840.100036621094
5076,2022/06/29,947,956,934,941,3359.60009765625
5076,2022/06/30,956,971,946,965,1020.60003662109
5076,2022/07/01,955,966,928,930,699.299987792969
5076,2022/07/04,946,949,931,941,415.5
5076,2022/07/05,956,956,936,945,899.900024414063
5076,2022/07/06,934,938,923,928,434.800018310547
5076,2022/07/07,942,944,928,937,600.100036621094
5076,2022/07/08,944,952,937,940,612.600036621094
5076,2022/07/11,954,957,945,953,574.200012207031
5076,2022/07/12,959,959,930,930,419.5
5076,2022/07/13,938,939,927,928,372.800018310547
5076,2022/07/14,925,934,920,929,372.5
5076,2022/07/15,928,930,921,922,467.399993896484
5076,2022/07/19,932,938,924,932,349.300018310547
5076,2022/07/20,947,967,939,965,747.600036621094
5076,2022/07/21,964,968,958,966,383.399993896484
5076,2022/07/22,974,985,967,982,686.900024414063
5076,2022/07/25,982,990,976,983,552.100036621094
5076,2022/07/26,981,1000,981,988,545.400024414063
5076,2022/07/27,989,990,972,984,345.200012207031
5076,2022/07/28,992,992,973,985,542.400024414063
5076,2022/07/29,989,990,973,976,592.100036621094
5076,2022/08/01,973,974,962,973,527.100036621094
5076,2022/08/02,960,962,945,946,469.399993896484
5076,2022/08/03,938,942,927,929,873.5
5076,2022/08/04,930,934,920,924,1033.70007324219
5076,2022/08/05,916,939,913,933,669.700012207031
5076,2022/08/08,932,936,927,930,600.299987792969
5076,2022/08/09,927,933,915,916,970.200012207031
5076,2022/08/10,924,973,918,967,1567.30004882813
5076,2022/08/12,968,1022,967,993,1307.40002441406
5076,2022/08/15,992,1000,982,994,423.5
5076,2022/08/16,983,1007,982,1001,824.600036621094
5076,2022/08/17,1007,1009,999,1008,652
5076,2022/08/18,1001,1008,997,1000,450.300018310547
5076,2022/08/19,1006,1008,998,1001,338.899993896484
5076,2022/08/22,993,1006,990,1005,410.800018310547
5076,2022/08/23,997,1003,991,998,514.299987792969
5076,2022/08/24,1004,1009,1000,1006,521.799987792969
5076,2022/08/25,1020,1033,1015,1029,968.400024414063
5076,2022/08/26,1028,1029,1013,1017,501
5076,2022/08/29,1000,1004,993,996,641.400024414063
5076,2022/08/30,996,1001,991,1000,360.700012207031
5076,2022/08/31,989,1000,983,997,1056.5
5076,2022/09/01,992,1020,991,1010,1007.70001220703
5076,2022/09/02,1010,1025,1005,1020,941.900024414063
5076,2022/09/05,1020,1028,1011,1022,529.100036621094
5076,2022/09/06,1032,1040,1025,1025,805.799987792969
5076,2022/09/07,1020,1020,1005,1011,622.299987792969
5076,2022/09/08,1018,1029,1013,1025,590.600036621094
5076,2022/09/09,1020,1033,1019,1031,713.200012207031
5076,2022/09/12,1031,1031,1018,1018,581.900024414063
5076,2022/09/13,1026,1028,1009,1023,486.899993896484
5076,2022/09/14,1002,1005,998,1001,697.600036621094
5076,2022/09/15,1001,1009,998,1009,569
5076,2022/09/16,1005,1011,1001,1001,1251.59997558594
5076,2022/09/20,1011,1023,1003,1019,614.600036621094
5076,2022/09/21,1023,1025,1012,1012,847.299987792969
5076,2022/09/22,1006,1007,995,998,807.900024414063
5076,2022/09/26,985,986,956,962,977.100036621094
5076,2022/09/27,968,979,959,964,849.799987792969
5076,2022/09/28,963,973,955,972,779
5076,2022/09/29,982,995,979,995,654.700012207031
5076,2022/09/30,987,994,976,984,616.5
5076,2022/10/03,984,998,981,996,617.5
5076,2022/10/04,1016,1032,1012,1030,911.200012207031
5076,2022/10/05,1041,1042,1029,1034,729
5076,2022/10/06,1034,1042,1031,1031,549.299987792969
5076,2022/10/07,1023,1026,1017,1025,439.600006103516
5076,2022/10/11,1006,1023,1005,1011,867.799987792969
5076,2022/10/12,1011,1012,1000,1004,769.5
5076,2022/10/13,1001,1005,997,1001,616
5076,2022/10/14,1014,1024,1005,1011,566.5
5076,2022/10/17,1000,1004,992,995,561.700012207031
5076,2022/10/18,1005,1012,987,1008,767
5076,2022/10/19,1005,1016,1002,1012,454
5076,2022/10/20,1012,1023,1012,1020,998.700012207031
5076,2022/10/21,1016,1027,1014,1016,846.799987792969
5076,2022/10/24,1023,1027,1010,1011,592.600036621094
5076,2022/10/25,1022,1034,1015,1029,854
5076,2022/10/26,1025,1029,1020,1023,960.200012207031
5076,2022/10/27,1018,1019,1012,1016,706.799987792969
5076,2022/10/28,1005,1018,1001,1018,4715.89990234375
5076,2022/10/31,1026,1032,1024,1032,817.900024414063
5076,2022/11/01,1033,1035,1014,1017,415.100006103516
5076,2022/11/02,1015,1019,1012,1014,386.100006103516
5076,2022/11/04,1013,1021,1013,1020,565.900024414063
5076,2022/11/07,1029,1029,1016,1019,446.100006103516
5076,2022/11/08,1022,1022,1014,1014,560.600036621094
5076,2022/11/09,1010,1017,1004,1015,1054
5076,2022/11/10,1011,1013,999,1004,1008.90002441406
5076,2022/11/11,1018,1023,996,1011,1180.80004882813
5076,2022/11/14,1001,1002,975,980,1283.80004882813
5076,2022/11/15,984,995,983,992,592.900024414063
5076,2022/11/16,990,1011,987,1008,643.5
5076,2022/11/17,1010,1020,1010,1019,362.899993896484
5076,2022/11/18,1011,1020,1010,1016,508
5076,2022/11/21,1023,1051,1023,1045,1559.09997558594
5076,2022/11/22,1047,1060,1043,1060,1008.90002441406
5076,2022/11/24,1060,1064,1052,1063,593
5076,2022/11/25,1060,1062,1051,1062,481.300018310547
5076,2022/11/28,1070,1075,1056,1059,692.100036621094
5076,2022/11/29,1051,1055,1035,1038,838
5076,2022/11/30,1035,1037,1028,1030,881.5
5076,2022/12/01,1031,1033,1020,1024,635.200012207031
5076,2022/12/02,1020,1024,1012,1020,688.799987792969
5076,2022/12/05,1015,1017,1006,1015,647.200012207031
5076,2022/12/06,1014,1017,1009,1012,463.200012207031
5076,2022/12/07,1008,1019,1008,1012,653.900024414063
5076,2022/12/08,1015,1021,1010,1018,649.600036621094
5076,2022/12/09,1015,1026,1015,1021,700.5
5076,2022/12/12,1024,1030,1023,1026,374.600006103516
5076,2022/12/13,1031,1037,1030,1034,557.700012207031
5076,2022/12/14,1039,1046,1036,1037,621.200012207031
5076,2022/12/15,1030,1033,1026,1027,303.600006103516
5076,2022/12/16,1022,1022,1015,1019,749.900024414063
5076,2022/12/19,1015,1017,1010,1013,393.399993896484
5076,2022/12/20,1013,1019,1003,1009,612.400024414063
5076,2022/12/21,1017,1022,1010,1010,761.400024414063
5076,2022/12/22,1010,1020,1008,1020,420.899993896484
5076,2022/12/23,1014,1019,1009,1018,398.600006103516
5076,2022/12/26,1016,1019,1012,1015,221.699996948242
5076,2022/12/27,1020,1021,1014,1018,377.100006103516
5076,2022/12/28,1020,1023,1014,1022,387.399993896484
5076,2022/12/29,1017,1017,1003,1011,484.100006103516
5076,2022/12/30,1009,1014,1001,1001,360.200012207031
5076,2023/01/04,1005,1011,996,1011,578.400024414063
5076,2023/01/05,994,1000,986,999,672.700012207031
5076,2023/01/06,994,1005,992,999,683.799987792969
5076,2023/01/10,1001,1007,998,1003,312.100006103516
5076,2023/01/11,1003,1011,1002,1009,482.100006103516
5076,2023/01/12,1015,1015,1006,1008,605.400024414063
5076,2023/01/13,1010,1020,1008,1017,518.799987792969
5076,2023/01/16,1010,1013,1006,1008,355.800018310547
5076,2023/01/17,1008,1015,1008,1013,338.800018310547
5076,2023/01/18,1015,1022,1005,1021,719.100036621094
5076,2023/01/19,1013,1015,1004,1004,753.400024414063
5076,2023/01/20,1004,1015,1001,1012,451.700012207031
5076,2023/01/23,1018,1028,1017,1025,545.900024414063
5076,2023/01/24,1026,1033,1021,1032,574.400024414063
5076,2023/01/25,1036,1037,1031,1035,574.700012207031
5076,2023/01/26,1035,1036,1026,1029,443.800018310547
5076,2023/01/27,1032,1033,1029,1031,545.600036621094
5076,2023/01/30,1025,1031,1024,1030,425.899993896484
5076,2023/01/31,1031,1036,1028,1035,949.5
5076,2023/02/01,1039,1039,1030,1031,797.100036621094
5076,2023/02/02,1025,1025,1005,1010,782.5
5076,2023/02/03,1010,1020,1005,1017,751.600036621094
5076,2023/02/06,1020,1026,1010,1017,682.700012207031
5076,2023/02/07,1017,1018,1009,1014,481.399993896484
5076,2023/02/08,1009,1017,1007,1013,413.600006103516
5076,2023/02/09,1010,1015,1007,1012,539.299987792969
5076,2023/02/10,1008,1016,1007,1009,905.200012207031
5076,2023/02/13,1009,1012,1001,1004,678.100036621094
5076,2023/02/14,1017,1026,1007,1025,1318.40002441406
5076,2023/02/15,1033,1065,1031,1060,1434.5
5076,2023/02/16,1067,1068,1021,1033,1235.59997558594
5076,2023/02/17,1030,1040,1026,1036,473.399993896484
5076,2023/02/20,1042,1043,1034,1037,550.100036621094
5076,2023/02/21,1041,1045,1029,1035,753.5
5076,2023/02/22,1039,1042,1030,1030,716.200012207031
5076,2023/02/24,1035,1046,1031,1043,500.399993896484
5076,2023/02/27,1035,1048,1035,1046,308.800018310547
5076,2023/02/28,1046,1049,1033,1033,517.900024414063
5076,2023/03/01,1033,1058,1031,1058,588.5
5076,2023/03/02,1059,1062,1050,1057,416.300018310547
5076,2023/03/03,1066,1078,1061,1076,581.200012207031
5076,2023/03/06,1077,1090,1075,1085,566.400024414063
5076,2023/03/07,1083,1088,1079,1086,407
5076,2023/03/08,1086,1098,1083,1098,733
5076,2023/03/09,1112,1121,1107,1110,824.400024414063
5076,2023/03/10,1092,1103,1091,1093,692.299987792969
5076,2023/03/13,1086,1086,1059,1077,694.5
5076,2023/03/14,1053,1057,1032,1040,956.900024414063
5076,2023/03/15,1047,1054,1039,1044,651.299987792969
5076,2023/03/16,1025,1035,1018,1029,977.5
5076,2023/03/17,1054,1055,1030,1042,1609.5
5076,2023/03/20,1028,1028,1003,1007,853.600036621094
5076,2023/03/22,1034,1042,1027,1030,1566.20007324219
5076,2023/03/23,1024,1034,1022,1026,1142
5076,2023/03/24,1024,1043,1021,1036,693.200012207031
5076,2023/03/27,1049,1050,1035,1035,423
5076,2023/03/28,1043,1048,1030,1036,569
5076,2023/03/29,1047,1054,1042,1051,868.200012207031
5076,2023/03/30,1020,1022,1005,1014,570.600036621094
5076,2023/03/31,1022,1030,1018,1022,545.200012207031
5076,2023/04/03,1035,1035,1023,1031,514.900024414063
5076,2023/04/04,1029,1039,1028,1038,645.200012207031
5076,2023/04/05,1035,1035,1023,1027,604.5
5076,2023/04/06,1021,1021,1007,1011,459.800018310547
5076,2023/04/07,1008,1016,1008,1008,316.300018310547
5076,2023/04/10,1016,1016,1005,1007,174.100006103516
5076,2023/04/11,1018,1018,1008,1015,330.600006103516
5076,2023/04/12,1014,1027,1014,1023,285.5
5076,2023/04/13,1017,1021,1011,1014,274.100006103516
5076,2023/04/14,1013,1023,1010,1021,323.800018310547
5076,2023/04/17,1025,1027,1017,1027,300.300018310547
5076,2023/04/18,1030,1030,1024,1027,275.899993896484
5076,2023/04/19,1025,1028,1017,1025,334
5076,2023/04/20,1017,1032,1016,1031,400.399993896484
5076,2023/04/21,1031,1044,1028,1038,568.400024414063
5076,2023/04/24,1046,1049,1039,1046,419.899993896484
5076,2023/04/25,1045,1058,1044,1049,568.400024414063
5076,2023/04/26,1043,1050,1038,1044,429.200012207031
5076,2023/04/27,1044,1051,1036,1049,529.400024414063
5076,2023/04/28,1059,1071,1055,1071,608.900024414063
5076,2023/05/01,1084,1092,1081,1091,710
5076,2023/05/02,1094,1096,1081,1084,415.300018310547
5076,2023/05/08,1084,1134,1079,1121,2077.19995117188
5076,2023/05/09,1127,1167,1126,1154,1571.5
5076,2023/05/10,1160,1209,1155,1192,1739.80004882813
5076,2023/05/11,1174,1240,1150,1216,3425.40014648438
5076,2023/05/12,1241,1281,1203,1249,2086.60009765625
5076,2023/05/15,1252,1259,1231,1257,901.900024414063
5076,2023/05/16,1260,1279,1249,1276,872.400024414063
5076,2023/05/17,1275,1280,1259,1261,633.400024414063
5076,2023/05/18,1275,1275,1239,1257,569.799987792969
5076,2023/05/19,1241,1252,1231,1237,743.799987792969
5076,2023/05/22,1240,1274,1240,1272,721.5
5076,2023/05/23,1276,1284,1254,1263,712.299987792969
5076,2023/05/24,1245,1259,1238,1250,563.299987792969
5076,2023/05/25,1248,1267,1243,1261,532.200012207031
5076,2023/05/26,1263,1271,1254,1256,679.400024414063
5076,2023/05/29,1265,1271,1255,1263,523.799987792969
5076,2023/05/30,1263,1264,1250,1256,434.200012207031
5076,2023/05/31,1240,1257,1228,1236,2837.10009765625
5076,2023/06/01,1248,1301,1244,1294,1225.40002441406
5076,2023/06/02,1292,1308,1286,1301,976.900024414063
5076,2023/06/05,1302,1305,1290.5,1295.5,679
5076,2023/06/06,1291,1322.5,1289.5,1322,843.700012207031
5076,2023/06/07,1325,1333,1304,1308.5,963.400024414063
5076,2023/06/08,1325,1337.5,1311.5,1314,698.200012207031
5076,2023/06/09,1320.5,1336.5,1314,1332,634.600036621094
5076,2023/06/12,1324.5,1331,1318.5,1327.5,367.600006103516
5076,2023/06/13,1316,1324.5,1307.5,1322.5,704.200012207031
5076,2023/06/14,1321,1323.5,1315.5,1318.5,598.700012207031
5076,2023/06/15,1313,1331,1308.5,1327,960
5076,2023/06/16,1311.5,1322,1296,1312.5,1425.09997558594
5076,2023/06/19,1320,1325,1312,1323,529.5
5076,2023/06/20,1322.5,1322.5,1311.5,1315,427.5
5076,2023/06/21,1325,1350,1321,1339.5,820.900024414063
5076,2023/06/22,1352,1379.5,1352,1370.5,804.700012207031
5076,2023/06/23,1370,1373,1335,1343,778.799987792969
5076,2023/06/26,1344,1349.5,1328,1329,467.300018310547
5076,2023/06/27,1330,1336.5,1320.5,1330,333.100006103516
5076,2023/06/28,1336,1355,1332.5,1351,426.600006103516
5076,2023/06/29,1348.5,1362,1339.5,1347.5,523.400024414063
5076,2023/06/30,1359,1370,1339.5,1355,741.299987792969
5076,2023/07/03,1355,1368.5,1355,1363.5,393.300018310547
5076,2023/07/04,1360,1365,1350,1353,444.600006103516
5076,2023/07/05,1350,1352.5,1340.5,1346.5,394.100006103516
5076,2023/07/06,1343.5,1346,1325.5,1332.5,461.200012207031
5076,2023/07/07,1325.5,1336.5,1317.5,1331,464.300018310547
5076,2023/07/10,1330.5,1340.5,1325,1332,444.700012207031
5076,2023/07/11,1344,1346.5,1326,1329,476.5
5076,2023/07/12,1338,1338,1321.5,1325.5,350.600006103516
5076,2023/07/13,1338,1340.5,1327,1329,547.5
5076,2023/07/14,1343.5,1343.5,1325.5,1332,379.200012207031
5076,2023/07/18,1338,1347.5,1336.5,1343.5,289.200012207031
5076,2023/07/19,1351.5,1357,1338,1350,472.5
5076,2023/07/20,1358.5,1359.5,1348,1350,269.399993896484
5076,2023/07/21,1359,1359,1347,1353.5,241.600006103516
5076,2023/07/24,1357,1364.5,1349.5,1362.5,316.800018310547
5076,2023/07/25,1381,1381.5,1362.5,1371.5,423
5076,2023/07/26,1368,1377.5,1359,1367,274.899993896484
5076,2023/07/27,1363.5,1370.5,1352.5,1369.5,297
5076,2023/07/28,1345.5,1367.5,1334.5,1363,629.5
5076,2023/07/31,1387,1392.5,1379,1383.5,598.400024414063
5076,2023/08/01,1390.5,1402.5,1386.5,1398.5,475.200012207031
5076,2023/08/02,1387.5,1402.5,1374,1379,355.5
5076,2023/08/03,1372.5,1372.5,1349,1352.5,515.900024414063
5076,2023/08/04,1350,1358.5,1338,1346.5,320.800018310547
5076,2023/08/07,1350,1359,1331.5,1338,377.5
5076,2023/08/08,1350,1355.5,1343.5,1348,501.100006103516
5076,2023/08/09,1339.5,1382,1316,1380,1031.80004882813
5076,2023/08/10,1390,1420.5,1369,1416.5,685.400024414063
5076,2023/08/14,1419,1427.5,1398,1401,593.5
5076,2023/08/15,1409.5,1423,1394.5,1419.5,365.5
5076,2023/08/16,1421,1461.5,1420,1450,581.299987792969
5076,2023/08/17,1447,1449.5,1424.5,1442,543.900024414063
5076,2023/08/18,1429.5,1440.5,1421,1427,492.100006103516
5076,2023/08/21,1430,1441,1421,1428.5,453.800018310547
5076,2023/08/22,1436.5,1456,1431,1437.5,664.900024414063
5076,2023/08/23,1442,1465,1438.5,1460.5,389.100006103516
5076,2023/08/24,1476,1512,1476,1508.5,758.5
5076,2023/08/25,1495.5,1505,1480.5,1485,477.399993896484
5076,2023/08/28,1501.5,1514,1494.5,1501.5,359.100006103516
5076,2023/08/29,1500,1504,1490.5,1493.5,229.900009155273
5076,2023/08/30,1496.5,1506,1485.5,1502,352.600006103516
5076,2023/08/31,1506.5,1531.5,1501,1522,824.200012207031
5076,2023/09/01,1526.5,1543.5,1523,1541.5,668.900024414063
5076,2023/09/04,1533,1545,1514,1543,622.600036621094
5076,2023/09/05,1535,1535,1498.5,1519.5,812.5
5076,2023/09/06,1516.5,1539,1512.5,1532,504.700012207031
5076,2023/09/07,1543.5,1557,1536.5,1545.5,655.100036621094
5076,2023/09/08,1551,1560.5,1541,1542.5,552.600036621094
5076,2023/09/11,1550,1557.5,1532,1544,348
5076,2023/09/12,1559,1572,1557.5,1566.5,512.400024414063
5076,2023/09/13,1548.5,1569.5,1547,1562,500.899993896484
5076,2023/09/14,1570.5,1597.5,1562,1592,360.399993896484
5076,2023/09/15,1585.5,1618,1585,1606.5,782.5
5076,2023/09/19,1620,1634,1608,1623,653.700012207031
5076,2023/09/20,1634,1645,1630,1635.5,778.600036621094
5076,2023/09/21,1640,1653,1622.5,1623,652
5076,2023/09/22,1608,1611,1592,1596.5,549.900024414063
5076,2023/09/25,1617.5,1617.5,1581,1583,373.700012207031
5076,2023/09/26,1594.5,1597,1581.5,1587,477.200012207031
5076,2023/09/27,1569.5,1596,1561.5,1590,637.100036621094
5076,2023/09/28,1549.5,1572.5,1540.5,1562,589.100036621094
5076,2023/09/29,1572,1580.5,1541,1548,744.600036621094
5076,2023/10/02,1554,1587.5,1551,1572.5,914.799987792969
5076,2023/10/03,1562.5,1569,1528.5,1532.5,1376.40002441406
5076,2023/10/04,1522,1528.5,1468,1469,931.200012207031
5076,2023/10/05,1483.5,1504.5,1473,1502,515.700012207031
5076,2023/10/06,1483,1517,1483,1508.5,694.299987792969
5076,2023/10/10,1537.5,1556.5,1532,1541.5,654.200012207031
5076,2023/10/11,1549.5,1569.5,1541,1560.5,491.200012207031
5076,2023/10/12,1557.5,1560.5,1547,1559,587
5076,2023/10/13,1543.5,1564.5,1537,1543,586.299987792969
5076,2023/10/16,1530.5,1534,1511,1520.5,411.399993896484
5076,2023/10/17,1527,1537.5,1517.5,1535.5,362
5076,2023/10/18,1550,1553.5,1534,1549.5,363.200012207031
5076,2023/10/19,1536.5,1545,1523.5,1532.5,293.600006103516
5076,2023/10/20,1527.5,1548,1526.5,1541.5,262.700012207031
5076,2023/10/23,1534,1543,1527,1532,309.100006103516
5076,2023/10/24,1533.5,1539,1507,1531,571.900024414063
5076,2023/10/25,1532,1556,1527.5,1544.5,524.900024414063
5076,2023/10/26,1558,1567.5,1531.5,1540,576.299987792969
5076,2023/10/27,1560.5,1579.5,1557.5,1573,556
5076,2023/10/30,1563.5,1569,1533.5,1550,2805.19995117188
5076,2023/10/31,1569.5,1586.5,1557.5,1586.5,851.600036621094
5076,2023/11/01,1604,1629.5,1597,1628.5,1008.40002441406
5076,2023/11/02,1616.5,1630,1482.5,1552,2164.5
5076,2023/11/06,1572,1572,1535.5,1550.5,1187
5076,2023/11/07,1545.5,1564,1513,1518.5,852.5
5076,2023/11/08,1534.5,1540.5,1478,1490.5,1185.80004882813
5076,2023/11/09,1520.5,1530,1503.5,1523.5,557.100036621094
5076,2023/11/10,1530,1650,1512.5,1620,1590.09997558594
5076,2023/11/13,1585.5,1599,1571,1587.5,679.900024414063
5076,2023/11/14,1577.5,1625,1572.5,1619,834.299987792969
5076,2023/11/15,1623.5,1635,1609,1624,726.200012207031
5076,2023/11/16,1617,1623,1599,1605,578.900024414063
5076,2023/11/17,1616,1641,1616,1632,406
5076,2023/11/20,1627.5,1639.5,1608.5,1612,462.700012207031
5076,2023/11/21,1610,1610,1563.5,1575,754.100036621094
5076,2023/11/22,1565,1584,1557.5,1567.5,415.800018310547
5076,2023/11/24,1590,1593,1579.5,1588,456.899993896484
5076,2023/11/27,1596.5,1596.5,1556,1570,423
5076,2023/11/28,1585,1595.5,1552,1559.5,491.600006103516
5076,2023/11/29,1547.5,1553,1533.5,1543,504.200012207031
5076,2023/11/30,1543,1563,1533.5,1561.5,457.5
5076,2023/12/01,1575.5,1595.5,1575,1590,337.300018310547
5076,2023/12/04,1573.5,1600,1566,1589.5,409.899993896484
5076,2023/12/05,1582.5,1592,1575.5,1576,434.200012207031
5076,2023/12/06,1562,1609.5,1560,1603.5,438.700012207031
5076,2023/12/07,1563.5,1594.5,1559,1588,679.400024414063
5076,2023/12/08,1570,1571.5,1549,1558,728.299987792969
5076,2023/12/11,1558,1585.5,1558,1581,488.800018310547
5076,2023/12/12,1591,1613,1482.5,1484.5,2219.40014648438
5076,2023/12/13,1454.5,1469,1307,1317,4589.2001953125
5076,2023/12/14,1327,1377,1322,1377,2223.90014648438
5076,2023/12/15,1390,1424,1389,1405.5,2047.70007324219
5076,2023/12/18,1405,1431.5,1402.5,1426,1441.09997558594
5076,2023/12/19,1413.5,1414.5,1377.5,1396.5,1280.90002441406
5076,2023/12/20,1390,1398.5,1385,1397.5,1097.09997558594
5076,2023/12/21,1396,1408.5,1386.5,1405,781.700012207031
5076,2023/12/22,1408,1423.5,1398,1398,856.299987792969
5076,2023/12/25,1428,1428,1398,1402,281.100006103516
5076,2023/12/26,1405.5,1405.5,1389.5,1396,351.300018310547
5076,2023/12/27,1410,1422,1398.5,1411,351.200012207031
5076,2023/12/28,1410,1419.5,1402,1409,320.100006103516
5076,2023/12/29,1400,1409.5,1391,1403.5,540.600036621094
5076,2024/01/04,1493.5,1493.5,1432.5,1449.5,1127.5
5076,2024/01/05,1438,1452,1435.5,1446,1035.80004882813
5076,2024/01/09,1448,1470,1440,1453.5,827.700012207031
5076,2024/01/10,1445,1483,1443.5,1473.5,655.400024414063
5076,2024/01/11,1495,1510,1483.5,1498.5,632.799987792969
5076,2024/01/12,1497,1503.5,1478.5,1490.5,501.300018310547
5076,2024/01/15,1500,1548,1499,1539.5,659.400024414063
5076,2024/01/16,1528,1532,1504,1507,575.600036621094
5076,2024/01/17,1498.5,1528,1493,1513,773.5
5076,2024/01/18,1508,1532,1505,1523.5,699.900024414063
5076,2024/01/19,1535,1550,1517,1547,789.100036621094
5076,2024/01/22,1554,1574,1550.5,1573,532.799987792969
5076,2024/01/23,1588,1593.5,1564.5,1571,469
5076,2024/01/24,1565,1583.5,1554.5,1568.5,782.5
5076,2024/01/25,1575.5,1576.5,1561,1568.5,590.5
5076,2024/01/26,1568,1568,1543,1549,547.799987792969
5076,2024/01/29,1556,1564.5,1544.5,1550.5,412.100006103516
5076,2024/01/30,1543.5,1545,1520.5,1532.5,572.700012207031
5076,2024/01/31,1524,1548,1519,1547.5,592.400024414063
5076,2024/02/01,1522.5,1541.5,1516,1536.5,810.200012207031
5076,2024/02/02,1534,1551.5,1517,1545,491.700012207031
5076,2024/02/05,1552.5,1553.5,1524.5,1545,452
5076,2024/02/06,1544.5,1551.5,1523,1525.5,429.5
5076,2024/02/07,1514,1545.5,1510,1536,470.200012207031
5076,2024/02/08,1527,1529,1505,1507,666.400024414063
5076,2024/02/09,1498.5,1581,1476,1501,1851.30004882813
5076,2024/02/13,1495,1531,1486,1508.5,839.700012207031
5076,2024/02/14,1513.5,1523.5,1458.5,1475.5,816
5076,2024/02/15,1495,1495,1449,1460,710.100036621094
5076,2024/02/16,1479,1485.5,1465.5,1472,1309.40002441406
5076,2024/02/19,1473.5,1502.5,1467,1500,854
5076,2024/02/20,1500,1509,1480.5,1497,825.799987792969
5076,2024/02/21,1503,1514.5,1488.5,1492,861.900024414063
5076,2024/02/22,1497,1531.5,1493.5,1525,874.100036621094
5076,2024/02/26,1537,1546.5,1520.5,1541,1350.20007324219
5076,2024/02/27,1530,1553,1508.5,1540,959.299987792969
5076,2024/02/28,1530,1547.5,1525,1542,656.700012207031
5076,2024/02/29,1545,1553,1534,1535.5,1067.09997558594
5076,2024/03/01,1554,1563,1513.5,1521,654.299987792969
5076,2024/03/04,1513,1567,1502.5,1559.5,900.900024414063
5076,2024/03/05,1559.5,1559.5,1520.5,1550,717.5
5076,2024/03/06,1540.5,1564.5,1538,1551,592.400024414063
5076,2024/03/07,1556,1559.5,1501.5,1510,642.400024414063
5076,2024/03/08,1518,1615.5,1518,1582.5,1108.09997558594
5076,2024/03/11,1552,1564,1516.5,1547,730
5076,2024/03/12,1541,1541,1501.5,1534,601
5076,2024/03/13,1554,1568,1518,1526.5,624.299987792969
5076,2024/03/14,1566.5,1570.5,1543.5,1569,616.299987792969
5076,2024/03/15,1562.5,1609,1561,1609,2008.40002441406
5076,2024/03/18,1632.5,1636.5,1596.5,1619,515.100036621094
5076,2024/03/19,1599.5,1626.5,1593,1620.5,459.100006103516
5076,2024/03/21,1636.5,1654,1629.5,1649.5,586.400024414063
5076,2024/03/22,1500,1504,1457.5,1495,4955.39990234375
5076,2024/03/25,1507.5,1508.5,1478.5,1486.5,1767
5076,2024/03/26,1472,1492,1464.5,1484,1086.80004882813
5076,2024/03/27,1492,1501,1485.5,1490,1139.59997558594
5076,2024/03/28,1468,1483,1448,1448,1139.20007324219
5076,2024/03/29,1458,1463,1436.5,1443.5,594.299987792969
5076,2024/04/01,1458,1489,1453,1454,1268.40002441406
5076,2024/04/02,1475,1478,1450,1450,1222.90002441406
5076,2024/04/03,1445,1457,1410,1419,1707.70007324219
5076,2024/04/04,1427.5,1448.5,1421.5,1433,1334.59997558594
5076,2024/04/05,1432,1441,1408.5,1431.5,1358.30004882813
5076,2024/04/08,1425,1431,1413,1423.5,587.600036621094
5076,2024/04/09,1411,1420,1400.5,1416,921
5076,2024/04/10,1413,1429.5,1409,1420.5,766.700012207031
5076,2024/04/11,1410,1428,1398,1424.5,629.5
5076,2024/04/12,1430.5,1433,1416,1428.5,727.799987792969
5076,2024/04/15,1417,1429,1408,1412,887.5
5076,2024/04/16,1406,1413.5,1385.5,1391,986.600036621094
5076,2024/04/17,1391.5,1396.5,1364,1371,1176.09997558594
5076,2024/04/18,1362.5,1377,1356,1372,855.799987792969
5076,2024/04/19,1357,1357.5,1333.5,1345,963.200012207031
5076,2024/04/22,1352,1387.5,1342.5,1384.5,984.299987792969
5076,2024/04/23,1379.5,1406.5,1379.5,1384.5,991.299987792969
5076,2024/04/24,1385,1406,1385,1395.5,1089.20007324219
5076,2024/04/25,1378.5,1381.5,1364,1367.5,1045.90002441406
5076,2024/04/26,1361,1374.5,1345.5,1374.5,907.299987792969
5076,2024/04/30,1396.5,1412.5,1381,1397.5,1054.20007324219
5076,2024/05/01,1385,1392,1378.5,1388,495.700012207031
5076,2024/05/02,1380,1389,1377.5,1379,767.600036621094
5076,2024/05/07,1382,1395,1375.5,1386.5,662.900024414063
5076,2024/05/08,1378,1381,1366,1373,665.700012207031
5076,2024/05/09,1370,1394.5,1363,1380,808.700012207031
5076,2024/05/10,1394.5,1409.5,1389.5,1398,859.299987792969
5076,2024/05/13,1398,1413.5,1394,1401,671.100036621094
5076,2024/05/14,1395,1398,1376,1383,854.799987792969
5076,2024/05/15,1396,1443,1370,1416.5,2998.30004882813
5076,2024/05/16,1400,1425.5,1394,1410.5,1422
5076,2024/05/17,1407,1418.5,1388,1407.5,2384.40014648438
5076,2024/05/20,1420,1443,1413.5,1436,1138.5
5076,2024/05/21,1425,1432.5,1411.5,1416.5,772.700012207031
5076,2024/05/22,1409.5,1412,1378,1386.5,947.100036621094
5076,2024/05/23,1388.5,1388.5,1362.5,1371.5,765
5076,2024/05/24,1365,1391,1363,1373.5,1408
5076,2024/05/27,1375,1375.5,1363.5,1370.5,408.200012207031
5076,2024/05/28,1370.5,1376.5,1356.5,1364,634.900024414063
5076,2024/05/29,1370,1376,1351.5,1356.5,871.5
5076,2024/05/30,1351.5,1354,1343,1351.5,742.700012207031
5076,2024/05/31,1356.5,1365.5,1352.5,1362.5,968.5
5076,2024/06/03,1363,1368,1351,1351.5,543.200012207031
5076,2024/06/04,1347,1362,1332,1347,1081
5076,2024/06/05,1340.5,1349.5,1333.5,1333.5,864.799987792969
5076,2024/06/06,1334,1342,1330,1330,1185.40002441406
5076,2024/06/07,1333,1339,1324.5,1336,844.200012207031
5076,2024/06/10,1336,1344,1331,1340,568.900024414063
5076,2024/06/11,1344,1348,1319.5,1319.5,678.5
5076,2024/06/12,1317,1320.5,1299,1302.5,852.100036621094
5076,2024/06/13,1310,1310,1282.5,1284,922.5
5076,2024/06/14,1276,1302.5,1275,1294,788.5
5076,2024/06/17,1275,1279.5,1237,1243,1810.30004882813
5076,2024/06/18,1257.5,1259,1242.5,1245.5,760.299987792969
5076,2024/06/19,1255,1266,1249.5,1255,537.700012207031
5076,2024/06/20,1249.5,1257.5,1244,1251,958.200012207031
5076,2024/06/21,1260,1273,1259.5,1262,906.600036621094
5076,2024/06/24,1277,1294.5,1275.5,1286,1358.59997558594
5076,2024/06/25,1292.5,1307.5,1285,1299.5,1176.80004882813
5076,2024/06/26,1295.5,1300,1286,1294.5,955.799987792969
5076,2024/06/27,1301.5,1304,1291.5,1301,868.799987792969
5076,2024/06/28,1306,1308.5,1298,1304.5,620.100036621094
5076,2024/07/01,1314.5,1316.5,1299,1301.5,1022.5
5076,2024/07/02,1298.5,1300,1281,1291,1265.09997558594
5076,2024/07/03,1289,1296.5,1281.5,1296.5,839.600036621094
5076,2024/07/04,1304,1317.5,1301.5,1309.5,1045.80004882813
5076,2024/07/05,1299,1299,1278,1279.5,1071.80004882813
5076,2024/07/08,1275,1279,1264.5,1267,1072
5076,2024/07/09,1262,1271.5,1255.5,1267,950.799987792969
5076,2024/07/10,1265,1276,1260.5,1271.5,919.5
5076,2024/07/11,1284.5,1288,1275,1285,692.299987792969
5076,2024/07/12,1286.5,1317.5,1285,1305,1563.59997558594
5076,2024/07/16,1304,1307,1292,1294,650
5076,2024/07/17,1295.5,1309.5,1293.5,1305,663.799987792969
5076,2024/07/18,1300,1307.5,1296,1301,654
5076,2024/07/19,1301,1302.5,1292,1302,429.300018310547
5076,2024/07/22,1299,1306.5,1295.5,1299.5,479.100006103516
5076,2024/07/23,1300,1302.5,1289,1297,578.400024414063
5076,2024/07/24,1297,1297,1274,1277,772
5076,2024/07/25,1280,1280.5,1262,1266,822.200012207031
5076,2024/07/26,1275,1289,1274,1282,532.5
5076,2024/07/29,1290,1298.5,1280,1289.5,408.5
5076,2024/07/30,1290,1290,1281,1286.5,399.700012207031
5076,2024/07/31,1291,1315.5,1283.5,1309,1037.5
5076,2024/08/01,1296,1296.5,1251,1261.5,1249
5076,2024/08/02,1235,1247.5,1223.5,1225,1331.30004882813
5076,2024/08/05,1167,1193.5,1105,1130,2270.60009765625
5076,2024/08/06,1209,1221.5,1171,1184,1531
5076,2024/08/07,1167,1234,1167,1199,1078.30004882813
5076,2024/08/08,1200,1215.5,1193,1201.5,612.100036621094
5076,2024/08/09,1218,1230,1156,1169,1931.09997558594
5076,2024/08/13,1160,1194,1153.5,1186,1226.30004882813
5076,2024/08/14,1198,1213.5,1190.5,1204.5,962
5076,2024/08/15,1200,1204,1186.5,1191.5,640.400024414063
5076,2024/08/16,1200,1209,1193,1205,586.100036621094
5076,2024/08/19,1202,1212,1198.5,1201.5,687.600036621094
5076,2024/08/20,1200.5,1211.5,1200.5,1207,677.900024414063
5076,2024/08/21,1200,1206,1197,1205.5,519.200012207031
5076,2024/08/22,1202.5,1208.5,1199.5,1207,615.5
5076,2024/08/23,1226,1238,1219.5,1231,1196.20007324219
5076,2024/08/26,1230,1230,1215,1221.5,370.100006103516
5076,2024/08/27,1221.5,1228,1213.5,1221,444.899993896484
5076,2024/08/28,1220.5,1223.5,1208,1219,487.399993896484
5076,2024/08/29,1219,1224,1210,1217.5,648.299987792969
5076,2024/08/30,1221.5,1226.5,1216.5,1222,415.300018310547
5076,2024/09/02,1240,1240.5,1226,1230,579.299987792969
5076,2024/09/03,1221.5,1238,1220.5,1238,639.400024414063
5076,2024/09/04,1220,1229,1206,1211.5,757.100036621094
5076,2024/09/05,1206,1215.5,1197,1211,807.700012207031
5076,2024/09/06,1208,1213.5,1203,1212.5,797.799987792969
5076,2024/09/09,1182.5,1201.5,1171,1195.5,736.799987792969
5076,2024/09/10,1185,1196.5,1183,1190,692.299987792969
5076,2024/09/11,1196,1196,1167,1180,689.600036621094
5076,2024/09/12,1185.5,1201,1183,1194,568.5
5076,2024/09/13,1185,1187,1180,1181.5,729.400024414063
5076,2024/09/17,1190,1192.5,1164.5,1172.5,832
5076,2024/09/18,1185,1186,1172,1181,635.700012207031
5076,2024/09/19,1199,1209,1189.5,1200,704.400024414063
5076,2024/09/20,1204,1207,1191.5,1194.5,951.799987792969
5076,2024/09/24,1200,1201,1191.5,1197,1247.70007324219
5076,2024/09/25,1195,1206.5,1181.5,1198.5,1205.30004882813
5076,2024/09/26,1204,1210.5,1194,1210.5,1447.5
5076,2024/09/27,1174,1191,1169.5,1186,1208.40002441406
5076,2024/09/30,1149.5,1177.5,1149.5,1172.5,1148.80004882813
5076,2024/10/01,1171.5,1181.5,1168,1178.5,630.400024414063
5076,2024/10/02,1178.5,1189,1172.5,1174.5,538.400024414063
5076,2024/10/03,1193.5,1196.5,1181.5,1181.5,452.100006103516
5076,2024/10/04,1181.5,1188.5,1178,1188.5,490.300018310547
5076,2024/10/07,1193.5,1195,1183,1188.5,653.600036621094
5076,2024/10/08,1180,1188.5,1168,1172.5,940.799987792969
5076,2024/10/09,1170,1178,1165,1170,668.400024414063
5076,2024/10/10,1166.5,1170.5,1161.5,1167.5,923.200012207031
5076,2024/10/11,1164,1170,1163,1163,914
5076,2024/10/15,1174,1179.5,1169.5,1171.5,934.900024414063
5076,2024/10/16,1166,1180,1163,1174,717.100036621094
5076,2024/10/17,1172,1182,1165.5,1165.5,680.400024414063
5076,2024/10/18,1166.5,1168.5,1150.5,1152,762.299987792969
5076,2024/10/21,1151,1180.5,1149,1178.5,1221.80004882813
5076,2024/10/22,1174.5,1174.5,1148,1152.5,1035.90002441406
5076,2024/10/23,1157.5,1161.5,1148,1148,638.600036621094
5076,2024/10/24,1144,1148,1136,1141.5,665.200012207031
5076,2024/10/25,1141.5,1146,1120.5,1127,1030.5
5076,2024/10/28,1121,1143,1119,1138,801.400024414063
5076,2024/10/29,1138.5,1146,1133,1138,700.5
5076,2024/10/30,1138,1145,1135.5,1140,3228.5
5076,2024/10/31,1150,1158.5,1145,1150.5,721.5
5076,2024/11/01,1145,1145,1122,1122,758
5076,2024/11/05,1140,1148,1134.5,1145,867.5
5076,2024/11/06,1150.5,1155,1134,1137.5,679
5076,2024/11/07,1132,1160,1131,1157.5,901.200012207031
5076,2024/11/08,1151.5,1154.5,1132,1132,964.5
5076,2024/11/11,1133,1145.5,1132.5,1135,667.100036621094
5076,2024/11/12,1149,1180,1115.5,1156.5,2121.30004882813
5076,2024/11/13,1170,1203.5,1166.5,1187,1518.90002441406
5076,2024/11/14,1188,1218,1182.5,1190,1403.30004882813
5076,2024/11/15,1191,1208.5,1181,1203,928
5076,2024/11/18,1202,1211,1196,1209.5,1111.90002441406
5076,2024/11/19,1217.5,1231.5,1216.5,1216.5,1562.30004882813
5076,2024/11/20,1216,1223.5,1207.5,1219.5,699.700012207031
5076,2024/11/21,1214,1222,1198,1217,1802.40002441406
5076,2024/11/22,1217,1218.5,1199.5,1209.5,1836.70007324219
5076,2024/11/25,1220,1221,1190.5,1190.5,1653.59997558594
5076,2024/11/26,1200,1216.5,1193,1215.5,886.700012207031
5076,2024/11/27,1213.5,1214,1194,1202,1054.80004882813
5076,2024/11/28,1207,1221,1205,1217.5,693
5076,2024/11/29,1217,1222.5,1207,1214,522.5
5076,2024/12/02,1212.5,1214,1200.5,1207.5,735.400024414063
5076,2024/12/03,1208,1219.5,1206,1215.5,809.5
5076,2024/12/04,1215.5,1218,1206.5,1208,721.799987792969
5076,2024/12/05,1211,1214,1200.5,1200.5,839.700012207031
5076,2024/12/06,1210,1210,1199,1207,821.400024414063
5076,2024/12/09,1214,1221,1210,1212,507.5
5076,2024/12/10,1221,1221,1185,1189.5,1139.40002441406
5076,2024/12/11,1190,1193.5,1180,1183.5,640.700012207031
5076,2024/12/12,1186,1202.5,1186,1195,828
5076,2024/12/13,1165,1185,1163.5,1168.5,1167.70007324219
5076,2024/12/16,1174,1185,1172.5,1174,627
5076,2024/12/17,1170,1175.5,1150,1150,499.600006103516
5076,2024/12/18,1148,1158.5,1147,1148,568
5076,2024/12/19,1140,1164,1137,1155.5,533.200012207031
5076,2024/12/20,1156,1162.5,1150,1155.5,1293
5076,2024/12/23,1161.5,1179.5,1161,1165,749.700012207031
5076,2024/12/24,1160.5,1203.5,1160.5,1198.5,1020.79998779297
5076,2024/12/25,1202.5,1203,1185,1193.5,1919.59997558594
5076,2024/12/26,1193.5,1212,1189.5,1209,2473.60009765625
5076,2024/12/27,1212.5,1227,1205,1224.5,1014.29998779297
5076,2024/12/30,1228,1233,1213,1221,759.299987792969
5076,2025/01/06,1221,1222.5,1199.5,1205.5,1158.20007324219
5076,2025/01/07,1200.5,1206.5,1196.5,1199.5,711.600036621094
5076,2025/01/08,1201,1205,1193,1193,409.300018310547
5076,2025/01/09,1195.5,1195.5,1175,1180.5,793.600036621094
5076,2025/01/10,1175.5,1181.5,1172.5,1176.5,558.900024414063
5076,2025/01/14,1185,1186.5,1158,1160,757.5
5076,2025/01/15,1158,1160,1141,1145,731.400024414063
5076,2025/01/16,1145,1147.5,1139,1139.5,527.5
5076,2025/01/17,1135,1139,1126.5,1137,824.200012207031
5076,2025/01/20,1140,1145.5,1137.5,1145.5,421.100006103516
5076,2025/01/21,1145,1147.5,1141,1144,392
5076,2025/01/22,1148,1161,1147,1158.5,664.5
5076,2025/01/23,1150.5,1154.5,1141,1151.5,671
5076,2025/01/24,1151,1156.5,1145.5,1147.5,808.600036621094
5076,2025/01/27,1153.5,1163,1152,1157,622.299987792969
5076,2025/01/28,1155,1158,1151,1154,1591.40002441406
5076,2025/01/29,1154,1158,1146.5,1150.5,2256
5076,2025/01/30,1162,1173.5,1155.5,1171.5,1273.90002441406
5076,2025/01/31,1169,1174.5,1161,1170.5,637.400024414063
5076,2025/02/03,1160,1162.5,1144.5,1147.5,1200.09997558594
5076,2025/02/04,1153,1156,1141.5,1143.5,889
5076,2025/02/05,1143,1151,1141.5,1149,556.600036621094
5076,2025/02/06,1147,1160,1147,1157.5,636.600036621094
5076,2025/02/07,1158,1162,1152.5,1156.5,729.299987792969
5076,2025/02/10,1155.5,1172,1155.5,1167.5,785.299987792969
5076,2025/02/12,1183,1186,1128,1166.5,2622.90014648438
5076,2025/02/13,1152,1163.5,1140,1162.5,1523.09997558594
5076,2025/02/14,1163,1170,1151.5,1151.5,1112.59997558594
5076,2025/02/17,1159.5,1165,1140,1140,858.900024414063
5076,2025/02/18,1144,1156,1139.5,1149.5,622.400024414063
5076,2025/02/19,1159.5,1170,1153.5,1155,921.200012207031
5076,2025/02/20,1155,1156,1135.5,1144,802.299987792969
5076,2025/02/21,1144,1145,1130,1132.5,1003.70001220703
5076,2025/02/25,1131,1140,1131,1140,547.799987792969
5076,2025/02/26,1150,1157,1144.5,1150,924.700012207031
5076,2025/02/27,1156.5,1169,1154.5,1166,1095
5076,2025/02/28,1168,1173,1154,1160,903.299987792969
5076,2025/03/03,1164.5,1176.5,1163,1175,935.400024414063
5076,2025/03/04,1175,1186.5,1166.5,1179.5,826.799987792969
5076,2025/03/05,1185,1202,1185,1197.5,1197.70007324219
5076,2025/03/06,1217.5,1220.5,1203,1206.5,931.900024414063
5076,2025/03/07,1203,1214,1200.5,1212,871.799987792969
5076,2025/03/10,1212,1215,1199,1199.5,847.299987792969
5076,2025/03/11,1197.5,1202,1168,1181.5,1117.59997558594
5076,2025/03/12,1184.5,1192.5,1181.5,1188.5,783.700012207031
5076,2025/03/13,1197,1201,1191,1198.5,551.900024414063
5076,2025/03/14,1185,1196.5,1185,1185.5,578.5
5076,2025/03/17,1190,1203.5,1188,1201,511.200012207031
5076,2025/03/18,1211.5,1212,1203,1205.5,628.799987792969
5076,2025/03/19,1212,1224,1210,1218.5,708.100036621094
5076,2025/03/21,1219.5,1232,1216,1216,1061.5
5076,2025/03/24,1215,1219,1205,1216,658.299987792969
5076,2025/03/25,1220,1234.5,1211.5,1229,926.200012207031
5076,2025/03/26,1245,1246.5,1223,1240.5,1617.09997558594
5076,2025/03/27,1240,1257,1231,1253,1218.20007324219
5076,2025/03/28,1215,1241,1211,1229,1353.5
5076,2025/03/31,1206,1218.5,1202.5,1207.5,1170.90002441406
5076,2025/04/01,1219.5,1219.5,1193,1199,866.200012207031
5076,2025/04/02,1198,1198.5,1185.5,1189.5,592.5
5076,2025/04/03,1150,1169,1148.5,1160,1228.5
5076,2025/04/04,1152,1162,1135.5,1157,1362.70007324219
5076,2025/04/07,1100,1124,1089,1104.5,1489.5
5076,2025/04/08,1134.5,1144.5,1120,1136,1190.09997558594
5076,2025/04/09,1124.5,1133.5,1107.5,1128,978.700012207031
5076,2025/04/10,1164,1170,1142.5,1165,1174.70007324219
5076,2025/04/11,1140,1162.5,1127.5,1162,825.900024414063
5076,2025/04/14,1162,1173.5,1162,1169,441.800018310547
5076,2025/04/15,1168,1171,1159.5,1162.5,418.600006103516
5076,2025/04/16,1162.5,1175.5,1162.5,1174,529.400024414063
5076,2025/04/17,1180.5,1186.5,1172.5,1176,373.899993896484
5076,2025/04/18,1182,1198.5,1180.5,1197,454.5
5076,2025/04/21,1210,1219,1200.5,1214.5,711.799987792969
5076,2025/04/22,1210,1225.5,1210,1225.5,864.400024414063
5076,2025/04/23,1225,1229.5,1219,1227.5,998.600036621094
5076,2025/04/24,1227.5,1229,1205,1206.5,703.900024414063
5076,2025/04/25,1211,1233,1211,1223,1002
5076,2025/04/28,1215,1231,1214,1225.5,709.400024414063
5076,2025/04/30,1228,1228,1214,1221,595.5
5076,2025/05/01,1217,1222.5,1203.5,1221,847.900024414063
5076,2025/05/02,1218.5,1228.5,1214,1221,646.5
5076,2025/05/07,1232,1239,1227.5,1234,569.299987792969
5076,2025/05/08,1234,1236,1226.5,1235,618.900024414063
5076,2025/05/09,1244,1259.5,1241.5,1249,961.5
5076,2025/05/12,1250,1260.5,1245,1256,514.900024414063
5076,2025/05/13,1256,1256,1232.5,1242,793.600036621094
5076,2025/05/14,1240,1244,1207.5,1236,1583.5
5076,2025/05/15,1176,1200,1145,1146.5,3794.80004882813
5076,2025/05/16,1148,1155,1131,1150,1632.30004882813
5076,2025/05/19,1164,1165,1147.5,1150.5,1396.80004882813
5076,2025/05/20,1169,1169,1156.5,1162,887.100036621094
5076,2025/05/21,1174,1195,1174,1182.5,1206.30004882813
5076,2025/05/22,1170,1189.5,1166.5,1189.5,1109.80004882813
5076,2025/05/23,1190.5,1203,1186,1194.5,589.799987792969
5076,2025/05/26,1195,1201.5,1190.5,1195,502.300018310547
5076,2025/05/27,1195,1195,1183,1189,394.800018310547
5076,2025/05/28,1190,1193,1183,1190.5,499.800018310547
5076,2025/05/29,1194.5,1195.5,1185.5,1188,568.900024414063
5076,2025/05/30,1185,1185,1167,1178.5,1196.90002441406
5076,2025/06/02,1176.5,1189.5,1175,1181,787.5
5076,2025/06/03,1177,1182.5,1168.5,1182,797.100036621094
5076,2025/06/04,1181,1187.5,1178,1183.5,544
5076,2025/06/05,1184.5,1187,1177,1180.5,689.100036621094
5076,2025/06/06,1180.5,1202.5,1180.5,1201.5,672.900024414063
5076,2025/06/09,1200,1203,1193,1195.5,426.800018310547
5076,2025/06/10,1205,1212.5,1196.5,1198,803.700012207031
5076,2025/06/11,1195,1203,1187,1203,676.600036621094
5076,2025/06/12,1203,1214.5,1196,1197,759.700012207031
5076,2025/06/13,1195,1200,1189,1192.5,778.400024414063
5076,2025/06/16,1200,1203,1191,1194.5,469.200012207031
5076,2025/06/17,1193,1195,1186.5,1190.5,524.299987792969
5076,2025/06/18,1191,1193.5,1183.5,1193.5,428.399993896484
5076,2025/06/19,1189.5,1192.5,1183.5,1185,336.800018310547
5076,2025/06/20,1189.5,1197,1188,1194.5,1351.20007324219
5076,2025/06/23,1184.5,1195,1182.5,1189.5,512.799987792969
5076,2025/06/24,1195,1195,1175,1175,818.600036621094
5076,2025/06/25,1180,1180,1168,1178.5,616.100036621094
5076,2025/06/26,1178.5,1185.5,1176,1185.5,383.700012207031
5076,2025/06/27,1185.5,1193.5,1184,1193,647.600036621094
5076,2025/06/30,1199.5,1214.5,1195,1210.5,1001.20001220703
5076,2025/07/01,1206,1224.5,1203.5,1216,1482.90002441406
5076,2025/07/02,1213,1254,1208,1236.5,1187.30004882813
5076,2025/07/03,1234.5,1235.5,1219,1228,716.400024414063
5076,2025/07/04,1234.5,1236,1226.5,1234.5,657.299987792969
5076,2025/07/07,1233.5,1235.5,1227.5,1231.5,976.600036621094
5076,2025/07/08,1233.5,1240,1222,1233.5,1118.5
5076,2025/07/09,1234,1257,1232.5,1252,875.299987792969
5076,2025/07/10,1248,1249.5,1240.5,1242,1096.80004882813
5076,2025/07/11,1249,1252.5,1237,1245.5,1301.09997558594
5076,2025/07/14,1245.5,1249,1238.5,1242.5,836
5076,2025/07/15,1249.5,1252.5,1231,1235,841.100036621094
5076,2025/07/16,1230,1232,1221,1222.5,603.600036621094
5076,2025/07/17,1220,1237,1218.5,1236,531.299987792969
5076,2025/07/18,1249.5,1249.5,1237,1242.5,669.900024414063
5076,2025/07/22,1250,1263,1249.5,1256,789.100036621094
5076,2025/07/23,1261,1267.5,1250,1252,937.799987792969
5076,2025/07/24,1258,1259,1246.5,1257,799.5
5076,2025/07/25,1260,1260,1248,1254.5,624.200012207031
5076,2025/07/28,1265,1281,1262,1278.5,1022
5076,2025/07/29,1268,1276,1260,1266.5,701.400024414063
5076,2025/07/30,1266,1279.5,1263,1278,532
5076,2025/07/31,1281,1290,1276,1282.5,721.799987792969
5076,2025/08/01,1287.5,1312,1283,1310.5,1114.40002441406
5076,2025/08/04,1290,1312,1285,1312,729
5076,2025/08/05,1317,1317.5,1303.5,1303.5,655.100036621094
5076,2025/08/06,1307.5,1332.5,1307,1330,1344.80004882813
5076,2025/08/07,1333,1348,1327.5,1334,1604.90002441406
5076,2025/08/08,1340,1384.5,1338.5,1355,3189.40014648438
5076,2025/08/12,1382.5,1399,1381.5,1395,2098.90014648438
5076,2025/08/13,1383,1391.5,1376,1384.5,1575.40002441406
5076,2025/08/14,1370.5,1375.5,1360,1374.5,1304
5076,2025/08/15,1366,1378.5,1361,1375.5,781.5
5076,2025/08/18,1381,1386.5,1376,1383.5,771
5076,2025/08/19,1390,1404,1387,1403,1048.59997558594
5076,2025/08/20,1403,1411,1396.5,1411,1021.29998779297
5076,2025/08/21,1414,1414,1396.5,1408.5,771.200012207031
5076,2025/08/22,1419,1453.5,1416.5,1453,1768
5076,2025/08/25,1451,1453.5,1433.5,1434.5,1249.80004882813
5076,2025/08/26,1433.5,1435,1414,1414,1277.70007324219
5076,2025/08/27,1414,1428.5,1412,1423.5,798.5
5076,2025/08/28,1425,1444.5,1425,1443.5,923.299987792969
5076,2025/08/29,1447.5,1478,1440.5,1472.5,1583.59997558594
5076,2025/09/01,1468,1486,1456.5,1484,1582
5076,2025/09/02,1484,1495,1481,1490,1050.90002441406
5076,2025/09/03,1497,1502,1482,1489,1668.09997558594
5076,2025/09/04,1499.5,1516,1497.5,1511.5,1248.20007324219
5076,2025/09/05,1516,1516,1498,1513.5,906.600036621094
5076,2025/09/08,1512.5,1529,1505.5,1523.5,893.400024414063
5076,2025/09/09,1524.5,1538,1511.5,1515,1125.09997558594
5076,2025/09/10,1512,1521.5,1509,1516,776.700012207031
5076,2025/09/11,1515,1534,1511,1521,843.900024414063
5076,2025/09/12,1521,1526,1509,1509,975.799987792969
5076,2025/09/16,1518.5,1540,1517.5,1530,1416.20007324219
5076,2025/09/17,1539,1539.5,1509,1510,1120.40002441406
5076,2025/09/18,1507,1517,1489,1510.5,964.600036621094
5076,2025/09/19,1527,1533,1520,1523,1343.59997558594
5076,2025/09/22,1530,1539,1516,1517.5,899.900024414063
5076,2025/09/24,1520,1533.5,1520,1529.5,1462.5
5076,2025/09/25,1532,1543,1528,1530.5,1006
5076,2025/09/26,1540,1562,1536,1550,1538.09997558594
5076,2025/09/29,1529.5,1544,1515.5,1535.5,1165.40002441406
5076,2025/09/30,1539.5,1546.5,1515,1539,1488.80004882813
5076,2025/10/01,1664,1695.5,1627.5,1672.5,8305.400390625
5076,2025/10/02,1660,1717.5,1648,1709,3146.19995117188
5076,2025/10/03,1706,1715,1666.5,1666.5,2371.80004882813
5076,2025/10/06,1706.5,1723.5,1680.5,1694.5,2419.69995117188
5076,2025/10/07,1709,1729.5,1691.5,1722,2670.40014648438
5076,2025/10/08,1716,1742.5,1712,1736,2006.30004882813
5076,2025/10/09,1736,1754.5,1727,1752,2068.60009765625
5076,2025/10/10,1738.5,1742.5,1691,1698,2105.60009765625
5076,2025/10/14,1678,1689,1623,1632.5,3218.40014648438
5076,2025/10/15,1637,1666,1635,1658,2022.30004882813
5076,2025/10/16,1665,1681,1632,1632.5,1856.30004882813
5076,2025/10/17,1646,1655,1633,1655,1377.70007324219
5076,2025/10/20,1666,1674.5,1644.5,1658.5,999.400024414063
5076,2025/10/21,1669,1669,1633.5,1633.5,1693.70007324219
5076,2025/10/22,1648,1676,1638,1668,1448.70007324219
5076,2025/10/23,1657.5,1690,1653,1690,1012.20001220703
5076,2025/10/24,1700,1705.5,1681.5,1691.5,955.100036621094
5076,2025/10/27,1699,1699,1682,1688.5,1176.30004882813
5076,2025/10/28,1688.5,1710,1657.5,1658,2309.90014648438
5076,2025/10/29,1675,1675,1645.5,1654,1043.70007324219
5076,2025/10/30,1657.5,1668,1646.5,1667,878
5076,2025/10/31,1683,1686.5,1650.5,1653,1634.90002441406
5076,2025/11/04,1635,1667.5,1632.5,1652,1262
5076,2025/11/05,1647,1692,1629,1692,1580
5076,2025/11/06,1710,1738,1692,1734,2010
5076,2025/11/07,1725,1753.5,1722.5,1748,1543.30004882813
5076,2025/11/10,1750,1774,1744.5,1769,1365.30004882813
5076,2025/11/11,1756,1776,1739.5,1773,1667.5
5076,2025/11/12,1775,1813.5,1768.5,1800,1813.09997558594
5076,2025/11/13,1810,1827,1796,1806,1630.59997558594
5076,2025/11/14,1780.5,1958,1768,1919.5,7297.7001953125
5076,2025/11/17,1919,1942.5,1865,1869.5,4236.7001953125
5076,2025/11/18,1882,1896,1837.5,1846,1870.59997558594
5076,2025/11/19,1853.5,1896,1840,1895,1995.20007324219
5076,2025/11/20,1900,1931.5,1882.5,1882.5,2444.19995117188
5076,2025/11/21,1883,1925,1881,1906,3027.19995117188
5076,2025/11/25,1943,1946,1910.5,1922,1376.59997558594
5076,2025/11/26,1971.5,2035,1969,2027,3046.69995117188
5076,2025/11/27,2018,2034.5,1995,2000.5,1321.20007324219
5076,2025/11/28,1993.5,2018.5,1988,2005.5,1494.09997558594
5076,2025/12/01,1992,2005,1953,1965.5,1598.59997558594
5076,2025/12/02,1954,1965.5,1937.5,1959.5,996.799987792969
5076,2025/12/03,1941,1979.5,1937,1979.5,962.900024414063
5076,2025/12/04,1970,1992,1957.5,1967.5,958.5
5076,2025/12/05,1987,1993,1938,1938,1215.90002441406
5076,2025/12/08,2006,2019.5,1981,2010,1486.59997558594
5076,2025/12/09,2023.5,2046.5,2005,2031,1505.5
5076,2025/12/10,2064,2074,2029.5,2044,1449.40002441406
5076,2025/12/11,2063,2076,2022,2036,1545.59997558594
5076,2025/12/12,2053.5,2054.5,2037,2046.5,1067.80004882813
5076,2025/12/15,2068.5,2087.5,2047.5,2083.5,1267.5
5076,2025/12/16,2099,2102.5,2044,2044,2603.5
5076,2025/12/17,2061,2072.5,2033.5,2059,1188.40002441406
5076,2025/12/18,2073,2073,2042,2062,1348.59997558594
5076,2025/12/19,2086.5,2112,2074,2104,1820.40002441406
5076,2025/12/22,2104.5,2109.5,2066,2077,1122.20007324219
5076,2025/12/23,2062,2082.5,2057.5,2074.5,887.200012207031
5076,2025/12/24,2101,2152,2094,2121,1826.90002441406
5076,2025/12/25,2133,2134.5,2118,2134.5,627.100036621094
5076,2025/12/26,2140,2155,2121,2132,795.900024414063
5076,2025/12/29,2130,2151.5,2122,2138,1168.09997558594
5076,2025/12/30,2154,2164,2138,2138,1240.80004882813
