5830,2022/10/03,689,725,650,684,776.200012207031
5830,2022/10/04,704,708,692,708,751.600036621094
5830,2022/10/05,706,706,670,678,895.799987792969
5830,2022/10/06,671,690,671,683,559.400024414063
5830,2022/10/07,673,690,673,683,398.700012207031
5830,2022/10/11,675,685,660,671,781.900024414063
5830,2022/10/12,672,693,672,687,603.900024414063
5830,2022/10/13,681,685,673,676,385.800018310547
5830,2022/10/14,696,707,694,697,541.600036621094
5830,2022/10/17,698,712,683,684,303.899993896484
5830,2022/10/18,692,702,692,698,264
5830,2022/10/19,688,703,683,700,248.900009155273
5830,2022/10/20,695,724,695,721,681.700012207031
5830,2022/10/21,717,721,706,715,626.5
5830,2022/10/24,725,725,708,715,395.399993896484
5830,2022/10/25,724,729,710,713,444.300018310547
5830,2022/10/26,720,733,719,729,531.100036621094
5830,2022/10/27,719,728,687,695,914.799987792969
5830,2022/10/28,688,700,679,680,2285.80004882813
5830,2022/10/31,688,701,688,697,619.5
5830,2022/11/01,696,696,681,682,446.200012207031
5830,2022/11/02,676,687,676,683,619.5
5830,2022/11/04,678,690,678,683,534
5830,2022/11/07,683,689,677,679,395.300018310547
5830,2022/11/08,679,682,669,673,722.700012207031
5830,2022/11/09,677,678,671,672,221.100006103516
5830,2022/11/10,670,680,667,677,423.600006103516
5830,2022/11/11,685,687,660,661,687.299987792969
5830,2022/11/14,660,663,643,643,777.299987792969
5830,2022/11/15,643,653,641,643,390.800018310547
5830,2022/11/16,641,645,634,639,432
5830,2022/11/17,638,647,638,642,341.600006103516
5830,2022/11/18,646,659,640,640,654.299987792969
5830,2022/11/21,651,656,645,654,488.600006103516
5830,2022/11/22,660,664,654,664,495.300018310547
5830,2022/11/24,673,699,668,692,953.299987792969
5830,2022/11/25,700,731,689,727,1279.59997558594
5830,2022/11/28,745,750,717,720,1079.59997558594
5830,2022/11/29,710,741,703,725,830.200012207031
5830,2022/11/30,724,748,717,729,1592.30004882813
5830,2022/12/01,733,733,686,689,1230.90002441406
5830,2022/12/02,682,684,665,682,1042.90002441406
5830,2022/12/05,675,679,659,666,820.900024414063
5830,2022/12/06,665,671,658,665,565.100036621094
5830,2022/12/07,657,672,655,668,664.900024414063
5830,2022/12/08,661,666,651,665,549.100036621094
5830,2022/12/09,661,668,652,655,633.700012207031
5830,2022/12/12,662,664,655,656,284.600006103516
5830,2022/12/13,662,665,654,664,481.600006103516
5830,2022/12/14,666,669,659,662,465.600006103516
5830,2022/12/15,662,680,659,680,557.200012207031
5830,2022/12/16,678,692,674,683,1032
5830,2022/12/19,681,699,681,693,622.299987792969
5830,2022/12/20,700,737,698,712,1546.30004882813
5830,2022/12/21,734,744,698,704,2036.30004882813
5830,2022/12/22,711,714,695,706,669.5
5830,2022/12/23,706,713,703,713,937.5
5830,2022/12/26,715,722,697,702,650.900024414063
5830,2022/12/27,710,721,706,721,495.200012207031
5830,2022/12/28,721,727,711,722,471.600006103516
5830,2022/12/29,719,725,707,712,337.200012207031
5830,2022/12/30,713,721,713,715,328.300018310547
5830,2023/01/04,720,733,704,731,819.200012207031
5830,2023/01/05,722,724,703,706,757
5830,2023/01/06,701,716,695,706,600.5
5830,2023/01/10,700,711,693,694,710.400024414063
5830,2023/01/11,691,696,687,695,489.800018310547
5830,2023/01/12,685,708,682,701,1041.90002441406
5830,2023/01/13,708,751,706,750,2405.69995117188
5830,2023/01/16,744,748,712,724,1502.90002441406
5830,2023/01/17,718,720,701,702,1073.09997558594
5830,2023/01/18,701,712,681,712,1479
5830,2023/01/19,712,717,702,707,505.200012207031
5830,2023/01/20,708,718,701,716,430.399993896484
5830,2023/01/23,720,733,719,724,1010.29998779297
5830,2023/01/24,723,736,718,731,707.400024414063
5830,2023/01/25,725,730,715,716,628.600036621094
5830,2023/01/26,720,723,716,720,360.200012207031
5830,2023/01/27,720,731,713,730,518.5
5830,2023/01/30,724,742,721,742,780.400024414063
5830,2023/01/31,740,747,729,731,537
5830,2023/02/01,734,741,715,717,478.600006103516
5830,2023/02/02,713,715,698,702,757.900024414063
5830,2023/02/03,700,706,695,706,593.900024414063
5830,2023/02/06,708,709,691,696,577.700012207031
5830,2023/02/07,703,707,699,704,502.600006103516
5830,2023/02/08,708,718,704,717,389
5830,2023/02/09,718,727,717,722,584.900024414063
5830,2023/02/10,718,733,718,727,487.5
5830,2023/02/13,752,796,752,796,2437.5
5830,2023/02/14,788,806,776,787,1106.90002441406
5830,2023/02/15,795,803,782,801,999.700012207031
5830,2023/02/16,798,804,791,792,1117.80004882813
5830,2023/02/17,788,801,788,798,1333.90002441406
5830,2023/02/20,805,813,802,811,631.100036621094
5830,2023/02/21,819,824,814,822,809.600036621094
5830,2023/02/22,822,822,808,809,755.5
5830,2023/02/24,818,821,801,805,1011.40002441406
5830,2023/02/27,818,820,809,818,602.100036621094
5830,2023/02/28,818,818,804,811,900.600036621094
5830,2023/03/01,815,829,811,823,1082.70007324219
5830,2023/03/02,829,834,812,816,937.5
5830,2023/03/03,816,824,811,823,957
5830,2023/03/06,814,815,807,812,999.900024414063
5830,2023/03/07,812,827,811,827,793.700012207031
5830,2023/03/08,831,837,829,834,654.100036621094
5830,2023/03/09,834,851,829,847,789.600036621094
5830,2023/03/10,832,838,804,804,1640
5830,2023/03/13,789,791,760,770,1652
5830,2023/03/14,741,744,722,727,2326.40014648438
5830,2023/03/15,747,763,745,756,1574.90002441406
5830,2023/03/16,741,742,724,737,1452.80004882813
5830,2023/03/17,756,757,741,750,1626.59997558594
5830,2023/03/20,736,747,733,736,851.5
5830,2023/03/22,750,759,747,747,983.200012207031
5830,2023/03/23,738,741,733,740,634.600036621094
5830,2023/03/24,730,741,729,739,974.200012207031
5830,2023/03/27,745,745,726,733,652.700012207031
5830,2023/03/28,745,748,728,735,961.5
5830,2023/03/29,736,750,736,750,1172
5830,2023/03/30,740,743,731,742,781.799987792969
5830,2023/03/31,747,756,743,752,664.600036621094
5830,2023/04/03,759,771,758,769,827.900024414063
5830,2023/04/04,763,772,755,770,816.299987792969
5830,2023/04/05,760,764,748,750,723.600036621094
5830,2023/04/06,746,750,738,739,738.5
5830,2023/04/07,742,758,740,755,819
5830,2023/04/10,752,761,751,753,375.5
5830,2023/04/11,758,759,745,752,696.100036621094
5830,2023/04/12,757,762,752,753,642.600036621094
5830,2023/04/13,753,757,748,755,722.600036621094
5830,2023/04/14,763,766,756,762,898.400024414063
5830,2023/04/17,770,775,764,771,622.100036621094
5830,2023/04/18,776,789,774,778,642.200012207031
5830,2023/04/19,781,782,773,782,585.600036621094
5830,2023/04/20,785,800,783,793,471.600006103516
5830,2023/04/21,793,796,784,791,522.600036621094
5830,2023/04/24,795,796,781,781,379.200012207031
5830,2023/04/25,786,793,783,787,406.399993896484
5830,2023/04/26,781,781,767,771,442.100006103516
5830,2023/04/27,771,781,769,779,498.600006103516
5830,2023/04/28,800,803,780,792,869.700012207031
5830,2023/05/01,793,797,785,797,400.600006103516
5830,2023/05/02,797,797,785,795,435.200012207031
5830,2023/05/08,783,794,781,782,477
5830,2023/05/09,783,792,775,791,427.899993896484
5830,2023/05/10,794,797,784,788,326.700012207031
5830,2023/05/11,781,794,778,794,352.700012207031
5830,2023/05/12,795,795,784,790,713.299987792969
5830,2023/05/15,790,798,775,783,814.400024414063
5830,2023/05/16,784,785,768,772,486
5830,2023/05/17,768,789,766,785,571
5830,2023/05/18,791,799,784,791,559.600036621094
5830,2023/05/19,788,789,773,774,479.800018310547
5830,2023/05/22,770,774,759,759,499.200012207031
5830,2023/05/23,768,772,761,766,638.100036621094
5830,2023/05/24,770,771,763,764,368.800018310547
5830,2023/05/25,760,763,752,755,465.800018310547
5830,2023/05/26,757,757,747,747,441.300018310547
5830,2023/05/29,756,756,749,751,279.399993896484
5830,2023/05/30,749,751,743,746,340.800018310547
5830,2023/05/31,741,748,740,747,2037.5
5830,2023/06/01,738,748,737,746,552
5830,2023/06/02,750,760,750,759,495.200012207031
5830,2023/06/05,766.5,769,755,760.900024414063,646.200012207031
5830,2023/06/06,749.799987792969,749.799987792969,736.700012207031,742.100036621094,810.700012207031
5830,2023/06/07,749,749.700012207031,737,739.600036621094,978
5830,2023/06/08,747,753.799987792969,736.700012207031,741,629.100036621094
5830,2023/06/09,741.400024414063,749,740.600036621094,747,751.700012207031
5830,2023/06/12,748.799987792969,753.799987792969,744.299987792969,746.5,299
5830,2023/06/13,744.5,750.5,742.400024414063,743,525.299987792969
5830,2023/06/14,750,758.5,747.100036621094,755.900024414063,487.800018310547
5830,2023/06/15,755.900024414063,755.900024414063,745,746.799987792969,620.5
5830,2023/06/16,750,756.100036621094,745.100036621094,748.100036621094,958
5830,2023/06/19,747.100036621094,765.100036621094,746.299987792969,764.600036621094,807.400024414063
5830,2023/06/20,761.799987792969,782.900024414063,760.700012207031,782.400024414063,1175.40002441406
5830,2023/06/21,776.400024414063,793.600036621094,775.200012207031,793.5,679.600036621094
5830,2023/06/22,797,807.900024414063,794.700012207031,804.700012207031,783
5830,2023/06/23,796.5,803,779,783.400024414063,803
5830,2023/06/26,783.299987792969,794.5,782,787.600036621094,641.799987792969
5830,2023/06/27,790,796,780.5,792.900024414063,614.900024414063
5830,2023/06/28,797.200012207031,808.799987792969,795,807.600036621094,809.600036621094
5830,2023/06/29,805.100036621094,808.5,794.5,802.299987792969,610.5
5830,2023/06/30,803,809.799987792969,797.299987792969,808.400024414063,771.5
5830,2023/07/03,803.600036621094,824,803.600036621094,823.600036621094,785.299987792969
5830,2023/07/04,823.600036621094,848.900024414063,821.600036621094,848.799987792969,1105.59997558594
5830,2023/07/05,846.299987792969,848.799987792969,821.700012207031,825.600036621094,864.600036621094
5830,2023/07/06,825.600036621094,827.799987792969,814,817.600036621094,645.100036621094
5830,2023/07/07,814.600036621094,835.799987792969,809.400024414063,828.900024414063,684.799987792969
5830,2023/07/10,837.400024414063,841.600036621094,826.400024414063,827.799987792969,780.200012207031
5830,2023/07/11,833.900024414063,833.900024414063,818,821.900024414063,379.600006103516
5830,2023/07/12,822.5,825.799987792969,814.400024414063,821.600036621094,588
5830,2023/07/13,825,827.700012207031,812.5,813.100036621094,469.800018310547
5830,2023/07/14,820.700012207031,824.799987792969,811.900024414063,819.600036621094,686.5
5830,2023/07/18,828,856,825,842.5,692.299987792969
5830,2023/07/19,854,865.400024414063,851.900024414063,859.5,953.799987792969
5830,2023/07/20,860,864.100036621094,850,861.100036621094,652.900024414063
5830,2023/07/21,870,876,862.900024414063,870.900024414063,839.900024414063
5830,2023/07/24,872.5,877.799987792969,870,875.5,968.5
5830,2023/07/25,879.900024414063,886.100036621094,874,882.600036621094,812.5
5830,2023/07/26,882.600036621094,897.799987792969,882.5,889.200012207031,1073.40002441406
5830,2023/07/27,881.700012207031,918.5,881.299987792969,915.600036621094,1623.90002441406
5830,2023/07/28,920,959.600036621094,918.700012207031,958.400024414063,1676.59997558594
5830,2023/07/31,990,1005,978.400024414063,1003.5,1935.80004882813
5830,2023/08/01,998.600036621094,1009,990.400024414063,998,1211.70007324219
5830,2023/08/02,984.799987792969,993.900024414063,977.100036621094,980,835.900024414063
5830,2023/08/03,975.5,978.700012207031,963,965.5,917.600036621094
5830,2023/08/04,965.600036621094,986.5,963,976.600036621094,687.400024414063
5830,2023/08/07,976.5,984.900024414063,970.600036621094,980.100036621094,583.700012207031
5830,2023/08/08,981.900024414063,997.100036621094,979.600036621094,990,478.200012207031
5830,2023/08/09,994.900024414063,994.900024414063,963.200012207031,965.299987792969,561.600036621094
5830,2023/08/10,970,977.400024414063,962.600036621094,975,737.799987792969
5830,2023/08/14,994.700012207031,999.600036621094,964,974.299987792969,791.299987792969
5830,2023/08/15,976.799987792969,984.700012207031,957.200012207031,981.900024414063,607.600036621094
5830,2023/08/16,962,962.200012207031,940.299987792969,942.5,966.400024414063
5830,2023/08/17,938.100036621094,972.400024414063,935,970.5,655.400024414063
5830,2023/08/18,971.900024414063,973.900024414063,955.700012207031,957.700012207031,512.100036621094
5830,2023/08/21,946,957.600036621094,940,954.799987792969,450
5830,2023/08/22,961.799987792969,981.700012207031,955.799987792969,980.900024414063,370.100006103516
5830,2023/08/23,965.900024414063,976.900024414063,958.700012207031,975.299987792969,293
5830,2023/08/24,972.5,991.600036621094,970.100036621094,980.600036621094,488.100006103516
5830,2023/08/25,982.200012207031,982.200012207031,970,976.600036621094,313.600006103516
5830,2023/08/28,981.900024414063,995.200012207031,980,994,348.100006103516
5830,2023/08/29,994,1002.5,985.5,992.600036621094,465.100006103516
5830,2023/08/30,991.200012207031,1019,991.200012207031,1011,723.299987792969
5830,2023/08/31,1004.5,1013.5,999.600036621094,1012,622.600036621094
5830,2023/09/01,1012,1032.5,1009.5,1021.5,753.5
5830,2023/09/04,1021.5,1051.5,1021.5,1051,927.700012207031
5830,2023/09/05,1064.5,1080,1054.5,1064,1124.20007324219
5830,2023/09/06,1056.5,1085,1055,1074.5,822.700012207031
5830,2023/09/07,1065.5,1093.5,1065.5,1088,735.299987792969
5830,2023/09/08,1091.5,1094,1063,1067,1274.5
5830,2023/09/11,1079.5,1137,1079.5,1137,1096.40002441406
5830,2023/09/12,1128,1137,1107.5,1124.5,1426.20007324219
5830,2023/09/13,1121.5,1126.5,1085.5,1106.5,1447.59997558594
5830,2023/09/14,1125,1139,1116.5,1118.5,1283.09997558594
5830,2023/09/15,1127,1136,1097.5,1102,1872.20007324219
5830,2023/09/19,1104.5,1121.5,1100.5,1120.5,1064.70007324219
5830,2023/09/20,1123.5,1129.5,1104.5,1108.5,870.900024414063
5830,2023/09/21,1115,1145,1104,1107,1074.09997558594
5830,2023/09/22,1095.5,1118,1084,1109.5,793.799987792969
5830,2023/09/25,1087,1101,1080.5,1087,809.600036621094
5830,2023/09/26,1110,1130.5,1101.5,1118,1702.30004882813
5830,2023/09/27,1110,1110,1087.5,1103.5,1060.90002441406
5830,2023/09/28,1088,1119,1082.5,1104.5,833.799987792969
5830,2023/09/29,1088,1097.5,1070,1075,1001.79998779297
5830,2023/10/02,1083,1122.5,1081.5,1108.5,990.700012207031
5830,2023/10/03,1099,1108.5,1072,1073.5,985.400024414063
5830,2023/10/04,1055,1060.5,1029,1036.5,1277.80004882813
5830,2023/10/05,1050.5,1079.5,1041.5,1074.5,769.400024414063
5830,2023/10/06,1078.5,1101,1064.5,1092.5,675.900024414063
5830,2023/10/10,1093.5,1122.5,1093.5,1122,951.700012207031
5830,2023/10/11,1125.5,1134,1105.5,1120,798.299987792969
5830,2023/10/12,1110.5,1116,1101.5,1112,687.100036621094
5830,2023/10/13,1102.5,1102.5,1066.5,1070,805.5
5830,2023/10/16,1049.5,1064.5,1040.5,1055.5,860.600036621094
5830,2023/10/17,1070,1071,1037,1058.5,1091
5830,2023/10/18,1066,1083,1055,1074.5,1021.40002441406
5830,2023/10/19,1057,1083.5,1057,1080,787.400024414063
5830,2023/10/20,1083,1095,1058.5,1066.5,579
5830,2023/10/23,1073.5,1096,1068,1068,482.100006103516
5830,2023/10/24,1054,1060,1016.5,1051,987.100036621094
5830,2023/10/25,1050,1066,1044.5,1052,762.5
5830,2023/10/26,1060,1062.5,1027,1043,728.600036621094
5830,2023/10/27,1046,1072,1041,1071,642
5830,2023/10/30,1060,1088,1049,1052,1050.59997558594
5830,2023/10/31,1078.5,1084.5,1036,1080.5,926.400024414063
5830,2023/11/01,1095,1115.5,1084,1111.5,949.200012207031
5830,2023/11/02,1125,1138,1104,1117,820.900024414063
5830,2023/11/06,1125.5,1127,1074,1076.5,1443.5
5830,2023/11/07,1084.5,1097,1055,1059,1159.09997558594
5830,2023/11/08,1047.5,1047.5,974,992.600036621094,2132.10009765625
5830,2023/11/09,980,988.299987792969,964.900024414063,985.900024414063,1563.59997558594
5830,2023/11/10,980,986.400024414063,963.100036621094,981.299987792969,2404.40014648438
5830,2023/11/13,996,1005,972.200012207031,998,2398.10009765625
5830,2023/11/14,1013,1013,966.299987792969,975.600036621094,2264.90014648438
5830,2023/11/15,990,991,958.700012207031,974.700012207031,1926.30004882813
5830,2023/11/16,951.100036621094,962.400024414063,934.400024414063,937.600036621094,2718.10009765625
5830,2023/11/17,930,949,920.400024414063,944.299987792969,2385.5
5830,2023/11/20,951,972.200012207031,945.5,964.700012207031,1537.80004882813
5830,2023/11/21,964.700012207031,978,949.700012207031,958.200012207031,1645.80004882813
5830,2023/11/22,951,957.600036621094,940,957.5,1456
5830,2023/11/24,967,969,955.200012207031,965,993
5830,2023/11/27,963.600036621094,973.299987792969,956.400024414063,966.700012207031,994
5830,2023/11/28,967.900024414063,984.799987792969,961.900024414063,964,1258.30004882813
5830,2023/11/29,964,974.400024414063,939.5,940.400024414063,1498.40002441406
5830,2023/11/30,943.100036621094,959.600036621094,941,955.799987792969,1833.70007324219
5830,2023/12/01,966,972.900024414063,963.100036621094,972,1016.79998779297
5830,2023/12/04,971.900024414063,980.799987792969,963.799987792969,973,910.5
5830,2023/12/05,970.200012207031,975.900024414063,952.799987792969,956.100036621094,817.900024414063
5830,2023/12/06,955.900024414063,977.200012207031,954.5,975,1000.10003662109
5830,2023/12/07,968.900024414063,983.700012207031,963.600036621094,978.200012207031,843.799987792969
5830,2023/12/08,980.200012207031,991.600036621094,964.299987792969,979.200012207031,1653.09997558594
5830,2023/12/11,986.200012207031,996.700012207031,973.299987792969,989.299987792969,990.299987792969
5830,2023/12/12,988.200012207031,988.200012207031,970.5,975.900024414063,1249.20007324219
5830,2023/12/13,978,991.799987792969,977.5,981.100036621094,671.299987792969
5830,2023/12/14,979.600036621094,979.600036621094,934.400024414063,940.299987792969,1071
5830,2023/12/15,942.5,942.5,918.600036621094,929,1247.20007324219
5830,2023/12/18,921,921.100036621094,898,909.100036621094,1336.40002441406
5830,2023/12/19,914.5,932.400024414063,911.400024414063,924.700012207031,1302.70007324219
5830,2023/12/20,917.5,920.600036621094,898.100036621094,903.700012207031,1689.90002441406
5830,2023/12/21,904.200012207031,913.200012207031,898.799987792969,900.900024414063,1819.5
5830,2023/12/22,908.200012207031,912.799987792969,899,912,1427.80004882813
5830,2023/12/25,912,915,899.700012207031,902.400024414063,1017.5
5830,2023/12/26,909,909.400024414063,898.799987792969,904.700012207031,939.400024414063
5830,2023/12/27,908,925.700012207031,906,922,772.5
5830,2023/12/28,919,936.100036621094,918.600036621094,934.100036621094,780.600036621094
5830,2023/12/29,938.200012207031,953,935.200012207031,947.200012207031,850.100036621094
5830,2024/01/04,956.400024414063,960,931,949.299987792969,1100.40002441406
5830,2024/01/05,959,975.200012207031,955.5,971.900024414063,1008.90002441406
5830,2024/01/09,980,981.600036621094,965.299987792969,971.900024414063,906.100036621094
5830,2024/01/10,971.900024414063,986.200012207031,962.5,973.5,1099.80004882813
5830,2024/01/11,976.5,997,972.799987792969,985.400024414063,916.900024414063
5830,2024/01/12,985.400024414063,991,962.200012207031,964.5,1182.40002441406
5830,2024/01/15,977.799987792969,984.700012207031,964.600036621094,982,673.900024414063
5830,2024/01/16,980,980.299987792969,951.5,954.900024414063,941.799987792969
5830,2024/01/17,960,964.5,950.700012207031,951.600036621094,879.200012207031
5830,2024/01/18,956,962.600036621094,950.200012207031,960.799987792969,968.799987792969
5830,2024/01/19,958.700012207031,964.700012207031,954.799987792969,959,1464.40002441406
5830,2024/01/22,967.799987792969,978.299987792969,958,978.100036621094,919.799987792969
5830,2024/01/23,978,984,962.799987792969,964.5,1168.5
5830,2024/01/24,960.400024414063,1006,958,1003.5,1661.30004882813
5830,2024/01/25,1004,1009,988.100036621094,999.299987792969,1544.90002441406
5830,2024/01/26,988.100036621094,1006,979.200012207031,989.400024414063,1046.59997558594
5830,2024/01/29,992.600036621094,1006,990.299987792969,998.900024414063,660.900024414063
5830,2024/01/30,999.5,1001,988,988.299987792969,494.800018310547
5830,2024/01/31,990,1011,989,1010,891.700012207031
5830,2024/02/01,990.5,1005,985,1002,817.400024414063
5830,2024/02/02,993.400024414063,998.600036621094,983.600036621094,989.799987792969,652.200012207031
5830,2024/02/05,1003.5,1023.5,996.400024414063,1013,1160.40002441406
5830,2024/02/06,1013.5,1024,1005,1014,930.299987792969
5830,2024/02/07,1005,1021,997.900024414063,1019,879.299987792969
5830,2024/02/08,1024,1025,1008,1009.5,822
5830,2024/02/09,1039.5,1087,1001,1070.5,2645.10009765625
5830,2024/02/13,1092,1094,1051,1078.5,1339.70007324219
5830,2024/02/14,1088.5,1088.5,1051,1057,1049
5830,2024/02/15,1073,1073,1029,1034,1104.20007324219
5830,2024/02/16,1050.5,1068.5,1042,1057,980.600036621094
5830,2024/02/19,1067,1090,1061.5,1090,908.100036621094
5830,2024/02/20,1090,1093,1071,1081,1063.5
5830,2024/02/21,1081,1090,1074.5,1084,674
5830,2024/02/22,1086.5,1104,1086.5,1102.5,964.5
5830,2024/02/26,1110,1131,1110,1122.5,938.700012207031
5830,2024/02/27,1130,1142,1112.5,1122.5,1520.59997558594
5830,2024/02/28,1139.5,1168,1111.5,1121.5,1424.30004882813
5830,2024/02/29,1130,1131.5,1110.5,1123,1210.80004882813
5830,2024/03/01,1113,1137,1108,1135,1008.20001220703
5830,2024/03/04,1140.5,1145.5,1112,1121,1001.10003662109
5830,2024/03/05,1130,1135.5,1111,1135.5,746.799987792969
5830,2024/03/06,1145,1148.5,1129,1138.5,1062.59997558594
5830,2024/03/07,1148.5,1164.5,1135.5,1147,1360
5830,2024/03/08,1139.5,1201,1123.5,1189,2253.69995117188
5830,2024/03/11,1200,1200.5,1124,1135.5,1549.09997558594
5830,2024/03/12,1112,1112,1089.5,1105,1272.80004882813
5830,2024/03/13,1120,1129,1084.5,1097.5,1063.40002441406
5830,2024/03/14,1100,1110.5,1087.5,1098,890.900024414063
5830,2024/03/15,1099,1119,1092,1103,1064.70007324219
5830,2024/03/18,1119,1125,1104.5,1118,806.900024414063
5830,2024/03/19,1124,1148.5,1107.5,1126,1347.30004882813
5830,2024/03/21,1152,1191.5,1141.5,1188.5,1800.20007324219
5830,2024/03/22,1202,1244,1190,1240,1536.90002441406
5830,2024/03/25,1231.5,1234.5,1201,1202.5,1205
5830,2024/03/26,1211.5,1222.5,1198.5,1201,1114.59997558594
5830,2024/03/27,1200,1233,1200,1210,1868.70007324219
5830,2024/03/28,1190,1200,1163,1167,1135.40002441406
5830,2024/03/29,1162.5,1180,1157,1173,861.600036621094
5830,2024/04/01,1172,1176.5,1137,1137,1204.20007324219
5830,2024/04/02,1167,1170,1105.5,1108.5,1997.20007324219
5830,2024/04/03,1104.5,1144.5,1094,1138,1242.80004882813
5830,2024/04/04,1138,1151.5,1130.5,1142.5,772.900024414063
5830,2024/04/05,1120,1124.5,1105,1119.5,793.400024414063
5830,2024/04/08,1122,1125,1111,1118,723.100036621094
5830,2024/04/09,1118,1126.5,1108,1112.5,784.299987792969
5830,2024/04/10,1104,1141.5,1101,1131.5,775.700012207031
5830,2024/04/11,1115,1162.5,1115,1161.5,996.799987792969
5830,2024/04/12,1171,1209.5,1167.5,1203,1324.90002441406
5830,2024/04/15,1185,1206,1177,1202,682.900024414063
5830,2024/04/16,1190,1214.5,1143.5,1147,1373.59997558594
5830,2024/04/17,1150,1150,1103.5,1117,1423
5830,2024/04/18,1123.5,1168,1116,1154,1346.5
5830,2024/04/19,1159.5,1170,1132,1141,1022.10003662109
5830,2024/04/22,1170,1184,1157,1180,954.600036621094
5830,2024/04/23,1180,1199,1175,1190,912.299987792969
5830,2024/04/24,1195.5,1207.5,1187,1194.5,850.400024414063
5830,2024/04/25,1185.5,1199,1178.5,1182.5,776.700012207031
5830,2024/04/26,1185,1214.5,1175.5,1209,818.200012207031
5830,2024/04/30,1212,1217.5,1194,1206,1080.59997558594
5830,2024/05/01,1192.5,1205,1179.5,1198,547.900024414063
5830,2024/05/02,1198,1216.5,1187,1210,472.399993896484
5830,2024/05/07,1211.5,1215.5,1198.5,1207,829.600036621094
5830,2024/05/08,1197,1219.5,1192,1210,573
5830,2024/05/09,1220,1232.5,1210.5,1220,704.400024414063
5830,2024/05/10,1215.5,1250,1172,1244.5,1827.40002441406
5830,2024/05/13,1292,1332,1287,1305.5,1954
5830,2024/05/14,1300,1317,1281,1310.5,1001.20001220703
5830,2024/05/15,1325,1336.5,1299,1315,932.600036621094
5830,2024/05/16,1300,1318.5,1291.5,1307,1023.20001220703
5830,2024/05/17,1305,1350,1300,1350,904.5
5830,2024/05/20,1350,1377,1347.5,1363.5,926.5
5830,2024/05/21,1354,1371,1345,1353.5,901.600036621094
5830,2024/05/22,1365.5,1398,1357,1383,1051.80004882813
5830,2024/05/23,1382.5,1389.5,1361.5,1365,1218.90002441406
5830,2024/05/24,1359.5,1359.5,1327.5,1336.5,1386.30004882813
5830,2024/05/27,1346.5,1365.5,1336.5,1364.5,505.600006103516
5830,2024/05/28,1360,1401,1353,1392,842.299987792969
5830,2024/05/29,1463,1486.5,1427,1427.5,2638.90014648438
5830,2024/05/30,1415,1468,1404,1453,1866.5
5830,2024/05/31,1453.5,1487.5,1453,1477.5,2545.10009765625
5830,2024/06/03,1502,1513,1477,1484,1533
5830,2024/06/04,1483,1494.5,1441,1447,1457.20007324219
5830,2024/06/05,1434.5,1438.5,1387,1407,1439.80004882813
5830,2024/06/06,1395.5,1416,1389,1399,1064.40002441406
5830,2024/06/07,1414,1426,1401,1408,725
5830,2024/06/10,1421.5,1440,1411.5,1433,610.400024414063
5830,2024/06/11,1447,1459.5,1427,1427.5,674.100036621094
5830,2024/06/12,1426,1432,1412,1424.5,745
5830,2024/06/13,1431,1437,1391,1400.5,720.200012207031
5830,2024/06/14,1380,1403.5,1365.5,1386,1658.09997558594
5830,2024/06/17,1388.5,1405.5,1382.5,1389,645.5
5830,2024/06/18,1411,1414,1397,1407.5,715.400024414063
5830,2024/06/19,1410,1427.5,1393,1400,851.600036621094
5830,2024/06/20,1404,1414,1376.5,1394.5,817.5
5830,2024/06/21,1402,1412,1386.5,1386.5,1243.90002441406
5830,2024/06/24,1384,1386,1360.5,1378.5,934.299987792969
5830,2024/06/25,1391,1420,1390.5,1412,707.200012207031
5830,2024/06/26,1419,1433,1409.5,1431.5,1038.59997558594
5830,2024/06/27,1432,1445,1426,1440,632.700012207031
5830,2024/06/28,1442,1492,1439,1489.5,1626.59997558594
5830,2024/07/01,1512,1549,1488,1521.5,1696.80004882813
5830,2024/07/02,1522,1556.5,1519,1534,1260.5
5830,2024/07/03,1534.5,1539.5,1511,1520,937.700012207031
5830,2024/07/04,1513,1516,1491.5,1511.5,849.600036621094
5830,2024/07/05,1513.5,1514,1488,1490,594.5
5830,2024/07/08,1490,1496,1465,1490,1073.5
5830,2024/07/09,1509,1531,1500,1522.5,1352.40002441406
5830,2024/07/10,1519.5,1549,1511,1538.5,1044.70007324219
5830,2024/07/11,1550.5,1562.5,1527.5,1528,901.100036621094
5830,2024/07/12,1549.5,1550,1525.5,1540,1076.40002441406
5830,2024/07/16,1534,1570,1520,1547,1138.30004882813
5830,2024/07/17,1560,1564.5,1548,1551,797.799987792969
5830,2024/07/18,1531.5,1546.5,1521,1530,924.100036621094
5830,2024/07/19,1524.5,1526.5,1507,1523,854
5830,2024/07/22,1521.5,1530.5,1512,1513,930.700012207031
5830,2024/07/23,1530,1554.5,1523,1552,911.5
5830,2024/07/24,1541,1558,1524,1526.5,827.600036621094
5830,2024/07/25,1507.5,1513.5,1446.5,1446.5,1036.20007324219
5830,2024/07/26,1451,1470.5,1417,1424.5,1407.20007324219
5830,2024/07/29,1435,1471.5,1425,1461,816.799987792969
5830,2024/07/30,1440,1455.5,1424,1427.5,889.5
5830,2024/07/31,1439,1523,1430,1523,1544.20007324219
5830,2024/08/01,1521.5,1557,1505,1527.5,1683.80004882813
5830,2024/08/02,1457.5,1464,1368,1368.5,1529.5
5830,2024/08/05,1263,1265.5,1088,1115,2940.60009765625
5830,2024/08/06,1200,1287,1165,1191,2394.80004882813
5830,2024/08/07,1161,1291,1150,1256.5,1766.80004882813
5830,2024/08/08,1200,1256,1192.5,1214,1217
5830,2024/08/09,1274,1330,1220,1279.5,1953.70007324219
5830,2024/08/13,1287.5,1329.5,1265,1316,1133.40002441406
5830,2024/08/14,1320,1376.5,1313,1340,971.5
5830,2024/08/15,1348.5,1379,1343,1361.5,851.700012207031
5830,2024/08/16,1415,1433,1401.5,1415.5,898.900024414063
5830,2024/08/19,1410,1415,1392,1392.5,681.799987792969
5830,2024/08/20,1415,1415,1370,1381.5,729.200012207031
5830,2024/08/21,1358,1374.5,1349,1364.5,453.300018310547
5830,2024/08/22,1362,1364,1324,1332,898.200012207031
5830,2024/08/23,1330.5,1346.5,1323,1336,612.799987792969
5830,2024/08/26,1330.5,1334.5,1295,1298,600.900024414063
5830,2024/08/27,1320,1320,1294,1318,706.400024414063
5830,2024/08/28,1320,1331,1307,1331,517.299987792969
5830,2024/08/29,1338,1347,1320.5,1337,794.100036621094
5830,2024/08/30,1360,1360,1337.5,1350,920.400024414063
5830,2024/09/02,1370,1370,1349.5,1359.5,628.400024414063
5830,2024/09/03,1376.5,1391,1371.5,1391,753.900024414063
5830,2024/09/04,1337,1354,1331,1342,1196.70007324219
5830,2024/09/05,1320,1362,1304.5,1348,840.600036621094
5830,2024/09/06,1369,1370,1334.5,1350.5,921.400024414063
5830,2024/09/09,1324.5,1338.5,1290,1332,869.600036621094
5830,2024/09/10,1352.5,1377,1346.5,1356.5,779.600036621094
5830,2024/09/11,1340.5,1349,1296.5,1301.5,745.600036621094
5830,2024/09/12,1351.5,1351.5,1324,1336,667.799987792969
5830,2024/09/13,1333.5,1340.5,1314.5,1318,751.100036621094
5830,2024/09/17,1326.5,1338.5,1273,1293.5,732.100036621094
5830,2024/09/18,1317,1322.5,1303,1320,660.799987792969
5830,2024/09/19,1333,1354.5,1327,1342.5,542.100036621094
5830,2024/09/20,1371.5,1377,1341.5,1342,868.299987792969
5830,2024/09/24,1370,1370,1333.5,1338.5,636.799987792969
5830,2024/09/25,1346,1347.5,1325.5,1335.5,1135.09997558594
5830,2024/09/26,1346,1378.5,1336.5,1371,1156.80004882813
5830,2024/09/27,1354.5,1360,1328.5,1338.5,826.5
5830,2024/09/30,1344.5,1383,1339,1359,997.5
5830,2024/10/01,1376,1406.5,1358,1400,902.400024414063
5830,2024/10/02,1376,1402,1366,1374.5,792.100036621094
5830,2024/10/03,1412,1412,1359,1375.5,627
5830,2024/10/04,1400,1422,1392,1418,917.799987792969
5830,2024/10/07,1452,1483.5,1445.5,1469.5,955.5
5830,2024/10/08,1453.5,1456.5,1412.5,1426.5,772.900024414063
5830,2024/10/09,1444,1453,1400,1425,821.400024414063
5830,2024/10/10,1438,1438,1416.5,1431,426.600006103516
5830,2024/10/11,1441,1446.5,1423.5,1431,580.600036621094
5830,2024/10/15,1459,1463.5,1441,1446.5,691.5
5830,2024/10/16,1433,1464,1430.5,1446,759.900024414063
5830,2024/10/17,1452.5,1463,1447,1451,645.600036621094
5830,2024/10/18,1462,1485,1447,1460.5,894.5
5830,2024/10/21,1459,1459,1414,1417.5,688.5
5830,2024/10/22,1411.5,1415.5,1388,1397,649.600036621094
5830,2024/10/23,1402,1417,1382.5,1388,508.200012207031
5830,2024/10/24,1380,1396.5,1366.5,1385.5,482.899993896484
5830,2024/10/25,1404,1424,1383,1415.5,1416.59997558594
5830,2024/10/28,1400,1425,1389.5,1416,718.400024414063
5830,2024/10/29,1420,1464,1420,1452.5,690.200012207031
5830,2024/10/30,1461.5,1469,1452,1464.5,2417.60009765625
5830,2024/10/31,1470,1480.5,1457,1469,770.100036621094
5830,2024/11/01,1452.5,1475,1445,1449.5,587.700012207031
5830,2024/11/05,1485,1486.5,1450,1480,664.5
5830,2024/11/06,1475.5,1563,1473.5,1563,1297.90002441406
5830,2024/11/07,1600,1629.5,1579.5,1594.5,1734.40002441406
5830,2024/11/08,1596,1694,1583,1634.5,2132.10009765625
5830,2024/11/11,1630,1656.5,1625,1633.5,1190.59997558594
5830,2024/11/12,1660,1673.5,1590,1609,1325.90002441406
5830,2024/11/13,1620,1624,1563,1579,1029.40002441406
5830,2024/11/14,1577,1591,1562,1573.5,973.400024414063
5830,2024/11/15,1585,1585,1541,1576.5,986.600036621094
5830,2024/11/18,1574,1574.5,1538.5,1544,684.200012207031
5830,2024/11/19,1537,1570,1532,1570,846.299987792969
5830,2024/11/20,1546,1560,1528,1540.5,922
5830,2024/11/21,1549,1557.5,1536,1541,1142.90002441406
5830,2024/11/22,1545,1546.5,1515,1517.5,1283.90002441406
5830,2024/11/25,1534.5,1548,1520.5,1530.5,991.799987792969
5830,2024/11/26,1530.5,1540,1490.5,1508,897.799987792969
5830,2024/11/27,1505,1528,1495.5,1502.5,901.799987792969
5830,2024/11/28,1493.5,1529.5,1488,1527,608
5830,2024/11/29,1527,1556.5,1522.5,1544,824.400024414063
5830,2024/12/02,1563,1595,1557,1592,932.200012207031
5830,2024/12/03,1600,1613.5,1588.5,1600.5,1053.30004882813
5830,2024/12/04,1594,1607,1551,1551,889.799987792969
5830,2024/12/05,1560,1569.5,1536,1553.5,741.900024414063
5830,2024/12/06,1565,1586.5,1560.5,1570,841.5
5830,2024/12/09,1581,1589.5,1545,1563.5,886.799987792969
5830,2024/12/10,1570,1581,1544.5,1544.5,762.900024414063
5830,2024/12/11,1550,1559,1542,1547,649.5
5830,2024/12/12,1554.5,1579,1550,1550,829.600036621094
5830,2024/12/13,1530,1545.5,1502,1519,1359.5
5830,2024/12/16,1519,1527,1503.5,1511.5,722.200012207031
5830,2024/12/17,1511.5,1534,1497,1500,705
5830,2024/12/18,1486,1507,1482.5,1499.5,754.799987792969
5830,2024/12/19,1480,1527.5,1475,1518.5,1038.30004882813
5830,2024/12/20,1516,1516,1492.5,1493.5,1207.40002441406
5830,2024/12/23,1500,1543.5,1495.5,1535,1056.30004882813
5830,2024/12/24,1545,1553,1539.5,1549.5,717.5
5830,2024/12/25,1550,1551,1508.5,1520.5,740.900024414063
5830,2024/12/26,1516,1520,1504,1520,730.700012207031
5830,2024/12/27,1524,1543,1522.5,1543,731.200012207031
5830,2024/12/30,1544,1558.5,1528,1535,664.799987792969
5830,2025/01/06,1544,1554,1529,1542,787.799987792969
5830,2025/01/07,1552,1562,1536,1536.5,805.200012207031
5830,2025/01/08,1536.5,1584,1533.5,1584,1165.30004882813
5830,2025/01/09,1576.5,1579,1547,1549,1064.5
5830,2025/01/10,1550,1566.5,1537.5,1545.5,1026.90002441406
5830,2025/01/14,1560,1571,1523,1529.5,1023.60003662109
5830,2025/01/15,1550.5,1577.5,1543,1577.5,1091.80004882813
5830,2025/01/16,1590,1614.5,1589.5,1606,1424.5
5830,2025/01/17,1600,1618,1559,1610,1348.09997558594
5830,2025/01/20,1627,1642,1600.5,1611,1063.5
5830,2025/01/21,1620,1634,1587,1597,768.299987792969
5830,2025/01/22,1608,1609.5,1593.5,1597,776.100036621094
5830,2025/01/23,1597,1599,1582.5,1589,721.700012207031
5830,2025/01/24,1598.5,1618,1574.5,1605,1040.20007324219
5830,2025/01/27,1619,1635.5,1610,1611.5,840.900024414063
5830,2025/01/28,1600,1623.5,1598,1614,1001.79998779297
5830,2025/01/29,1629.5,1648.5,1615,1643,1052.90002441406
5830,2025/01/30,1645,1668,1640,1658.5,943.799987792969
5830,2025/01/31,1673,1677,1640,1655,801.799987792969
5830,2025/02/03,1630,1630.5,1587,1589,1157.90002441406
5830,2025/02/04,1614.5,1614.5,1574.5,1580,988.700012207031
5830,2025/02/05,1591,1611.5,1564,1576.5,1241.5
5830,2025/02/06,1577,1586,1564.5,1574.5,1124.70007324219
5830,2025/02/07,1587.5,1589.5,1563,1575.5,1379.40002441406
5830,2025/02/10,1560,1572.5,1539,1565.5,888.799987792969
5830,2025/02/12,1577.5,1604.5,1563.5,1593.5,890.299987792969
5830,2025/02/13,1601,1620,1596,1603,912.900024414063
5830,2025/02/14,1603,1622.5,1591.5,1617.5,694.900024414063
5830,2025/02/17,1617.5,1658.5,1617.5,1650,743.799987792969
5830,2025/02/18,1655,1676.5,1630,1669.5,877.200012207031
5830,2025/02/19,1670,1704,1627.5,1635.5,984.700012207031
5830,2025/02/20,1630.5,1631.5,1578,1590,999.600036621094
5830,2025/02/21,1590,1641,1576.5,1631,1006.40002441406
5830,2025/02/25,1608,1659,1605,1645.5,1066.70007324219
5830,2025/02/26,1646,1661.5,1626,1642,898.700012207031
5830,2025/02/27,1646,1650.5,1628,1638,762.900024414063
5830,2025/02/28,1638,1641,1611,1633.5,1309.20007324219
5830,2025/03/03,1652,1665,1627,1641,781.100036621094
5830,2025/03/04,1634,1649,1615.5,1627.5,652.5
5830,2025/03/05,1627.5,1630.5,1610.5,1614,780.5
5830,2025/03/06,1620,1638,1612.5,1638,645.200012207031
5830,2025/03/07,1620,1633,1602,1625,632.299987792969
5830,2025/03/10,1615,1619,1594,1594,761.799987792969
5830,2025/03/11,1545,1567,1523,1562,1154.80004882813
5830,2025/03/12,1576.5,1605,1562,1596.5,809.799987792969
5830,2025/03/13,1624,1671,1618.5,1668.5,1181.70007324219
5830,2025/03/14,1675,1710,1666,1707,1228.80004882813
5830,2025/03/17,1730,1733,1711,1715,717.799987792969
5830,2025/03/18,1730.5,1775,1721.5,1769.5,1006.10003662109
5830,2025/03/19,1761,1778.5,1743,1762,801.600036621094
5830,2025/03/21,1770,1829.5,1769,1829,1379.5
5830,2025/03/24,1837,1837,1800,1811,1165
5830,2025/03/25,1821.5,1825,1766.5,1787.5,1015.29998779297
5830,2025/03/26,1800,1803,1760.5,1796.5,1164.30004882813
5830,2025/03/27,1787.5,1837.5,1777,1837.5,1727.20007324219
5830,2025/03/28,1837,1850,1807,1821,1415.90002441406
5830,2025/03/31,1770,1778.5,1723.5,1758,1304.30004882813
5830,2025/04/01,1798,1798,1741,1758,1060.80004882813
5830,2025/04/02,1758,1758,1714,1729,679.400024414063
5830,2025/04/03,1637.5,1661.5,1603.5,1625,1716.70007324219
5830,2025/04/04,1500,1504,1398.5,1453,2330.90014648438
5830,2025/04/07,1273,1346.5,1252.5,1311,2820.10009765625
5830,2025/04/08,1383.5,1458,1381.5,1420,1860.09997558594
5830,2025/04/09,1380.5,1390,1328.5,1343.5,1788.70007324219
5830,2025/04/10,1523.5,1525,1482,1502,1378.5
5830,2025/04/11,1467,1467,1417,1451.5,1593.80004882813
5830,2025/04/14,1469,1503,1461,1485,823.299987792969
5830,2025/04/15,1510,1514,1494.5,1501,788.600036621094
5830,2025/04/16,1506,1515.5,1474.5,1485,877.100036621094
5830,2025/04/17,1485,1519,1473.5,1519,758.299987792969
5830,2025/04/18,1539.5,1563,1528,1560,599.100036621094
5830,2025/04/21,1555.5,1555.5,1526,1542.5,557.100036621094
5830,2025/04/22,1527,1540.5,1521,1538,555.200012207031
5830,2025/04/23,1592,1592,1556,1566,676.900024414063
5830,2025/04/24,1575,1593.5,1569.5,1577,595.200012207031
5830,2025/04/25,1588,1596,1559.5,1567,685
5830,2025/04/28,1578.5,1595,1576,1589.5,708.400024414063
5830,2025/04/30,1600,1645,1598.5,1644.5,897.600036621094
5830,2025/05/01,1650,1660,1610,1610,849.5
5830,2025/05/02,1606.5,1609,1538,1544,1075.40002441406
5830,2025/05/07,1570,1604.5,1548,1600,1063.40002441406
5830,2025/05/08,1580,1591.5,1571,1577,695
5830,2025/05/09,1600,1650.5,1553,1561.5,1988.80004882813
5830,2025/05/12,1559,1608,1538,1594,1518.59997558594
5830,2025/05/13,1634,1685,1614.5,1646,1244.70007324219
5830,2025/05/14,1650,1666,1609,1649.5,1099.09997558594
5830,2025/05/15,1649.5,1651.5,1617.5,1622.5,1104.40002441406
5830,2025/05/16,1623,1624.5,1555,1567,1181.20007324219
5830,2025/05/19,1541,1586.5,1540,1583,804.100036621094
5830,2025/05/20,1583,1594.5,1552,1563.5,1185.40002441406
5830,2025/05/21,1580,1601.5,1574.5,1578,709.100036621094
5830,2025/05/22,1551.5,1565.5,1540,1555,852.5
5830,2025/05/23,1568,1582.5,1561,1574.5,698.299987792969
5830,2025/05/26,1582,1586,1562.5,1564,620.400024414063
5830,2025/05/27,1558,1566,1547.5,1563,666.100036621094
5830,2025/05/28,1570,1577.5,1551.5,1551.5,635.200012207031
5830,2025/05/29,1551.5,1575.5,1550.5,1560.5,944.5
5830,2025/05/30,1544.5,1575,1540,1574,974.100036621094
5830,2025/06/02,1560,1589,1556.5,1587.5,698.900024414063
5830,2025/06/03,1588,1591,1563,1563,829.200012207031
5830,2025/06/04,1572.5,1583.5,1567,1578.5,728
5830,2025/06/05,1561,1564.5,1534,1537.5,970.900024414063
5830,2025/06/06,1538.5,1547,1518.5,1519.5,722
5830,2025/06/09,1542,1547,1533,1540,670.799987792969
5830,2025/06/10,1546.5,1546.5,1516,1524,814.200012207031
5830,2025/06/11,1524.5,1540,1517,1536,948.600036621094
5830,2025/06/12,1546,1563,1537.5,1558.5,1064
5830,2025/06/13,1570.5,1570.5,1538.5,1549.5,1277.59997558594
5830,2025/06/16,1552.5,1572.5,1531.5,1538,1101.59997558594
5830,2025/06/17,1540,1544.5,1522,1528.5,836.299987792969
5830,2025/06/18,1520,1535.5,1516,1534.5,967.299987792969
5830,2025/06/19,1546.5,1547.5,1521.5,1522.5,790.100036621094
5830,2025/06/20,1508,1509,1488,1494.5,3167.40014648438
5830,2025/06/23,1495.5,1519,1491,1509,874.5
5830,2025/06/24,1531.5,1535.5,1519.5,1527,803.100036621094
5830,2025/06/25,1534.5,1540,1515.5,1540,791.299987792969
5830,2025/06/26,1539.5,1560,1539,1557,830
5830,2025/06/27,1558,1583.5,1555,1563,856.100036621094
5830,2025/06/30,1571,1595,1568.5,1582.5,1125.20007324219
5830,2025/07/01,1571,1592.5,1545,1585,1057.70007324219
5830,2025/07/02,1578,1584.5,1564,1575,530.600036621094
5830,2025/07/03,1562,1567,1552.5,1561.5,490.5
5830,2025/07/04,1565,1582,1564,1577.5,446.300018310547
5830,2025/07/07,1565,1573.5,1556,1560.5,355.600006103516
5830,2025/07/08,1560,1581.5,1554,1573,962.100036621094
5830,2025/07/09,1596.5,1634.5,1576.5,1634.5,1151.70007324219
5830,2025/07/10,1643.5,1674,1638.5,1661.5,1307.30004882813
5830,2025/07/11,1670,1716.5,1665,1705,1197.40002441406
5830,2025/07/14,1700,1712,1671.5,1700,690.100036621094
5830,2025/07/15,1714,1723,1680.5,1691,695.200012207031
5830,2025/07/16,1687,1702,1680,1697,840.900024414063
5830,2025/07/17,1690,1705.5,1685.5,1701,504.600006103516
5830,2025/07/18,1718,1721,1700.5,1711.5,509
5830,2025/07/22,1713.5,1715,1672.5,1687.5,662
5830,2025/07/23,1716,1756,1694,1738,1051.59997558594
5830,2025/07/24,1752.5,1795.5,1752.5,1795.5,1076.20007324219
5830,2025/07/25,1785,1804.5,1774.5,1800,619
5830,2025/07/28,1797,1797,1727,1729,808.100036621094
5830,2025/07/29,1730.5,1744.5,1721.5,1737,541.600036621094
5830,2025/07/30,1733,1745.5,1722,1745.5,396.5
5830,2025/07/31,1752,1776,1746.5,1768,618.5
5830,2025/08/01,1782,1794.5,1760,1789.5,515.5
5830,2025/08/04,1737,1773,1726.5,1773,726.200012207031
5830,2025/08/05,1786,1801,1761,1787,617.799987792969
5830,2025/08/06,1783,1813,1782,1809.5,521.299987792969
5830,2025/08/07,1814,1872,1811.5,1864,1131.09997558594
5830,2025/08/08,1874,1959.5,1854,1930,2412.60009765625
5830,2025/08/12,1969.5,1970,1900,1925,1657.59997558594
5830,2025/08/13,1920,1954.5,1899,1940.5,1074.30004882813
5830,2025/08/14,1920,1951.5,1907.5,1951.5,775.299987792969
5830,2025/08/15,1960,2016.5,1956,2009,871.299987792969
5830,2025/08/18,2002,2026,1982.5,2014,956.600036621094
5830,2025/08/19,2022,2037.5,1995.5,2005,939.700012207031
5830,2025/08/20,2000,2043.5,1990,2017,805.299987792969
5830,2025/08/21,2025,2025,1999,2010,461.899993896484
5830,2025/08/22,2029.5,2054,2019,2048.5,736.200012207031
5830,2025/08/25,2070,2071.5,2030,2038,567
5830,2025/08/26,2033,2039.5,1998,2009.5,875.600036621094
5830,2025/08/27,2018,2024.5,2000.5,2010,495
5830,2025/08/28,2001,2050,1996,2048,551.700012207031
5830,2025/08/29,2047.5,2066,2038,2054,516.200012207031
5830,2025/09/01,2060,2093,2051.5,2072.5,773.200012207031
5830,2025/09/02,2079,2112.5,2069,2090,592
5830,2025/09/03,2089.5,2090,1996,2015,1028.20007324219
5830,2025/09/04,2025,2041,2016,2034,544.200012207031
5830,2025/09/05,2035.5,2048.5,2014,2026,695.100036621094
5830,2025/09/08,2007,2030,1993.5,2022,551.200012207031
5830,2025/09/09,2034,2038,1994,2005.5,504.200012207031
5830,2025/09/10,2010,2080,2007.5,2070.5,638.700012207031
5830,2025/09/11,2060,2067,2035,2050.5,582.5
5830,2025/09/12,2071,2075,2053.5,2067,1015.29998779297
5830,2025/09/16,2075,2099,2064,2096.5,825.799987792969
5830,2025/09/17,2064,2067,2029,2057,567.5
5830,2025/09/18,2078.5,2098,2065,2083.5,737.900024414063
5830,2025/09/19,2080.5,2129.5,2080.5,2124,1726.70007324219
5830,2025/09/22,2126,2169.5,2126,2164,1187.59997558594
5830,2025/09/24,2181,2194,2138,2138,1332.5
5830,2025/09/25,2141,2165,2136,2147.5,1074.20007324219
5830,2025/09/26,2160,2253,2160,2240.5,2036.80004882813
5830,2025/09/29,2208.5,2213,2173.5,2173.5,1291.40002441406
5830,2025/09/30,2203,2257.5,2163.5,2245.5,1463.40002441406
5830,2025/10/01,2213.5,2225.5,2126.5,2144,1425.70007324219
5830,2025/10/02,2140,2171.5,2127.5,2149,1070.70007324219
5830,2025/10/03,2136.5,2196,2136,2184.5,749
5830,2025/10/06,2190,2198.5,2095.5,2129.5,1436.20007324219
5830,2025/10/07,2131,2148,2102,2106.5,905.299987792969
5830,2025/10/08,2115,2148,2112.5,2137,910.799987792969
5830,2025/10/09,2131.5,2149,2120,2149,748
5830,2025/10/10,2130,2139.5,2105,2108,1121.40002441406
5830,2025/10/14,2061,2086,2032,2039,1063.70007324219
5830,2025/10/15,2055,2116,2055,2104,741.299987792969
5830,2025/10/16,2121,2139.5,2107,2114.5,813.299987792969
5830,2025/10/17,2083,2099.5,2063.5,2092,647.5
5830,2025/10/20,2124,2157,2105,2155.5,744.799987792969
5830,2025/10/21,2155,2171.5,2144,2155,678.5
5830,2025/10/22,2143.5,2191,2141,2181,805.799987792969
5830,2025/10/23,2161.5,2225,2154,2208,1085
5830,2025/10/24,2200.5,2226,2189,2189,936.5
5830,2025/10/27,2248.5,2332,2217,2316.5,1813
5830,2025/10/28,2340,2391,2304.5,2325,2597.80004882813
5830,2025/10/29,2342,2354.5,2310.5,2322,1094.70007324219
5830,2025/10/30,2326,2413,2326,2403.5,1588.70007324219
5830,2025/10/31,2410,2432.5,2395.5,2407,1123.30004882813
5830,2025/11/04,2390,2450,2383.5,2432,1330.80004882813
5830,2025/11/05,2410.5,2422.5,2294,2388.5,1361.59997558594
5830,2025/11/06,2400,2476,2389.5,2470,1190.80004882813
5830,2025/11/07,2420.5,2445,2285,2319.5,3527.80004882813
5830,2025/11/10,2325.5,2370,2312.5,2361,1903.70007324219
5830,2025/11/11,2398,2404,2337.5,2340.5,1602.09997558594
5830,2025/11/12,2349,2405.5,2343.5,2395,1000.90002441406
5830,2025/11/13,2400.5,2415,2362.5,2380.5,1110.80004882813
5830,2025/11/14,2348,2395,2331.5,2378.5,725.100036621094
5830,2025/11/17,2378.5,2417.5,2365.5,2417.5,836.799987792969
5830,2025/11/18,2400,2409.5,2299,2299,1003.20001220703
5830,2025/11/19,2349,2370,2300,2321.5,1065.09997558594
5830,2025/11/20,2377.5,2385.5,2347.5,2349,783.299987792969
5830,2025/11/21,2335,2398,2335,2377.5,745.299987792969
5830,2025/11/25,2395,2444,2377,2405.5,880
5830,2025/11/26,2440,2468.5,2429.5,2455.5,812.200012207031
5830,2025/11/27,2505.5,2540,2480.5,2518,1109
5830,2025/11/28,2526.5,2580.5,2519,2567,947.700012207031
5830,2025/12/01,2612,2670,2567,2568.5,1614.20007324219
5830,2025/12/02,2607,2622,2545,2570.5,1150.70007324219
5830,2025/12/03,2555,2557.5,2498,2501.5,855.400024414063
5830,2025/12/04,2512.5,2561,2504,2561,739.299987792969
5830,2025/12/05,2541.5,2573.5,2525.5,2559.5,582
5830,2025/12/08,2572,2582.5,2534.5,2562,720.600036621094
5830,2025/12/09,2562,2577,2557,2561,616.5
5830,2025/12/10,2580,2586.5,2555,2572,625.5
5830,2025/12/11,2576,2585,2488.5,2492,931.299987792969
5830,2025/12/12,2540,2587.5,2526,2567.5,901.200012207031
5830,2025/12/15,2570.5,2659,2564,2646.5,948.600036621094
5830,2025/12/16,2609,2628,2541,2541,1095.09997558594
5830,2025/12/17,2543.5,2568,2506,2535.5,678.299987792969
5830,2025/12/18,2566,2585.5,2541.5,2554,701
5830,2025/12/19,2554,2624.5,2554,2601,1143.59997558594
5830,2025/12/22,2640,2644,2575.5,2578,649.600036621094
5830,2025/12/23,2600,2648,2580,2618,791.100036621094
5830,2025/12/24,2622.5,2637,2575,2597.5,618.799987792969
5830,2025/12/25,2615,2615,2567,2578,387.100006103516
5830,2025/12/26,2595,2595,2537,2548,622.5
5830,2025/12/29,2555.5,2571,2542.5,2568,659.5
5830,2025/12/30,2553,2594.5,2550,2551.5,506.899993896484
