5831,2022/10/03,874,875,849,874,6773.5
5831,2022/10/04,875,891,872,877,2687.30004882813
5831,2022/10/05,870,872,850,856,2471.19995117188
5831,2022/10/06,848,874,847,866,2280
5831,2022/10/07,862,872,862,865,1421.80004882813
5831,2022/10/11,870,908,867,904,3973.19995117188
5831,2022/10/12,901,909,889,895,2572.30004882813
5831,2022/10/13,889,912,889,905,2718.69995117188
5831,2022/10/14,912,936,900,929,2871.80004882813
5831,2022/10/17,917,925,906,908,1611.80004882813
5831,2022/10/18,920,934,918,926,1661.59997558594
5831,2022/10/19,930,942,927,937,1563.5
5831,2022/10/20,930,938,926,931,1349
5831,2022/10/21,925,937,922,934,1303.09997558594
5831,2022/10/24,944,949,933,944,1376.59997558594
5831,2022/10/25,948,965,938,962,2032.80004882813
5831,2022/10/26,962,978,958,967,2059.19995117188
5831,2022/10/27,962,963,925,930,2468.90014648438
5831,2022/10/28,934,941,925,925,2687.5
5831,2022/10/31,934,945,927,938,1233.30004882813
5831,2022/11/01,943,946,920,925,1197.90002441406
5831,2022/11/02,925,950,924,947,1586.40002441406
5831,2022/11/04,938,968,938,956,3015.90014648438
5831,2022/11/07,957,958,928,934,1469.70007324219
5831,2022/11/08,940,944,929,933,1339
5831,2022/11/09,939,944,914,916,2254.60009765625
5831,2022/11/10,911,939,910,930,1464.70007324219
5831,2022/11/11,942,943,925,928,2258.10009765625
5831,2022/11/14,940,944,909,909,1749.70007324219
5831,2022/11/15,910,919,905,912,1211.70007324219
5831,2022/11/16,901,914,892,910,1697.5
5831,2022/11/17,909,922,908,919,1361.59997558594
5831,2022/11/18,925,945,924,927,2227.60009765625
5831,2022/11/21,943,951,936,941,2818.10009765625
5831,2022/11/22,941,958,940,953,1557.90002441406
5831,2022/11/24,956,985,956,969,3254.5
5831,2022/11/25,971,995,966,991,3496.5
5831,2022/11/28,1011,1018,969,980,2155.80004882813
5831,2022/11/29,978,986,969,974,1710.40002441406
5831,2022/11/30,979,1005,966,1005,12707.400390625
5831,2022/12/01,1001,1005,958,963,4115.30029296875
5831,2022/12/02,954,960,937,954,2338.40014648438
5831,2022/12/05,951,956,934,941,1857.59997558594
5831,2022/12/06,935,953,930,950,1940.30004882813
5831,2022/12/07,951,972,941,968,2588.19995117188
5831,2022/12/08,958,965,946,965,1348.20007324219
5831,2022/12/09,950,966,950,960,1772.59997558594
5831,2022/12/12,966,971,957,959,975.700012207031
5831,2022/12/13,968,969,955,957,869.5
5831,2022/12/14,954,960,948,952,1143.90002441406
5831,2022/12/15,952,960,950,958,1163.59997558594
5831,2022/12/16,952,969,949,955,3157.69995117188
5831,2022/12/19,964,987,961,973,1622.20007324219
5831,2022/12/20,980,1026,961,1011,3699.90014648438
5831,2022/12/21,1028,1059,1006,1009,3293.19995117188
5831,2022/12/22,1017,1025,1004,1024,1743.90002441406
5831,2022/12/23,1024,1041,1016,1038,1720.40002441406
5831,2022/12/26,1043,1045,1026,1031,1306.09997558594
5831,2022/12/27,1029,1068,1025,1061,1623.09997558594
5831,2022/12/28,1070,1080,1059,1071,2502.5
5831,2022/12/29,1067,1076,1042,1048,1171.70007324219
5831,2022/12/30,1046,1065,1040,1055,1271.09997558594
5831,2023/01/04,1067,1076,1055,1075,1985.90002441406
5831,2023/01/05,1057,1064,1044,1049,1356.5
5831,2023/01/06,1050,1062,1040,1045,929.200012207031
5831,2023/01/10,1027,1045,1018,1036,1464.5
5831,2023/01/11,1036,1041,1026,1041,1231.09997558594
5831,2023/01/12,1036,1077,1035,1072,1714.30004882813
5831,2023/01/13,1074,1144,1068,1131,4186.80029296875
5831,2023/01/16,1127,1141,1092,1097,3097.5
5831,2023/01/17,1089,1093,1059,1071,2188.10009765625
5831,2023/01/18,1071,1084,1034,1077,2578.30004882813
5831,2023/01/19,1077,1089,1062,1069,1648.09997558594
5831,2023/01/20,1075,1078,1059,1072,1315.40002441406
5831,2023/01/23,1074,1094,1066,1067,1770.90002441406
5831,2023/01/24,1065,1083,1060,1080,1041.09997558594
5831,2023/01/25,1080,1087,1065,1076,1193.59997558594
5831,2023/01/26,1072,1077,1061,1072,1405.09997558594
5831,2023/01/27,1082,1106,1079,1100,1497.70007324219
5831,2023/01/30,1097,1123,1092,1118,1527.09997558594
5831,2023/01/31,1130,1134,1092,1099,1784.70007324219
5831,2023/02/01,1134,1154,1094,1099,1902.70007324219
5831,2023/02/02,1085,1088,1063,1063,1669.80004882813
5831,2023/02/03,1060,1078,1052,1072,1275.59997558594
5831,2023/02/06,1078,1080,1042,1064,1688.5
5831,2023/02/07,1072,1085,1067,1078,1200.70007324219
5831,2023/02/08,1083,1106,1079,1105,1924.5
5831,2023/02/09,1106,1120,1088,1093,1546.80004882813
5831,2023/02/10,1101,1119,1096,1099,2027.59997558594
5831,2023/02/13,1105,1113,1087,1095,1315.30004882813
5831,2023/02/14,1092,1107,1092,1104,885.5
5831,2023/02/15,1104,1114,1104,1109,1000
5831,2023/02/16,1110,1117,1096,1096,942.600036621094
5831,2023/02/17,1101,1104,1092,1098,986.100036621094
5831,2023/02/20,1098,1111,1089,1109,1068.5
5831,2023/02/21,1101,1113,1101,1111,973.900024414063
5831,2023/02/22,1103,1108,1082,1086,1683
5831,2023/02/24,1086,1115,1071,1079,2733.30004882813
5831,2023/02/27,1085,1098,1075,1096,1281.09997558594
5831,2023/02/28,1100,1107,1082,1088,3169.30004882813
5831,2023/03/01,1085,1104,1083,1093,1457.09997558594
5831,2023/03/02,1104,1110,1078,1081,2207.80004882813
5831,2023/03/03,1075,1087,1069,1080,2133.69995117188
5831,2023/03/06,1087,1087,1075,1079,1547.90002441406
5831,2023/03/07,1083,1109,1081,1108,1660.59997558594
5831,2023/03/08,1111,1117,1100,1109,1606.5
5831,2023/03/09,1115,1132,1112,1128,1410.30004882813
5831,2023/03/10,1120,1124,1052,1055,3295.60009765625
5831,2023/03/13,1031,1035,985,1005,4378.60009765625
5831,2023/03/14,960,973,941,953,3935.10009765625
5831,2023/03/15,971,982,952,958,4003.30004882813
5831,2023/03/16,917,934,904,926,3108.80004882813
5831,2023/03/17,951,958,923,930,4670.60009765625
5831,2023/03/20,930,946,925,929,1985.40002441406
5831,2023/03/22,945,957,940,944,2291.10009765625
5831,2023/03/23,929,939,927,939,1505.40002441406
5831,2023/03/24,922,945,912,939,1981
5831,2023/03/27,942,943,927,929,1477.5
5831,2023/03/28,944,954,930,941,1997.59997558594
5831,2023/03/29,940,964,940,958,2046.59997558594
5831,2023/03/30,943,952,936,949,1463.20007324219
5831,2023/03/31,959,962,940,951,1808
5831,2023/04/03,965,979,958,978,1585.70007324219
5831,2023/04/04,978,983,972,983,1473.80004882813
5831,2023/04/05,968,974,956,963,1853.80004882813
5831,2023/04/06,948,959,944,953,2082.80004882813
5831,2023/04/07,962,976,962,969,1478.70007324219
5831,2023/04/10,972,989,972,976,1141.90002441406
5831,2023/04/11,977,988,968,973,1837.40002441406
5831,2023/04/12,985,990,975,978,1290
5831,2023/04/13,978,982,968,971,1315.59997558594
5831,2023/04/14,970,977,965,969,1741.80004882813
5831,2023/04/17,971,984,970,980,1117.30004882813
5831,2023/04/18,988,1011,987,1002,1521.40002441406
5831,2023/04/19,999,1009,997,1008,1322.80004882813
5831,2023/04/20,1008,1028,1007,1018,1316.09997558594
5831,2023/04/21,1009,1023,1006,1009,1443.90002441406
5831,2023/04/24,1011,1019,1003,1003,1664.09997558594
5831,2023/04/25,1011,1022,1009,1016,1104.40002441406
5831,2023/04/26,1009,1012,990,991,1427.90002441406
5831,2023/04/27,995,1004,989,1003,1364.40002441406
5831,2023/04/28,1010,1034,1007,1021,2346.80004882813
5831,2023/05/01,1025,1028,1016,1023,1410.5
5831,2023/05/02,1027,1027,1012,1012,1350.5
5831,2023/05/08,995,1016,991,1005,1392
5831,2023/05/09,1011,1025,1004,1018,1856.09997558594
5831,2023/05/10,1022,1028,1019,1022,1022.20001220703
5831,2023/05/11,1010,1029,1006,1029,1103
5831,2023/05/12,1036,1038,1003,1027,2421.19995117188
5831,2023/05/15,1041,1062,1038,1046,2103.19995117188
5831,2023/05/16,1058,1060,1036,1039,1472.80004882813
5831,2023/05/17,1040,1051,1035,1046,1329.80004882813
5831,2023/05/18,1060,1060,1039,1046,1589.70007324219
5831,2023/05/19,1053,1053,1028,1031,1871.70007324219
5831,2023/05/22,1022,1027,1010,1018,2284.69995117188
5831,2023/05/23,1027,1031,1017,1031,2290
5831,2023/05/24,1037,1043,1029,1030,1334.59997558594
5831,2023/05/25,1022,1032,1017,1029,1347.30004882813
5831,2023/05/26,1030,1031,1008,1014,1281.40002441406
5831,2023/05/29,1024,1033,1021,1026,1389.59997558594
5831,2023/05/30,1024,1025,1012,1023,1253.40002441406
5831,2023/05/31,1010,1027,1010,1026,5131.5
5831,2023/06/01,1025,1040,1019,1036,1539.90002441406
5831,2023/06/02,1034,1036,1026,1033,1124.5
5831,2023/06/05,1045,1054.5,1036.5,1045.5,1384.09997558594
5831,2023/06/06,1024,1026,1011,1017.5,2248.5
5831,2023/06/07,1029,1029,999.5,1001.5,2190.69995117188
5831,2023/06/08,1012.5,1020.5,996.200012207031,1004,1630.30004882813
5831,2023/06/09,1006,1016,1001,1013,1977.90002441406
5831,2023/06/12,1013,1021,1010,1011,1096.20007324219
5831,2023/06/13,1006,1009,996.299987792969,997,1801.5
5831,2023/06/14,1006,1016.5,1004,1011.5,1553.80004882813
5831,2023/06/15,1006,1024,1000.5,1014,1648.5
5831,2023/06/16,1009.5,1030,1009,1017.5,3517
5831,2023/06/19,1020.5,1042,1018,1027,1757.40002441406
5831,2023/06/20,1028,1033.5,1023,1029,2139.69995117188
5831,2023/06/21,1020,1042,1018,1039.5,1706.30004882813
5831,2023/06/22,1044,1061.5,1042,1055.5,1593.30004882813
5831,2023/06/23,1056.5,1062.5,1038,1041.5,1608.5
5831,2023/06/26,1044.5,1046,1032,1032,1032.30004882813
5831,2023/06/27,1036,1042,1027.5,1035,1223.09997558594
5831,2023/06/28,1040,1059,1037.5,1058,1238.09997558594
5831,2023/06/29,1054,1057,1034,1044,2044.40002441406
5831,2023/06/30,1051,1054,1031,1039,2296.19995117188
5831,2023/07/03,1040,1046,1035,1043.5,1615.20007324219
5831,2023/07/04,1045.5,1069,1043.5,1068.5,2166.90014648438
5831,2023/07/05,1063,1065.5,1043,1053,1504.30004882813
5831,2023/07/06,1055,1056,1036,1041.5,1666.30004882813
5831,2023/07/07,1038,1056,1029.5,1046.5,1582.09997558594
5831,2023/07/10,1060,1075,1047,1054.5,1927.90002441406
5831,2023/07/11,1057,1064,1052.5,1057,1295.40002441406
5831,2023/07/12,1069,1077.5,1062,1074,1212.59997558594
5831,2023/07/13,1076,1078.5,1058.5,1067,1073.90002441406
5831,2023/07/14,1072,1076.5,1059,1062.5,1389.80004882813
5831,2023/07/18,1067,1093.5,1064.5,1079.5,1145.5
5831,2023/07/19,1093,1098.5,1079.5,1087,1334.30004882813
5831,2023/07/20,1089,1095.5,1079,1082.5,1157.59997558594
5831,2023/07/21,1088,1089.5,1071.5,1077,1189.80004882813
5831,2023/07/24,1077,1081.5,1067,1073.5,1794.90002441406
5831,2023/07/25,1084,1093,1081,1091.5,1374
5831,2023/07/26,1086.5,1093.5,1075,1088.5,1063
5831,2023/07/27,1097,1113,1094,1110.5,2057.80004882813
5831,2023/07/28,1113,1158.5,1103,1154,3692.69995117188
5831,2023/07/31,1166,1192.5,1155,1186.5,3544.80004882813
5831,2023/08/01,1178,1184,1161,1170.5,1730.40002441406
5831,2023/08/02,1149,1155,1141.5,1147,1549.20007324219
5831,2023/08/03,1154.5,1157,1130.5,1132.5,1468.09997558594
5831,2023/08/04,1133,1148,1130.5,1143.5,804
5831,2023/08/07,1142,1157,1135.5,1153.5,876.400024414063
5831,2023/08/08,1161,1172,1160.5,1162,897.5
5831,2023/08/09,1157,1157,1139,1139,1402
5831,2023/08/10,1134,1149,1131.5,1146,1536.5
5831,2023/08/14,1162,1170,1148.5,1151,1065.70007324219
5831,2023/08/15,1153,1163,1148.5,1156.5,820.400024414063
5831,2023/08/16,1133,1142.5,1121.5,1123,1505.30004882813
5831,2023/08/17,1123,1146,1120,1144.5,1573
5831,2023/08/18,1144,1144,1128.5,1133.5,1061.40002441406
5831,2023/08/21,1139,1142.5,1129,1133,988.700012207031
5831,2023/08/22,1133,1162,1131.5,1162,931.600036621094
5831,2023/08/23,1150.5,1163,1144,1162,845.900024414063
5831,2023/08/24,1157,1180,1157,1173,1216.59997558594
5831,2023/08/25,1169.5,1173.5,1154.5,1161,854.600036621094
5831,2023/08/28,1170,1183,1168.5,1179,898.5
5831,2023/08/29,1178.5,1181.5,1161,1170.5,1173.59997558594
5831,2023/08/30,1171.5,1198,1171,1192,1450.20007324219
5831,2023/08/31,1186.5,1200,1183,1185,3322.80004882813
5831,2023/09/01,1186.5,1207,1186.5,1195.5,1522.30004882813
5831,2023/09/04,1203,1219,1198,1217.5,1052.30004882813
5831,2023/09/05,1226,1235,1200.5,1214.5,1251.20007324219
5831,2023/09/06,1222,1245,1219.5,1241.5,1008
5831,2023/09/07,1235.5,1241.5,1227,1230.5,1514.09997558594
5831,2023/09/08,1217,1229.5,1209,1213.5,2281.60009765625
5831,2023/09/11,1236,1279.5,1236,1277,1654.80004882813
5831,2023/09/12,1270,1274,1247.5,1266,1888.59997558594
5831,2023/09/13,1266,1273,1253,1263.5,1644.90002441406
5831,2023/09/14,1289,1295.5,1274.5,1275,1680
5831,2023/09/15,1285,1306.5,1266.5,1269.5,2275.10009765625
5831,2023/09/19,1280,1292,1266.5,1275.5,1815.5
5831,2023/09/20,1267,1272,1233.5,1240,2288.5
5831,2023/09/21,1252.5,1269,1251.5,1252,1601.59997558594
5831,2023/09/22,1246,1265,1235,1259,1455.90002441406
5831,2023/09/25,1257,1258,1241,1242,1262.30004882813
5831,2023/09/26,1243.5,1267.5,1243.5,1256.5,1384.80004882813
5831,2023/09/27,1269.5,1272.5,1245.5,1262.5,2052.30004882813
5831,2023/09/28,1245.5,1260.5,1239,1248,1747.90002441406
5831,2023/09/29,1245,1252,1208,1219,2121.80004882813
5831,2023/10/02,1236.5,1270.5,1235.5,1242.5,1654.30004882813
5831,2023/10/03,1231.5,1238.5,1212.5,1218.5,1150.40002441406
5831,2023/10/04,1218,1223.5,1186,1190,1937.70007324219
5831,2023/10/05,1201.5,1245.5,1200.5,1240.5,1686.09997558594
5831,2023/10/06,1236,1248.5,1219,1237,1164.09997558594
5831,2023/10/10,1255,1287.5,1248,1285.5,1639.40002441406
5831,2023/10/11,1280.5,1288,1266,1277,1108.5
5831,2023/10/12,1281,1287.5,1273.5,1278,1236.80004882813
5831,2023/10/13,1265,1276.5,1241,1244.5,1408.59997558594
5831,2023/10/16,1227,1239.5,1218,1232.5,955.600036621094
5831,2023/10/17,1236.5,1249,1224.5,1232,1781.30004882813
5831,2023/10/18,1244,1258.5,1240.5,1253,1547.20007324219
5831,2023/10/19,1246.5,1252,1235.5,1247,1026.40002441406
5831,2023/10/20,1243.5,1263,1231.5,1236,1277.40002441406
5831,2023/10/23,1250,1271,1238,1238,1486.09997558594
5831,2023/10/24,1237.5,1242.5,1203,1224,1570
5831,2023/10/25,1227.5,1259.5,1224.5,1243.5,1155.20007324219
5831,2023/10/26,1232,1243,1224.5,1236,1056.40002441406
5831,2023/10/27,1231,1269.5,1230,1263.5,1435.5
5831,2023/10/30,1248.5,1274,1238,1240.5,1462.59997558594
5831,2023/10/31,1270.5,1287,1241.5,1276.5,2118.69995117188
5831,2023/11/01,1294,1307.5,1284.5,1304,1394.09997558594
5831,2023/11/02,1306,1319,1282,1295,1391.5
5831,2023/11/06,1304.5,1304.5,1267.5,1267.5,1905.5
5831,2023/11/07,1260,1273,1248,1249,1394.90002441406
5831,2023/11/08,1257.5,1257.5,1167,1190,2438.19995117188
5831,2023/11/09,1189,1221.5,1170,1211.5,1671.80004882813
5831,2023/11/10,1215,1232.5,1208.5,1230,1277.40002441406
5831,2023/11/13,1241,1241,1198.5,1218.5,2030.70007324219
5831,2023/11/14,1250,1250,1202.5,1228,1639.5
5831,2023/11/15,1236.5,1238,1201,1216,2125.80004882813
5831,2023/11/16,1203,1217,1188.5,1192,1485.40002441406
5831,2023/11/17,1177,1210,1168,1210,1605.40002441406
5831,2023/11/20,1198,1229.5,1196.5,1219,1868.40002441406
5831,2023/11/21,1220,1228,1207,1224,1809.09997558594
5831,2023/11/22,1217,1229,1215,1225.5,1260
5831,2023/11/24,1246,1246,1228.5,1228.5,1476.70007324219
5831,2023/11/27,1229,1230.5,1208.5,1222,1522.59997558594
5831,2023/11/28,1229,1234.5,1217,1221,1335.09997558594
5831,2023/11/29,1217,1220.5,1188.5,1195.5,1431.70007324219
5831,2023/11/30,1196,1213.5,1188,1196,4804.89990234375
5831,2023/12/01,1212,1220.5,1204.5,1213,1556.30004882813
5831,2023/12/04,1201.5,1209.5,1191.5,1201.5,1218.09997558594
5831,2023/12/05,1195.5,1211.5,1195.5,1199.5,1218.90002441406
5831,2023/12/06,1200,1225.5,1197.5,1225,1344.40002441406
5831,2023/12/07,1237,1254.5,1233.5,1247.5,2763.80004882813
5831,2023/12/08,1229,1262.5,1227.5,1247,2753.30004882813
5831,2023/12/11,1247,1259.5,1226,1247.5,1743.59997558594
5831,2023/12/12,1242,1242,1221.5,1223,1152.59997558594
5831,2023/12/13,1223,1245,1222,1238,1661.5
5831,2023/12/14,1225.5,1230.5,1194.5,1200.5,1440.09997558594
5831,2023/12/15,1190,1190.5,1155.5,1166.5,1967.30004882813
5831,2023/12/18,1141.5,1157,1132,1148.5,1313
5831,2023/12/19,1149.5,1162.5,1135,1148,1300.40002441406
5831,2023/12/20,1132,1159.5,1129,1136.5,1774.20007324219
5831,2023/12/21,1132,1140,1125,1125,1142
5831,2023/12/22,1125,1142,1125,1133,1236.20007324219
5831,2023/12/25,1140,1148.5,1131,1144,837.700012207031
5831,2023/12/26,1151,1153.5,1136.5,1145.5,891.5
5831,2023/12/27,1150,1176,1149.5,1171,1330.30004882813
5831,2023/12/28,1165,1180.5,1165,1179.5,964.200012207031
5831,2023/12/29,1184,1196,1181.5,1195,1575.59997558594
5831,2024/01/04,1195,1222.5,1183,1221,1872.90002441406
5831,2024/01/05,1244.5,1257,1238.5,1246.5,1396.90002441406
5831,2024/01/09,1249,1262,1238,1241.5,1498.40002441406
5831,2024/01/10,1237.5,1254.5,1230,1236.5,1268.5
5831,2024/01/11,1252,1279,1251.5,1266.5,1475.09997558594
5831,2024/01/12,1296.5,1296.5,1255.5,1259.5,1649.20007324219
5831,2024/01/15,1259.5,1299,1259.5,1286,1160.70007324219
5831,2024/01/16,1294,1296,1261,1273,1010.60003662109
5831,2024/01/17,1277,1285.5,1263,1266.5,2222.5
5831,2024/01/18,1270,1280,1262,1279,1621.59997558594
5831,2024/01/19,1283.5,1283.5,1261.5,1264,1159
5831,2024/01/22,1270,1289.5,1264.5,1283,1329.70007324219
5831,2024/01/23,1290,1299,1274,1285.5,1283.80004882813
5831,2024/01/24,1277.5,1334.5,1273.5,1331.5,1975.90002441406
5831,2024/01/25,1339.5,1357,1334,1343.5,2156.60009765625
5831,2024/01/26,1336,1344.5,1319.5,1321,2009.30004882813
5831,2024/01/29,1324.5,1346,1324.5,1336,1164.20007324219
5831,2024/01/30,1338.5,1342.5,1328.5,1331.5,1125.40002441406
5831,2024/01/31,1322.5,1355.5,1317,1354.5,1727.90002441406
5831,2024/02/01,1338,1422.5,1331.5,1411.5,3989
5831,2024/02/02,1415,1463,1413.5,1443.5,3506.19995117188
5831,2024/02/05,1445.5,1464.5,1428.5,1428.5,2437
5831,2024/02/06,1425,1426,1394.5,1400,2118.60009765625
5831,2024/02/07,1400.5,1412.5,1394.5,1404.5,1280.5
5831,2024/02/08,1400.5,1404,1382,1388.5,2048.5
5831,2024/02/09,1394.5,1395,1367.5,1383.5,1908.90002441406
5831,2024/02/13,1383.5,1402,1372,1400,2001.80004882813
5831,2024/02/14,1400,1410,1385.5,1395,1566.30004882813
5831,2024/02/15,1417,1420,1388.5,1394,1637.40002441406
5831,2024/02/16,1400,1421,1396,1414,1838.80004882813
5831,2024/02/19,1415,1450,1415,1450,1720.90002441406
5831,2024/02/20,1450,1457.5,1434,1444,1621.80004882813
5831,2024/02/21,1444,1450,1435.5,1437.5,959.299987792969
5831,2024/02/22,1450,1468.5,1446.5,1455.5,1845
5831,2024/02/26,1465,1486.5,1460.5,1461.5,1512.20007324219
5831,2024/02/27,1466.5,1508.5,1463.5,1474,1561.59997558594
5831,2024/02/28,1487.5,1523,1466.5,1473,1811.5
5831,2024/02/29,1475,1488,1461,1465,2135.60009765625
5831,2024/03/01,1465,1491.5,1455.5,1487.5,1410.80004882813
5831,2024/03/04,1485.5,1486.5,1461,1467,1424.40002441406
5831,2024/03/05,1467,1482,1460.5,1479,1506.40002441406
5831,2024/03/06,1482,1497,1473.5,1492.5,1908.30004882813
5831,2024/03/07,1500,1534.5,1495,1510,2139
5831,2024/03/08,1510,1555,1489.5,1534.5,3060.60009765625
5831,2024/03/11,1544,1546.5,1463.5,1482,2435.80004882813
5831,2024/03/12,1475,1475,1433.5,1455,1805.40002441406
5831,2024/03/13,1485,1488.5,1443.5,1456.5,1632.40002441406
5831,2024/03/14,1460.5,1462,1420,1427.5,1903
5831,2024/03/15,1425.5,1453,1423,1442,1825.30004882813
5831,2024/03/18,1459.5,1483,1446,1476,1501.70007324219
5831,2024/03/19,1471,1482.5,1450.5,1458.5,2202
5831,2024/03/21,1472,1519.5,1463,1518.5,2440.10009765625
5831,2024/03/22,1520.5,1529.5,1505,1528.5,1893.90002441406
5831,2024/03/25,1523,1523,1487,1497,1488.80004882813
5831,2024/03/26,1492,1496.5,1472.5,1475,1760.09997558594
5831,2024/03/27,1472,1494.5,1466,1479.5,2364.90014648438
5831,2024/03/28,1448.5,1452.5,1425,1436,2198.90014648438
5831,2024/03/29,1440,1453.5,1429.5,1447,1886.20007324219
5831,2024/04/01,1453.5,1461.5,1405.5,1419,1383.90002441406
5831,2024/04/02,1418.5,1435,1399.5,1408,1450.90002441406
5831,2024/04/03,1401,1430.5,1385,1419.5,1430.5
5831,2024/04/04,1435,1446.5,1420.5,1441,1573.5
5831,2024/04/05,1413.5,1425,1400.5,1419,1570.80004882813
5831,2024/04/08,1426,1443,1419.5,1428.5,1202.40002441406
5831,2024/04/09,1448,1449.5,1425.5,1430.5,1465.09997558594
5831,2024/04/10,1419,1442,1416,1433,1188.59997558594
5831,2024/04/11,1417.5,1483,1415,1479.5,1730.30004882813
5831,2024/04/12,1486,1490,1469,1487.5,1772
5831,2024/04/15,1457.5,1476.5,1441.5,1475,979.900024414063
5831,2024/04/16,1460,1485,1433,1439,1703.30004882813
5831,2024/04/17,1452.5,1452.5,1411.5,1413,1854.09997558594
5831,2024/04/18,1414,1431.5,1400,1418.5,2773.19995117188
5831,2024/04/19,1420,1422,1386.5,1400,2211
5831,2024/04/22,1429,1460,1414,1460,1879.09997558594
5831,2024/04/23,1467,1486,1456,1463.5,1206.90002441406
5831,2024/04/24,1470,1480,1458,1466.5,1133.70007324219
5831,2024/04/25,1444,1460,1443,1456,1346.30004882813
5831,2024/04/26,1461,1474.5,1450,1466.5,1356.5
5831,2024/04/30,1463,1473.5,1447.5,1472.5,1471.40002441406
5831,2024/05/01,1464.5,1475,1447,1465,970.100036621094
5831,2024/05/02,1461,1469,1452,1458.5,853.700012207031
5831,2024/05/07,1452,1452.5,1414.5,1431.5,1620.40002441406
5831,2024/05/08,1428.5,1439,1419.5,1431,1700.59997558594
5831,2024/05/09,1429,1441,1429,1429,1388.40002441406
5831,2024/05/10,1438.5,1482,1430.5,1477,2248.40014648438
5831,2024/05/13,1461,1576,1461,1544.5,4226.39990234375
5831,2024/05/14,1520,1534,1500,1509,1900.09997558594
5831,2024/05/15,1526,1552.5,1509,1527.5,2193.80004882813
5831,2024/05/16,1524.5,1532.5,1500,1527.5,2020.80004882813
5831,2024/05/17,1506,1547,1502.5,1544.5,1232.09997558594
5831,2024/05/20,1550,1570.5,1545,1550.5,1274.09997558594
5831,2024/05/21,1545.5,1565,1538.5,1547.5,1196.40002441406
5831,2024/05/22,1554,1574.5,1550.5,1556.5,1253.09997558594
5831,2024/05/23,1550,1550,1516,1531,1608.80004882813
5831,2024/05/24,1505.5,1522.5,1500,1510,1306.40002441406
5831,2024/05/27,1505.5,1536,1496,1532.5,1104.90002441406
5831,2024/05/28,1532,1545,1522,1533,954.900024414063
5831,2024/05/29,1544,1573.5,1534,1549.5,1616
5831,2024/05/30,1542,1571.5,1519,1557,1713.59997558594
5831,2024/05/31,1565,1622.5,1562.5,1622.5,5071
5831,2024/06/03,1643.5,1659.5,1626,1629.5,1999.80004882813
5831,2024/06/04,1618,1629.5,1568,1580,2022.09997558594
5831,2024/06/05,1550,1562.5,1531.5,1550,1462
5831,2024/06/06,1535.5,1560.5,1526,1537,1578.59997558594
5831,2024/06/07,1536.5,1557,1534.5,1539.5,1124.40002441406
5831,2024/06/10,1550,1563,1542.5,1551,1015.40002441406
5831,2024/06/11,1558,1559,1513,1518.5,1477.90002441406
5831,2024/06/12,1510,1527,1505.5,1508,1570.30004882813
5831,2024/06/13,1502,1510.5,1473,1479,1908.90002441406
5831,2024/06/14,1467.5,1487.5,1454.5,1464,2635.10009765625
5831,2024/06/17,1464,1481,1421,1429.5,1967.30004882813
5831,2024/06/18,1454,1454.5,1413.5,1433,1722.5
5831,2024/06/19,1453,1457,1428.5,1431.5,1403.59997558594
5831,2024/06/20,1431.5,1433.5,1415.5,1427,1644.59997558594
5831,2024/06/21,1442,1452,1429,1443,3892.40014648438
5831,2024/06/24,1455,1471.5,1439.5,1450,2223
5831,2024/06/25,1468.5,1494,1461.5,1483,2161.10009765625
5831,2024/06/26,1484.5,1506,1484.5,1492,2628.60009765625
5831,2024/06/27,1495,1531,1495,1510,2418
5831,2024/06/28,1513.5,1562,1512.5,1544,3048.69995117188
5831,2024/07/01,1562.5,1577,1542.5,1575.5,1905.40002441406
5831,2024/07/02,1574.5,1593.5,1570,1586.5,2157.80004882813
5831,2024/07/03,1572.5,1576.5,1535.5,1539.5,1805.90002441406
5831,2024/07/04,1530,1545.5,1521,1535.5,962.900024414063
5831,2024/07/05,1543,1545,1525,1528,1001.79998779297
5831,2024/07/08,1523.5,1529,1498,1499.5,1436.40002441406
5831,2024/07/09,1499,1499,1472,1490,1882.5
5831,2024/07/10,1497,1513,1487,1498.5,1706.30004882813
5831,2024/07/11,1518,1522,1489,1490.5,1749.70007324219
5831,2024/07/12,1484.5,1497,1470.5,1494.5,2167.5
5831,2024/07/16,1482.5,1533,1477.5,1527,1849.80004882813
5831,2024/07/17,1540,1541.5,1525,1528.5,1210.30004882813
5831,2024/07/18,1529,1549.5,1526.5,1537,1622.09997558594
5831,2024/07/19,1543,1543,1510,1528.5,1185.90002441406
5831,2024/07/22,1526,1540,1510,1513.5,1072.80004882813
5831,2024/07/23,1514,1558,1511.5,1546.5,1528.40002441406
5831,2024/07/24,1535,1535,1507.5,1508,1448.80004882813
5831,2024/07/25,1480.5,1490,1466,1474.5,2032.30004882813
5831,2024/07/26,1478.5,1487.5,1459.5,1460.5,1535
5831,2024/07/29,1481,1507,1467.5,1499,1616.30004882813
5831,2024/07/30,1474,1478.5,1450.5,1462,1441.90002441406
5831,2024/07/31,1476,1520,1459.5,1517.5,2801.19995117188
5831,2024/08/01,1534,1539.5,1508.5,1518,2347.90014648438
5831,2024/08/02,1490,1495.5,1367.5,1367.5,3712.5
5831,2024/08/05,1187.5,1241.5,1140,1154.5,5023.10009765625
5831,2024/08/06,1213.5,1271.5,1176,1227.5,4292.5
5831,2024/08/07,1192.5,1309.5,1190,1279.5,4024.90014648438
5831,2024/08/08,1309.5,1312.5,1212.5,1218.5,3311.90014648438
5831,2024/08/09,1255,1272.5,1230.5,1245,3302.19995117188
5831,2024/08/13,1261.5,1300.5,1252.5,1294.5,2243.60009765625
5831,2024/08/14,1295,1325,1293,1309,2416
5831,2024/08/15,1312,1348.5,1311,1333.5,1383.90002441406
5831,2024/08/16,1379.5,1388,1344.5,1363,2141.5
5831,2024/08/19,1364,1372.5,1343.5,1348.5,1389.59997558594
5831,2024/08/20,1366.5,1366.5,1326,1335,1946.30004882813
5831,2024/08/21,1325,1345,1321,1332,1407.30004882813
5831,2024/08/22,1324.5,1337.5,1306,1319.5,1009
5831,2024/08/23,1325,1332.5,1314.5,1331,1306.59997558594
5831,2024/08/26,1320.5,1333,1301,1310.5,1000.60003662109
5831,2024/08/27,1310,1316,1297.5,1301,1430.30004882813
5831,2024/08/28,1300.5,1313.5,1292,1312.5,1038.80004882813
5831,2024/08/29,1315,1315,1292.5,1301.5,1409.59997558594
5831,2024/08/30,1305,1306,1286,1297.5,2113
5831,2024/09/02,1315,1320.5,1303.5,1307,1040
5831,2024/09/03,1314,1332.5,1306.5,1327,1143.5
5831,2024/09/04,1294.5,1296,1271.5,1279.5,1930.80004882813
5831,2024/09/05,1249.5,1300,1244,1285,1752
5831,2024/09/06,1290.5,1300.5,1273,1284,1387.5
5831,2024/09/09,1246.5,1266.5,1225,1264.5,1755.20007324219
5831,2024/09/10,1264,1296,1264,1275,1231.80004882813
5831,2024/09/11,1259,1267,1231.5,1247,2008.20007324219
5831,2024/09/12,1257.5,1276,1251,1259,1726.40002441406
5831,2024/09/13,1265.5,1266.5,1235.5,1238.5,2417.10009765625
5831,2024/09/17,1250,1253.5,1209.5,1228.5,2158.40014648438
5831,2024/09/18,1246.5,1252.5,1234,1245.5,1593.59997558594
5831,2024/09/19,1268.5,1278,1250,1255.5,1464.09997558594
5831,2024/09/20,1276,1280.5,1262,1262,2202
5831,2024/09/24,1277,1281.5,1236,1237,2816.19995117188
5831,2024/09/25,1230,1231,1207,1210,2588.30004882813
5831,2024/09/26,1218.5,1240,1212.5,1239,2964.60009765625
5831,2024/09/27,1230,1230,1207,1216,2087.5
5831,2024/09/30,1217,1264.5,1213.5,1244.5,4169.10009765625
5831,2024/10/01,1250,1268.5,1238,1246.5,2730.60009765625
5831,2024/10/02,1239,1269.5,1233,1241.5,2965.69995117188
5831,2024/10/03,1265,1273,1231,1239,2982.69995117188
5831,2024/10/04,1242.5,1263,1242.5,1259,1698.80004882813
5831,2024/10/07,1288,1304.5,1278,1291,2540.90014648438
5831,2024/10/08,1275,1278,1241.5,1254,1941.80004882813
5831,2024/10/09,1263,1270,1241,1244.5,1619.70007324219
5831,2024/10/10,1255.5,1256.5,1236,1242.5,1795.09997558594
5831,2024/10/11,1253,1260.5,1243,1251,2899.80004882813
5831,2024/10/15,1266,1290.5,1266,1281.5,2754.90014648438
5831,2024/10/16,1265.5,1288,1258.5,1276.5,2165.40014648438
5831,2024/10/17,1288,1306,1285,1300,2532.40014648438
5831,2024/10/18,1311,1311.5,1286.5,1292,2096.10009765625
5831,2024/10/21,1286,1286,1265.5,1277,1414.40002441406
5831,2024/10/22,1280,1280,1258,1262.5,2075.90014648438
5831,2024/10/23,1262.5,1265.5,1240.5,1241.5,1288.5
5831,2024/10/24,1226,1235.5,1215,1227.5,1982.59997558594
5831,2024/10/25,1215,1222.5,1198,1216.5,2380.40014648438
5831,2024/10/28,1201.5,1231.5,1198.5,1221.5,1291.40002441406
5831,2024/10/29,1223,1241.5,1223,1236.5,1417.5
5831,2024/10/30,1240,1241.5,1228,1232.5,2407.10009765625
5831,2024/10/31,1243,1248.5,1226,1227.5,1797.90002441406
5831,2024/11/01,1212,1245,1207.5,1234,1529.59997558594
5831,2024/11/05,1234,1241.5,1218,1239.5,1690.09997558594
5831,2024/11/06,1248,1309,1245.5,1294.5,3817.30004882813
5831,2024/11/07,1330,1355.5,1319,1326,3928.10009765625
5831,2024/11/08,1356,1363.5,1332.5,1340.5,3787.90014648438
5831,2024/11/11,1355.5,1389,1329.5,1349,3753.19995117188
5831,2024/11/12,1380.5,1385,1344.5,1349.5,3683.90014648438
5831,2024/11/13,1349.5,1359.5,1340,1344.5,2737.19995117188
5831,2024/11/14,1340.5,1348,1326.5,1334.5,2989.30004882813
5831,2024/11/15,1338,1364.5,1331,1358,2900.90014648438
5831,2024/11/18,1358,1370,1352,1368,2460.30004882813
5831,2024/11/19,1354.5,1369,1342,1348.5,3957.19995117188
5831,2024/11/20,1335,1340,1305,1315,3315.40014648438
5831,2024/11/21,1312.5,1335.5,1307.5,1323.5,3048.30004882813
5831,2024/11/22,1323.5,1335.5,1315.5,1326.5,2443.5
5831,2024/11/25,1341,1369.5,1333.5,1369.5,13777.900390625
5831,2024/11/26,1356,1365,1318,1328,2426.30004882813
5831,2024/11/27,1320,1325,1295,1312,2475.69995117188
5831,2024/11/28,1294,1315.5,1289,1297,2477.19995117188
5831,2024/11/29,1307,1338,1302.5,1332,3615.30004882813
5831,2024/12/02,1347.5,1371,1342.5,1367,3162.60009765625
5831,2024/12/03,1379,1384.5,1360.5,1367,3515.69995117188
5831,2024/12/04,1361,1368.5,1339,1341.5,2435.19995117188
5831,2024/12/05,1353,1353.5,1326,1344,2091.69995117188
5831,2024/12/06,1355,1365,1340,1354,1828.20007324219
5831,2024/12/09,1360,1367.5,1333.5,1352,2094.19995117188
5831,2024/12/10,1359.5,1369.5,1346,1346,1791.80004882813
5831,2024/12/11,1356,1362,1349.5,1357.5,2603
5831,2024/12/12,1365,1378,1358,1358.5,2498.40014648438
5831,2024/12/13,1344.5,1361.5,1332.5,1340.5,2558.90014648438
5831,2024/12/16,1340.5,1348.5,1320,1324,1857.20007324219
5831,2024/12/17,1324,1343.5,1304.5,1304.5,1812.80004882813
5831,2024/12/18,1304.5,1314.5,1296.5,1301.5,1748.30004882813
5831,2024/12/19,1290,1302,1277.5,1295,2366
5831,2024/12/20,1295,1295,1258,1260,3343.5
5831,2024/12/23,1258.5,1284,1254,1277,2428.10009765625
5831,2024/12/24,1296,1305.5,1292.5,1298,2063.40014648438
5831,2024/12/25,1298,1302.5,1271,1282,1871.5
5831,2024/12/26,1280,1282,1264,1275,1730.59997558594
5831,2024/12/27,1281.5,1292,1279,1289,1741.30004882813
5831,2024/12/30,1299,1306.5,1284,1284.5,2019.09997558594
5831,2025/01/06,1292.5,1325,1291,1310.5,4067.10009765625
5831,2025/01/07,1315.5,1332.5,1304,1312.5,2985.5
5831,2025/01/08,1312.5,1338.5,1312.5,1336.5,3439
5831,2025/01/09,1341,1346,1332.5,1332.5,2951
5831,2025/01/10,1336.5,1339,1294,1299,3187.30004882813
5831,2025/01/14,1310,1327,1305,1310,3553.69995117188
5831,2025/01/15,1329.5,1337,1311,1325,2131.5
5831,2025/01/16,1325,1351.5,1325,1343.5,2888.5
5831,2025/01/17,1347,1366.5,1323.5,1363.5,3482.40014648438
5831,2025/01/20,1370,1373.5,1353,1353.5,3361.30004882813
5831,2025/01/21,1360,1366,1323,1329.5,3240.69995117188
5831,2025/01/22,1340,1343.5,1330.5,1341,1847.70007324219
5831,2025/01/23,1341,1342.5,1327,1332,2315.5
5831,2025/01/24,1344.5,1353,1318,1333.5,2245
5831,2025/01/27,1347,1365,1336.5,1339,1895.70007324219
5831,2025/01/28,1345.5,1375.5,1342.5,1369.5,2276.60009765625
5831,2025/01/29,1370.5,1382,1363,1380.5,1880.40002441406
5831,2025/01/30,1381,1393,1371.5,1389.5,2174.90014648438
5831,2025/01/31,1400,1404.5,1382.5,1389.5,2456.19995117188
5831,2025/02/03,1368,1371,1350,1351,3334.30004882813
5831,2025/02/04,1361,1366,1353,1363,2768.5
5831,2025/02/05,1375.5,1398.5,1372,1378.5,3083.90014648438
5831,2025/02/06,1378,1384.5,1361.5,1368.5,2047.20007324219
5831,2025/02/07,1379.5,1379.5,1359.5,1362.5,1776.09997558594
5831,2025/02/10,1359.5,1374.5,1352,1372.5,2644.80004882813
5831,2025/02/12,1370,1398,1355.5,1387,5354.39990234375
5831,2025/02/13,1429,1515.5,1425,1472,8546.5
5831,2025/02/14,1455.5,1505.5,1447.5,1501,4419.5
5831,2025/02/17,1500,1514.5,1485,1514.5,3265.69995117188
5831,2025/02/18,1516.5,1541,1500.5,1532.5,2942.80004882813
5831,2025/02/19,1559.5,1602,1527,1536.5,5930.2001953125
5831,2025/02/20,1521,1541,1501,1540,4970.2001953125
5831,2025/02/21,1538,1604.5,1521,1602,5989.89990234375
5831,2025/02/25,1596,1619,1561.5,1563.5,7253.5
5831,2025/02/26,1562,1569.5,1527,1547,6287.10009765625
5831,2025/02/27,1547,1551,1525,1532.5,4388.89990234375
5831,2025/02/28,1519.5,1542,1512,1520,33777.80078125
5831,2025/03/03,1532.5,1561,1527,1557,3394.5
5831,2025/03/04,1540,1562.5,1535,1546,2228.60009765625
5831,2025/03/05,1571,1590,1546,1559,3657.5
5831,2025/03/06,1561,1588.5,1559.5,1588.5,2563.30004882813
5831,2025/03/07,1570,1594,1566,1587.5,2573
5831,2025/03/10,1590,1590,1544.5,1551,2341.10009765625
5831,2025/03/11,1495,1509,1465,1498,3828.60009765625
5831,2025/03/12,1528,1572.5,1528,1548.5,3890.80004882813
5831,2025/03/13,1570.5,1594.5,1565,1584.5,2654.60009765625
5831,2025/03/14,1593,1613,1583.5,1606.5,3401.40014648438
5831,2025/03/17,1613.5,1636.5,1612,1631.5,2449.69995117188
5831,2025/03/18,1650,1675.5,1644.5,1658,2651.69995117188
5831,2025/03/19,1640,1664.5,1637.5,1659,1815
5831,2025/03/21,1663.5,1720,1662.5,1720,4112.5
5831,2025/03/24,1719,1719,1694,1700.5,1865.5
5831,2025/03/25,1698,1700,1677,1689.5,1823.90002441406
5831,2025/03/26,1701,1705.5,1680.5,1698,2092.80004882813
5831,2025/03/27,1693,1788,1684,1722,5381
5831,2025/03/28,1699.5,1708,1648.5,1657.5,2957.40014648438
5831,2025/03/31,1617.5,1633.5,1591,1623,3115.5
5831,2025/04/01,1656.5,1665,1617,1622.5,2600.5
5831,2025/04/02,1610,1618.5,1584,1603,2901
5831,2025/04/03,1523,1550.5,1474,1496,4721.89990234375
5831,2025/04/04,1399,1416.5,1356,1391.5,5225.7001953125
5831,2025/04/07,1266,1322.5,1252,1278.5,5278.39990234375
5831,2025/04/08,1350,1405,1350,1393.5,3702.40014648438
5831,2025/04/09,1359,1367,1311.5,1323.5,3150.5
5831,2025/04/10,1503.5,1503.5,1435,1443.5,2836.69995117188
5831,2025/04/11,1370.5,1414.5,1356,1408,2684.30004882813
5831,2025/04/14,1412,1446.5,1407,1429.5,1835.30004882813
5831,2025/04/15,1444,1464,1432,1450,1794.80004882813
5831,2025/04/16,1464.5,1469.5,1429.5,1442,1515.5
5831,2025/04/17,1446,1481.5,1435,1481.5,1517.70007324219
5831,2025/04/18,1485,1495,1476,1490.5,1052.70007324219
5831,2025/04/21,1480,1485,1465,1473,933.200012207031
5831,2025/04/22,1473,1490.5,1468.5,1490.5,1030.70007324219
5831,2025/04/23,1544,1544.5,1516,1525.5,2176.80004882813
5831,2025/04/24,1553.5,1555.5,1524,1528.5,1557
5831,2025/04/25,1531.5,1547.5,1526,1544.5,1779.70007324219
5831,2025/04/28,1535.5,1563,1535.5,1554,1354.80004882813
5831,2025/04/30,1564.5,1584,1552,1578.5,1656.5
5831,2025/05/01,1580,1587.5,1536,1541,1756.30004882813
5831,2025/05/02,1520,1530,1478,1496,2829.10009765625
5831,2025/05/07,1496.5,1531,1492.5,1528.5,2894.30004882813
5831,2025/05/08,1513,1527,1500.5,1524,2048.5
5831,2025/05/09,1530,1572,1529,1562.5,2903
5831,2025/05/12,1568.5,1588.5,1553.5,1574.5,3144.5
5831,2025/05/13,1623,1633,1577,1578.5,2893.90014648438
5831,2025/05/14,1600,1632.5,1585.5,1629.5,3245.60009765625
5831,2025/05/15,1607,1608,1576.5,1581,2001.09997558594
5831,2025/05/16,1588.5,1603.5,1566,1576,1870
5831,2025/05/19,1555.5,1586,1545,1586,1766.20007324219
5831,2025/05/20,1600,1628.5,1589,1601.5,2997.40014648438
5831,2025/05/21,1629,1660.5,1622,1634,3792
5831,2025/05/22,1610,1627,1601,1626.5,1910.59997558594
5831,2025/05/23,1646,1665.5,1641.5,1646,2395.60009765625
5831,2025/05/26,1650,1658.5,1632,1640,1478.30004882813
5831,2025/05/27,1636,1651.5,1629,1651.5,1155.20007324219
5831,2025/05/28,1661,1666,1644,1650,1879.40002441406
5831,2025/05/29,1650,1672.5,1650,1666.5,1882.40002441406
5831,2025/05/30,1669.5,1702.5,1669,1690.5,4653.10009765625
5831,2025/06/02,1694.5,1713,1688.5,1707.5,2699.60009765625
5831,2025/06/03,1720,1722.5,1690,1690,2278.80004882813
5831,2025/06/04,1696,1721.5,1690,1716.5,1998.09997558594
5831,2025/06/05,1706,1707.5,1679,1684,1774
5831,2025/06/06,1696,1710,1694.5,1694.5,1874
5831,2025/06/09,1716,1726.5,1706.5,1714.5,1499.59997558594
5831,2025/06/10,1715,1722,1700,1705,1424.5
5831,2025/06/11,1710.5,1711,1691,1703,1376.80004882813
5831,2025/06/12,1708,1712.5,1693,1706.5,1502
5831,2025/06/13,1707,1710,1687,1695.5,1863.20007324219
5831,2025/06/16,1704,1715,1694.5,1706,1273.40002441406
5831,2025/06/17,1696,1704.5,1689.5,1698,932.600036621094
5831,2025/06/18,1693,1703,1680,1700.5,1110.59997558594
5831,2025/06/19,1720,1727,1709,1715,1619
5831,2025/06/20,1710,1720.5,1690.5,1690.5,2984.19995117188
5831,2025/06/23,1693.5,1713.5,1691,1701,1396.59997558594
5831,2025/06/24,1719.5,1719.5,1701.5,1708,1328.5
5831,2025/06/25,1699,1716,1682.5,1714.5,1574.59997558594
5831,2025/06/26,1688,1699.5,1674,1698,1901.40002441406
5831,2025/06/27,1689,1703,1684,1696.5,1726.59997558594
5831,2025/06/30,1696.5,1697,1674.5,1678,1978.09997558594
5831,2025/07/01,1662,1681,1646.5,1678,1868.80004882813
5831,2025/07/02,1666,1684.5,1665,1673.5,1129.90002441406
5831,2025/07/03,1667,1674,1659,1674,1184.70007324219
5831,2025/07/04,1681,1687.5,1665,1677.5,1549.09997558594
5831,2025/07/07,1664,1671,1650.5,1662,1633.80004882813
5831,2025/07/08,1661,1662,1647.5,1655,1625.40002441406
5831,2025/07/09,1655,1674.5,1644.5,1664.5,1538.20007324219
5831,2025/07/10,1663.5,1680.5,1662,1678.5,2000.30004882813
5831,2025/07/11,1700,1722,1685,1702,1942.09997558594
5831,2025/07/14,1693.5,1702,1681.5,1700,886.900024414063
5831,2025/07/15,1710,1732.5,1704,1710,1319.70007324219
5831,2025/07/16,1696,1718.5,1688.5,1715.5,1258.09997558594
5831,2025/07/17,1710,1728,1702,1722.5,1205.80004882813
5831,2025/07/18,1730.5,1738,1712.5,1715.5,910.299987792969
5831,2025/07/22,1710,1718,1688,1698.5,1593.09997558594
5831,2025/07/23,1722,1753,1704,1745,3184.5
5831,2025/07/24,1766,1801,1761.5,1770,2076.80004882813
5831,2025/07/25,1783.5,1784.5,1761.5,1770,1328
5831,2025/07/28,1766,1769,1723,1724,1693.80004882813
5831,2025/07/29,1720,1728.5,1713,1724.5,1200.80004882813
5831,2025/07/30,1726,1764.5,1723.5,1758,1770.20007324219
5831,2025/07/31,1771,1796,1770.5,1792.5,1721.70007324219
5831,2025/08/01,1780,1815.5,1771,1809.5,1507.70007324219
5831,2025/08/04,1768,1771,1745.5,1767.5,1581.80004882813
5831,2025/08/05,1779,1799.5,1770.5,1787.5,1003.29998779297
5831,2025/08/06,1781,1802.5,1778,1793.5,1254.20007324219
5831,2025/08/07,1796.5,1848.5,1795,1839.5,2011.5
5831,2025/08/08,1843,1879,1814.5,1855,2419.90014648438
5831,2025/08/12,1915,1915,1885,1891,2516.80004882813
5831,2025/08/13,1891,1899.5,1872,1886,1691.20007324219
5831,2025/08/14,1876,1889.5,1862,1889.5,1349.09997558594
5831,2025/08/15,1898,1936.5,1895.5,1936.5,1747.80004882813
5831,2025/08/18,1940,1955.5,1925,1926.5,1508.40002441406
5831,2025/08/19,1930,1933,1892.5,1897,1373.40002441406
5831,2025/08/20,1908,1923.5,1888,1910.5,1453.09997558594
5831,2025/08/21,1911.5,1931.5,1898,1923.5,1110.30004882813
5831,2025/08/22,1963.5,1995,1948.5,1976,2085.60009765625
5831,2025/08/25,1991,1998.5,1962,1970,1373.30004882813
5831,2025/08/26,1977,1981.5,1939,1965.5,2256.60009765625
5831,2025/08/27,1966,1971.5,1951,1954,1042.80004882813
5831,2025/08/28,1949,1983,1944,1980,1002.20001220703
5831,2025/08/29,1977,1978,1964,1971,1098.5
5831,2025/09/01,1959,1975.5,1932,1949.5,1624.5
5831,2025/09/02,1952.5,1969,1942,1964,1490.59997558594
5831,2025/09/03,1964,1965.5,1898.5,1911.5,1546.80004882813
5831,2025/09/04,1920.5,1947,1911.5,1942,1293
5831,2025/09/05,1946.5,1955,1927.5,1941,1271
5831,2025/09/08,1941,1955.5,1924,1949,1207.80004882813
5831,2025/09/09,1954,1957,1917.5,1933,1474.40002441406
5831,2025/09/10,1937,1986,1934,1986,1754.90002441406
5831,2025/09/11,1987,1988,1954,1969,1477.09997558594
5831,2025/09/12,1988,1997,1965,1997,2041.40002441406
5831,2025/09/16,1988.5,1992,1965,1968.5,1509.80004882813
5831,2025/09/17,1951.5,1963,1928,1954.5,1322
5831,2025/09/18,1964.5,1965.5,1943.5,1955,1369
5831,2025/09/19,1964,2004,1960.5,1975,5410.39990234375
5831,2025/09/22,1985,2004,1971,1995,1383.40002441406
5831,2025/09/24,1995,1998,1959.5,1974.5,2699.69995117188
5831,2025/09/25,1982,2009,1978.5,2009,1734.90002441406
5831,2025/09/26,2039,2068,2029.5,2057,2292.80004882813
5831,2025/09/29,2040,2045,1987,1997.5,1727
5831,2025/09/30,1999,2043,1981,2031.5,1814.40002441406
5831,2025/10/01,2003,2010,1981.5,2005,2086.30004882813
5831,2025/10/02,1996,2022,1991.5,2008,1444.90002441406
5831,2025/10/03,2003.5,2038,2003.5,2029.5,1259.59997558594
5831,2025/10/06,2031.5,2037,1961.5,2001,3015.69995117188
5831,2025/10/07,1998,2019,1991.5,1999,1072.80004882813
5831,2025/10/08,2005.5,2040.5,2002.5,2021,1113.20007324219
5831,2025/10/09,2010.5,2030,2010.5,2025,860.700012207031
5831,2025/10/10,2002,2009,1973,1973,1664.40002441406
5831,2025/10/14,1949,1959,1918.5,1931.5,2278.60009765625
5831,2025/10/15,1950,1974,1942,1974,1293.5
5831,2025/10/16,1993,1998,1978,1995.5,1110.09997558594
5831,2025/10/17,1957.5,1983.5,1952.5,1962.5,1486.40002441406
5831,2025/10/20,1997,2051.5,1977,2051.5,1707.5
5831,2025/10/21,2073,2082,2039,2042,1529.30004882813
5831,2025/10/22,2048.5,2052.5,2035.5,2044.5,818.600036621094
5831,2025/10/23,2036.5,2036.5,2019,2027.5,1018
5831,2025/10/24,2024,2040,2018,2020.5,927.900024414063
5831,2025/10/27,2051,2099,2043,2072,1851.30004882813
5831,2025/10/28,2082.5,2082.5,2046.5,2056,1395.80004882813
5831,2025/10/29,2055,2059.5,2032.5,2042.5,1507.5
5831,2025/10/30,2048.5,2083.5,2044,2083.5,1837.40002441406
5831,2025/10/31,2088,2089,2066.5,2075,1085.59997558594
5831,2025/11/04,2075,2132,2068,2110.5,1781
5831,2025/11/05,2111,2121,2037.5,2103.5,2268.19995117188
5831,2025/11/06,2104,2151,2100,2148,1742.5
5831,2025/11/07,2136.5,2148,2081,2101,2588
5831,2025/11/10,2121,2154,2094.5,2102.5,2905
5831,2025/11/11,2091,2099.5,2043.5,2063.5,2716.69995117188
5831,2025/11/12,2085,2114.5,2080,2092,1859
5831,2025/11/13,2104,2133,2100,2133,1603
5831,2025/11/14,2124.5,2143,2106.5,2135.5,1743.80004882813
5831,2025/11/17,2144.5,2163,2123,2151.5,1960
5831,2025/11/18,2129,2146.5,2093,2094.5,2005.20007324219
5831,2025/11/19,2133.5,2167.5,2107,2139,2783.10009765625
5831,2025/11/20,2180,2194,2165,2179.5,2116.5
5831,2025/11/21,2162,2224,2150,2219.5,2363.69995117188
5831,2025/11/25,2238,2240,2190,2210,1744.59997558594
5831,2025/11/26,2220,2239,2211,2219,1944.09997558594
5831,2025/11/27,2242,2275,2231.5,2243.5,1922.09997558594
5831,2025/11/28,2243.5,2276,2235,2262.5,2012.20007324219
5831,2025/12/01,2294,2338.5,2265,2268,2322.80004882813
5831,2025/12/02,2318,2363,2303,2345.5,4222.39990234375
5831,2025/12/03,2329,2332.5,2290,2309.5,3633.19995117188
5831,2025/12/04,2304.5,2361,2291,2354,2558.10009765625
5831,2025/12/05,2364,2377.5,2341.5,2362.5,2339.30004882813
5831,2025/12/08,2360,2362.5,2331.5,2353.5,2007.09997558594
5831,2025/12/09,2353.5,2373.5,2349.5,2353,1753.20007324219
5831,2025/12/10,2363.5,2369.5,2345,2345,1650.40002441406
5831,2025/12/11,2368,2378.5,2325,2333,1565.70007324219
5831,2025/12/12,2359,2430,2353,2430,3454.69995117188
5831,2025/12/15,2430.5,2456.5,2420,2445.5,2036.70007324219
5831,2025/12/16,2447.5,2455,2408.5,2418,2009
5831,2025/12/17,2418,2420,2367,2387,1991.40002441406
5831,2025/12/18,2387,2417.5,2374,2390,1514
5831,2025/12/19,2395,2450,2392.5,2443.5,2176
5831,2025/12/22,2456.5,2466,2407,2408,2030.59997558594
5831,2025/12/23,2408,2454,2405,2433.5,1578.90002441406
5831,2025/12/24,2452.5,2463,2416,2424,1382.40002441406
5831,2025/12/25,2430,2431,2406.5,2417,578
5831,2025/12/26,2430,2441.5,2416,2417,740.100036621094
5831,2025/12/29,2417,2449,2416,2449,1398
5831,2025/12/30,2436.5,2458.5,2431.5,2432,1007.90002441406
