5844,2023/10/02,2143.25,2185.25,2088.25,2159,591.600036621094
5844,2023/10/03,2159,2185.25,2112.5,2114.5,698.400024414063
5844,2023/10/04,2090,2105.75,2013.5,2037.25,1122.80004882813
5844,2023/10/05,2025,2088.75,2023,2062,719.200012207031
5844,2023/10/06,2067.25,2106.75,2048.5,2080,491.600006103516
5844,2023/10/10,2078,2158,2078,2143.75,1086.80004882813
5844,2023/10/11,2143.75,2160.5,2131.5,2132.5,476
5844,2023/10/12,2114,2129,2096.5,2110.25,688.799987792969
5844,2023/10/13,2100,2110.75,2037.5,2059.5,598.400024414063
5844,2023/10/16,2038.5,2062.5,2023.25,2062.5,576
5844,2023/10/17,2068,2084.75,2038.75,2047.5,556
5844,2023/10/18,2064.75,2116.25,2054.5,2106.75,634.400024414063
5844,2023/10/19,2107,2136.25,2085,2114,608.400024414063
5844,2023/10/20,2132.5,2171.5,2103.5,2115.25,811.600036621094
5844,2023/10/23,2142.5,2174.25,2116.25,2150,823.600036621094
5844,2023/10/24,2162.75,2172.5,2084.5,2160,791.200012207031
5844,2023/10/25,2150,2220,2148.75,2187.75,695.200012207031
5844,2023/10/26,2172.5,2192.25,2152.5,2162.5,647.200012207031
5844,2023/10/27,2140,2176.75,2121,2140.75,975.600036621094
5844,2023/10/30,2103.25,2131,2052.5,2061,1036.80004882813
5844,2023/10/31,2095.5,2158.75,2083.75,2127.5,1164.40002441406
5844,2023/11/01,2161.75,2191.5,2127.5,2190.5,873.600036621094
5844,2023/11/02,2218.5,2244.75,2180.5,2215.75,818.799987792969
5844,2023/11/06,2245,2245,2185.75,2188.25,687.600036621094
5844,2023/11/07,2180,2195.25,2136,2146,742.400024414063
5844,2023/11/08,2128,2128,1988.5,2035.25,1919.20007324219
5844,2023/11/09,2026.25,2082.75,2000,2063.5,1076.40002441406
5844,2023/11/10,2070,2082.5,2042.5,2070.25,460
5844,2023/11/13,2073,2088,2046.25,2065.75,600.400024414063
5844,2023/11/14,2137.5,2169.75,2089.75,2167.5,1715.59997558594
5844,2023/11/15,2175,2181,2120,2142.75,1250
5844,2023/11/16,2125.75,2138.5,2112.5,2121.75,1166
5844,2023/11/17,2116.25,2201.75,2110,2191,1344.40002441406
5844,2023/11/20,2165.25,2212.5,2165.25,2170,1059.20007324219
5844,2023/11/21,2162.5,2182.75,2151.25,2170,701.600036621094
5844,2023/11/22,2170,2233.5,2169.75,2223,592.799987792969
5844,2023/11/24,2218,2229.5,2202.5,2227.5,396.800018310547
5844,2023/11/27,2227.5,2297.5,2215,2281.75,710.799987792969
5844,2023/11/28,2257.5,2293.5,2257.5,2293.5,776.799987792969
5844,2023/11/29,2275.25,2294,2208.75,2217.5,859.200012207031
5844,2023/11/30,2225.75,2227,2170.25,2212.25,1258.40002441406
5844,2023/12/01,2224.5,2237.5,2203.75,2212.5,548
5844,2023/12/04,2192.25,2205.25,2169.5,2183.5,844.400024414063
5844,2023/12/05,2172,2200,2157.75,2159.75,1048
5844,2023/12/06,2159.75,2193,2155,2189.75,689.600036621094
5844,2023/12/07,2167.5,2206.25,2166.25,2206.25,639.200012207031
5844,2023/12/08,2206.25,2288.75,2206.25,2236.25,1172.80004882813
5844,2023/12/11,2273.75,2307.5,2246.75,2262.75,996.799987792969
5844,2023/12/12,2272.5,2281,2244.5,2255.25,918
5844,2023/12/13,2248.25,2286.75,2244.5,2276,566
5844,2023/12/14,2266,2268.75,2178.75,2179.25,1148.80004882813
5844,2023/12/15,2168.5,2174.75,2132.5,2150,1708.40002441406
5844,2023/12/18,2118,2128.75,2081,2115.25,1598.40002441406
5844,2023/12/19,2137.5,2137.5,2096.25,2121.5,1264
5844,2023/12/20,2120,2167.75,2107.5,2150,773.600036621094
5844,2023/12/21,2125,2147.75,2115.5,2136.5,701.600036621094
5844,2023/12/22,2135,2175,2132.25,2170.25,564.799987792969
5844,2023/12/25,2186.25,2194.25,2165.75,2175.5,428.399993896484
5844,2023/12/26,2196.5,2203.75,2172.5,2192.75,610
5844,2023/12/27,2211.75,2239.75,2206.25,2233.25,582.799987792969
5844,2023/12/28,2206.5,2248.5,2202.5,2221,463.899993896484
5844,2023/12/29,2216.5,2242.5,2190,2196.5,410.800018310547
5844,2024/01/04,2195,2204.5,2144,2194,598.5
5844,2024/01/05,2209.5,2235,2203,2225,607.799987792969
5844,2024/01/09,2223.5,2239.5,2188,2211,641
5844,2024/01/10,2202.5,2278,2202.5,2255.5,679
5844,2024/01/11,2280,2344,2280,2320.5,727.799987792969
5844,2024/01/12,2338,2363.5,2315.5,2320.5,598.700012207031
5844,2024/01/15,2320.5,2385,2320.5,2377,568
5844,2024/01/16,2377,2377,2305,2327,742.100036621094
5844,2024/01/17,2339,2374,2331,2331.5,769
5844,2024/01/18,2325,2332.5,2306,2328.5,481.800018310547
5844,2024/01/19,2328.5,2331.5,2308.5,2319,668.299987792969
5844,2024/01/22,2342,2343,2317.5,2335,524.400024414063
5844,2024/01/23,2332.5,2358.5,2309,2315,555.799987792969
5844,2024/01/24,2300,2382.5,2290,2373.5,912.200012207031
5844,2024/01/25,2400,2436,2369.5,2397.5,723.900024414063
5844,2024/01/26,2367,2399.5,2351.5,2369,617.600036621094
5844,2024/01/29,2394,2458,2387,2434.5,483.600006103516
5844,2024/01/30,2450,2455,2418.5,2418.5,630.799987792969
5844,2024/01/31,2438,2476,2397.5,2468,655.400024414063
5844,2024/02/01,2467.5,2553.5,2460,2515,1288.59997558594
5844,2024/02/02,2500,2500,2432,2448,1221.80004882813
5844,2024/02/05,2458.5,2483,2438.5,2455.5,696.5
5844,2024/02/06,2434,2448,2411,2411,665
5844,2024/02/07,2398,2436,2378,2436,399.899993896484
5844,2024/02/08,2421,2430,2390,2390,750
5844,2024/02/09,2373.5,2398,2338,2375,668.600036621094
5844,2024/02/13,2369.5,2391,2339,2386.5,827.5
5844,2024/02/14,2386,2392,2363,2366,735.799987792969
5844,2024/02/15,2384,2391,2302,2331.5,769.799987792969
5844,2024/02/16,2380,2436.5,2367.5,2406.5,846
5844,2024/02/19,2420.5,2534.5,2420.5,2532,1004.10003662109
5844,2024/02/20,2532,2545.5,2482,2524,899.200012207031
5844,2024/02/21,2525,2605,2505.5,2591,929.700012207031
5844,2024/02/22,2610,2648,2606,2632,835.200012207031
5844,2024/02/26,2643,2654,2604,2614,854.700012207031
5844,2024/02/27,2613,2685,2613,2641.5,724.900024414063
5844,2024/02/28,2668.5,2722.5,2637,2655,742.200012207031
5844,2024/02/29,2640,2646.5,2613,2615.5,705.200012207031
5844,2024/03/01,2644,2688,2629,2682.5,648.799987792969
5844,2024/03/04,2697,2742,2654,2724,920.100036621094
5844,2024/03/05,2702.5,2759.5,2681,2742.5,602.400024414063
5844,2024/03/06,2730.5,2765,2715,2752,746.400024414063
5844,2024/03/07,2788.5,2870,2772,2834,1067.09997558594
5844,2024/03/08,2836,2931.5,2788.5,2899,1412.30004882813
5844,2024/03/11,2866,2868,2768.5,2809.5,1148.30004882813
5844,2024/03/12,2764,2787,2722,2739.5,859.799987792969
5844,2024/03/13,2807.5,2824.5,2644,2703.5,1046.90002441406
5844,2024/03/14,2736,2740,2655.5,2682,1021.90002441406
5844,2024/03/15,2672.5,2730.5,2659,2718,866.900024414063
5844,2024/03/18,2757.5,2771.5,2724.5,2753,583.700012207031
5844,2024/03/19,2745,2773,2711,2756,708.900024414063
5844,2024/03/21,2783.5,2907.5,2777,2886.5,1870.09997558594
5844,2024/03/22,2890,2907.5,2861,2887,832
5844,2024/03/25,2858.5,2858.5,2778.5,2785,914.600036621094
5844,2024/03/26,2779,2808,2756,2789,985.700012207031
5844,2024/03/27,2795,2858.5,2789.5,2839,1045.09997558594
5844,2024/03/28,2791,2815.5,2721.5,2721.5,1036.09997558594
5844,2024/03/29,2740,2768.5,2719.5,2761,498.600006103516
5844,2024/04/01,2771.5,2782.5,2710,2733,517.799987792969
5844,2024/04/02,2723,2745,2677.5,2693.5,904.5
5844,2024/04/03,2657.5,2726.5,2649,2714.5,584
5844,2024/04/04,2738,2808,2715,2777,716.299987792969
5844,2024/04/05,2730,2734,2692,2733,618
5844,2024/04/08,2735,2742,2703,2716,540
5844,2024/04/09,2739,2756.5,2697.5,2727.5,542.299987792969
5844,2024/04/10,2686.5,2716,2671,2671,515
5844,2024/04/11,2621,2715,2621,2704.5,700.400024414063
5844,2024/04/12,2718,2762,2704.5,2749,537.200012207031
5844,2024/04/15,2732.5,2765,2717.5,2758,524.600036621094
5844,2024/04/16,2745.5,2790,2698.5,2702,910.700012207031
5844,2024/04/17,2705,2715,2655,2675,679.600036621094
5844,2024/04/18,2693,2780.5,2691,2771.5,617.799987792969
5844,2024/04/19,2746.5,2768.5,2655.5,2694,951
5844,2024/04/22,2764,2819.5,2732,2768.5,957.299987792969
5844,2024/04/23,2795,2800,2745,2762.5,680.799987792969
5844,2024/04/24,2760.5,2776.5,2725,2759.5,729.200012207031
5844,2024/04/25,2758,2780,2740,2761.5,534
5844,2024/04/26,2795.5,2846,2776.5,2816,907
5844,2024/04/30,2800,2813.5,2781,2812,691.200012207031
5844,2024/05/01,2808.5,2838.5,2781.5,2805.5,591.799987792969
5844,2024/05/02,2801.5,2825,2794.5,2801,496.300018310547
5844,2024/05/07,2800,2801,2749,2787.5,561.5
5844,2024/05/08,2771,2792.5,2734,2754.5,398.200012207031
5844,2024/05/09,2777,2791,2753,2768,347.200012207031
5844,2024/05/10,2792.5,2820,2780,2820,481.399993896484
5844,2024/05/13,2810,2860,2801,2846,634.200012207031
5844,2024/05/14,2826.5,2869,2803,2860.5,828.600036621094
5844,2024/05/15,2670,2697,2605.5,2632,2375.60009765625
5844,2024/05/16,2635,2676.5,2595,2623,970.100036621094
5844,2024/05/17,2625,2659,2588,2653.5,781.200012207031
5844,2024/05/20,2653.5,2668.5,2617.5,2640,700.200012207031
5844,2024/05/21,2665,2689.5,2648,2684,912.600036621094
5844,2024/05/22,2700,2723.5,2655,2655,742.900024414063
5844,2024/05/23,2645,2648,2619,2638.5,570.799987792969
5844,2024/05/24,2619,2646.5,2619,2629,526.900024414063
5844,2024/05/27,2617,2633,2610.5,2631,336.800018310547
5844,2024/05/28,2635.5,2688,2623,2687.5,875.400024414063
5844,2024/05/29,2687.5,2740,2668.5,2697,922.700012207031
5844,2024/05/30,2678,2742.5,2652,2725,868.799987792969
5844,2024/05/31,2725,2819.5,2721.5,2817.5,1220.59997558594
5844,2024/06/03,2845.5,2865,2823,2843,668.600036621094
5844,2024/06/04,2812,2845.5,2762,2792.5,636
5844,2024/06/05,2711,2740,2671,2723,871
5844,2024/06/06,2721,2757,2676,2712.5,751.799987792969
5844,2024/06/07,2712,2739.5,2668,2675.5,514.900024414063
5844,2024/06/10,2653.5,2683.5,2649.5,2681,655.100036621094
5844,2024/06/11,2680,2725,2645,2650,658.200012207031
5844,2024/06/12,2631,2655,2616.5,2640,427.300018310547
5844,2024/06/13,2650,2655,2597,2597,443.300018310547
5844,2024/06/14,2582.5,2613.5,2565.5,2605,898.600036621094
5844,2024/06/17,2604.5,2612.5,2550,2557.5,386.600006103516
5844,2024/06/18,2594,2594,2550.5,2577.5,454
5844,2024/06/19,2592.5,2672,2588.5,2661,448.399993896484
5844,2024/06/20,2661,2764,2655,2739,1141.20007324219
5844,2024/06/21,2778,2812,2735,2788.5,1491.90002441406
5844,2024/06/24,2788.5,2798.5,2719,2741,798.100036621094
5844,2024/06/25,2742,2820,2742,2820,817.700012207031
5844,2024/06/26,2831,2908,2831,2896,1272.70007324219
5844,2024/06/27,2889,2890.5,2843.5,2887.5,825.900024414063
5844,2024/06/28,2887.5,2925.5,2850,2854,1186.40002441406
5844,2024/07/01,2888.5,2895.5,2804,2848,1137.59997558594
5844,2024/07/02,2834,2909.5,2833,2883.5,917.400024414063
5844,2024/07/03,2884,2890,2853.5,2872,520.200012207031
5844,2024/07/04,2880,2889.5,2838,2889.5,718.5
5844,2024/07/05,2888,2888,2793.5,2798.5,578.700012207031
5844,2024/07/08,2820,2820,2733.5,2766,654.100036621094
5844,2024/07/09,2755,2855,2755,2820.5,870.100036621094
5844,2024/07/10,2806.5,2893,2806.5,2888,723.5
5844,2024/07/11,2922,2949,2891,2898,664.200012207031
5844,2024/07/12,2850,2888,2836.5,2884.5,637.200012207031
5844,2024/07/16,2878.5,2949,2851,2895.5,802
5844,2024/07/17,2945.5,2962.5,2925,2935,472.5
5844,2024/07/18,2885,2954,2880,2929.5,575.299987792969
5844,2024/07/19,2901,2915.5,2860.5,2864.5,498.300018310547
5844,2024/07/22,2870,2886,2815,2816,392.800018310547
5844,2024/07/23,2820,2841.5,2804.5,2829,409.899993896484
5844,2024/07/24,2848,2855.5,2755,2790,794
5844,2024/07/25,2760,2774,2693.5,2705,746.299987792969
5844,2024/07/26,2700,2714.5,2659,2659,477.899993896484
5844,2024/07/29,2701,2766,2668,2761.5,513.900024414063
5844,2024/07/30,2711.5,2751.5,2693.5,2712.5,683.600036621094
5844,2024/07/31,2708,2862,2680,2840,1221
5844,2024/08/01,2800,2905.5,2703,2729,1476.30004882813
5844,2024/08/02,2610.5,2648,2440,2445,1513
5844,2024/08/05,2199,2213,1985.5,2039.5,1769.20007324219
5844,2024/08/06,2289.5,2345,2151.5,2210.5,2784.30004882813
5844,2024/08/07,2160.5,2428,2155.5,2357,1110.5
5844,2024/08/08,2333,2370,2239,2245,935.900024414063
5844,2024/08/09,2329.5,2332,2260,2314,749.5
5844,2024/08/13,2346,2376.5,2323.5,2366.5,614.5
5844,2024/08/14,2395,2448,2367.5,2386,539.600036621094
5844,2024/08/15,2389.5,2460.5,2389.5,2449,597
5844,2024/08/16,2503.5,2558.5,2487.5,2536,670.799987792969
5844,2024/08/19,2515,2546,2476,2476,476.700012207031
5844,2024/08/20,2512,2512,2459.5,2489.5,631
5844,2024/08/21,2450,2488,2430,2473,333
5844,2024/08/22,2426,2440.5,2390.5,2409,672.600036621094
5844,2024/08/23,2362,2406,2351,2383,728.600036621094
5844,2024/08/26,2359,2374.5,2305.5,2330,537.700012207031
5844,2024/08/27,2330.5,2342,2301,2326,520.700012207031
5844,2024/08/28,2325,2325,2299.5,2319.5,409.600006103516
5844,2024/08/29,2337.5,2337.5,2288,2295,544
5844,2024/08/30,2295,2313,2282.5,2310,625.600036621094
5844,2024/09/02,2310,2324,2271,2303,769.799987792969
5844,2024/09/03,2310,2335.5,2299.5,2315,1110.09997558594
5844,2024/09/04,2248.5,2284,2230.5,2234,1104
5844,2024/09/05,2134,2240,2131,2208,1512.80004882813
5844,2024/09/06,2212,2229,2193,2227,821
5844,2024/09/09,2140.5,2203.5,2140.5,2183,627.900024414063
5844,2024/09/10,2171.5,2217.5,2171.5,2186,649
5844,2024/09/11,2158.5,2188.5,2119,2127,822.799987792969
5844,2024/09/12,2151,2178.5,2127.5,2155,797.5
5844,2024/09/13,2132,2161,2129,2134,881.400024414063
5844,2024/09/17,2148,2155,2063,2115,898.700012207031
5844,2024/09/18,2144,2151.5,2098,2125,628.299987792969
5844,2024/09/19,2174,2189,2150,2153,689.5
5844,2024/09/20,2197,2209,2177,2178,1169.80004882813
5844,2024/09/24,2205.5,2209.5,2145,2145.5,1060.70007324219
5844,2024/09/25,2124.5,2143.5,2096.5,2124,1274
5844,2024/09/26,2142,2195,2129,2189,862.900024414063
5844,2024/09/27,2171,2194.5,2156.5,2175,862.700012207031
5844,2024/09/30,2191.5,2244.5,2180,2204.5,1345
5844,2024/10/01,2210,2252,2187.5,2217.5,678.299987792969
5844,2024/10/02,2200,2226.5,2167.5,2184.5,966
5844,2024/10/03,2222,2227.5,2181.5,2220.5,858.400024414063
5844,2024/10/04,2230,2265,2228,2237.5,785.900024414063
5844,2024/10/07,2299,2363,2285,2334.5,1121.80004882813
5844,2024/10/08,2296,2303.5,2235.5,2251,904.299987792969
5844,2024/10/09,2267.5,2275,2229,2233,380.800018310547
5844,2024/10/10,2272,2274.5,2248,2257.5,422.899993896484
5844,2024/10/11,2264.5,2282.5,2257,2265,795.200012207031
5844,2024/10/15,2300,2315,2282.5,2300,1061.70007324219
5844,2024/10/16,2272.5,2298,2256,2259,651
5844,2024/10/17,2294,2320,2279.5,2288,758.700012207031
5844,2024/10/18,2318,2341,2292.5,2335.5,646.5
5844,2024/10/21,2336,2336,2298.5,2314.5,731.799987792969
5844,2024/10/22,2311,2326.5,2273,2286.5,588.5
5844,2024/10/23,2281.5,2286.5,2257,2261,373
5844,2024/10/24,2247.5,2295.5,2241,2262.5,735.5
5844,2024/10/25,2235.5,2246.5,2214,2230,506.700012207031
5844,2024/10/28,2198,2269,2190.5,2252,699.299987792969
5844,2024/10/29,2266,2294.5,2262,2272.5,429.100006103516
5844,2024/10/30,2278,2304,2271.5,2278.5,879.299987792969
5844,2024/10/31,2280,2297.5,2258,2267.5,758.400024414063
5844,2024/11/01,2243.5,2298.5,2231.5,2251.5,490.300018310547
5844,2024/11/05,2246.5,2271.5,2222,2248,391.100006103516
5844,2024/11/06,2260,2347,2260,2343.5,642.700012207031
5844,2024/11/07,2416,2435,2352,2369.5,1503.20007324219
5844,2024/11/08,2356,2381,2343.5,2371.5,535.600036621094
5844,2024/11/11,2350,2381,2338,2374.5,619.900024414063
5844,2024/11/12,2400,2436,2378,2384,731.600036621094
5844,2024/11/13,2408,2420.5,2365,2371,929.600036621094
5844,2024/11/14,2378,2412.5,2376,2398.5,939.400024414063
5844,2024/11/15,2381,2382.5,2327.5,2327.5,1464.80004882813
5844,2024/11/18,2328,2339.5,2272,2274.5,1177.80004882813
5844,2024/11/19,2290.5,2315,2244.5,2250.5,1016.10003662109
5844,2024/11/20,2230,2244.5,2218,2220,664.799987792969
5844,2024/11/21,2205,2264.5,2204.5,2264.5,1168
5844,2024/11/22,2271,2277,2246.5,2267,702.200012207031
5844,2024/11/25,2300,2306,2274.5,2300.5,1298.30004882813
5844,2024/11/26,2280,2290,2232,2256.5,926.400024414063
5844,2024/11/27,2250,2255,2209.5,2221,944.5
5844,2024/11/28,2217,2260,2217,2250,441.200012207031
5844,2024/11/29,2264.5,2278.5,2242,2258.5,437.600006103516
5844,2024/12/02,2300,2369,2285,2369,945.900024414063
5844,2024/12/03,2386,2416.5,2365,2379,901.900024414063
5844,2024/12/04,2380,2397.5,2347.5,2347.5,521.100036621094
5844,2024/12/05,2333.5,2343,2296,2329,688.299987792969
5844,2024/12/06,2335,2347.5,2321,2339.5,401.800018310547
5844,2024/12/09,2345,2352,2303,2337.5,539.100036621094
5844,2024/12/10,2361,2368,2317.5,2328,455.200012207031
5844,2024/12/11,2334,2334.5,2313,2328.5,442.600006103516
5844,2024/12/12,2360,2362,2330,2334,578.5
5844,2024/12/13,2304,2329.5,2278,2290.5,893.400024414063
5844,2024/12/16,2280,2292,2262.5,2273,845.5
5844,2024/12/17,2273,2302.5,2265,2269.5,704.299987792969
5844,2024/12/18,2249,2265,2226,2234,891.700012207031
5844,2024/12/19,2217,2254.5,2206.5,2228.5,914
5844,2024/12/20,2250,2255,2204.5,2211.5,1826.80004882813
5844,2024/12/23,2217,2264,2211,2258.5,626.200012207031
5844,2024/12/24,2279.5,2309.5,2277,2303,524.200012207031
5844,2024/12/25,2300,2300,2254,2280.5,460.700012207031
5844,2024/12/26,2279,2291.5,2264.5,2291.5,458.399993896484
5844,2024/12/27,2299.5,2322,2299,2320,487.899993896484
5844,2024/12/30,2331.5,2350,2313,2320,442.100006103516
5844,2025/01/06,2315,2322,2274,2301,893.299987792969
5844,2025/01/07,2301.5,2308.5,2276.5,2292,527.700012207031
5844,2025/01/08,2290,2326.5,2286.5,2315.5,961.5
5844,2025/01/09,2309,2316.5,2277,2277,595.799987792969
5844,2025/01/10,2266,2274,2223,2228,547
5844,2025/01/14,2210,2239,2195,2204.5,740.600036621094
5844,2025/01/15,2218,2247,2207,2236,522.799987792969
5844,2025/01/16,2245,2283.5,2243,2272,589.299987792969
5844,2025/01/17,2272,2294,2222,2270.5,1077.20007324219
5844,2025/01/20,2300,2307.5,2279.5,2295,514.5
5844,2025/01/21,2315,2325,2259,2274.5,681.200012207031
5844,2025/01/22,2300,2305,2280.5,2282.5,498.300018310547
5844,2025/01/23,2271,2292,2253.5,2282,622.200012207031
5844,2025/01/24,2300,2309,2258,2278.5,1142
5844,2025/01/27,2286,2301.5,2252.5,2269.5,1087.20007324219
5844,2025/01/28,2243.5,2292,2240,2280,1010
5844,2025/01/29,2272.5,2303.5,2257,2296,983.799987792969
5844,2025/01/30,2296.5,2330,2292,2319.5,1041.40002441406
5844,2025/01/31,2353.5,2353.5,2310.5,2344,937.299987792969
5844,2025/02/03,2200,2275,2164,2164,2372.10009765625
5844,2025/02/04,2180,2201.5,2147,2149,1739.40002441406
5844,2025/02/05,2147,2189,2142.5,2170,1258.70007324219
5844,2025/02/06,2176,2193.5,2169,2175,959.900024414063
5844,2025/02/07,2172,2172,2147,2154.5,759.700012207031
5844,2025/02/10,2054.5,2162,2054.5,2141,4628.2001953125
5844,2025/02/12,2135,2188.5,2134,2159,2386.90014648438
5844,2025/02/13,2148,2170.5,2138,2138,1545.70007324219
5844,2025/02/14,2136,2174,2134.5,2165.5,1920.90002441406
5844,2025/02/17,2158,2186,2147.5,2155,2241.60009765625
5844,2025/02/18,2154.5,2181.5,2143,2151,5901.5
5844,2025/02/19,2180,2242.5,2170.5,2179,7444.2001953125
5844,2025/02/20,2160.5,2172,2111,2133.5,2873.90014648438
5844,2025/02/21,2125,2182,2125,2157.5,2261.19995117188
5844,2025/02/25,2136,2153.5,2114.5,2129.5,2006.20007324219
5844,2025/02/26,2111,2177,2111,2168.5,11736.7001953125
5844,2025/02/27,2180.5,2203,2161.5,2187.5,2746
5844,2025/02/28,2170,2186,2143.5,2162,2535.5
5844,2025/03/03,2180,2198.5,2155,2191,1933.70007324219
5844,2025/03/04,2189,2219.5,2166,2195.5,1586.80004882813
5844,2025/03/05,2200,2235,2186.5,2193.5,2170.30004882813
5844,2025/03/06,2198,2230.5,2186,2230.5,1454.30004882813
5844,2025/03/07,2222,2240,2197,2240,1356
5844,2025/03/10,2240,2240,2181,2207,1369.80004882813
5844,2025/03/11,2180.5,2205.5,2140,2205.5,1590.5
5844,2025/03/12,2214,2267.5,2210.5,2264.5,1485.20007324219
5844,2025/03/13,2280,2323,2271.5,2292.5,1561.40002441406
5844,2025/03/14,2300,2364,2293.5,2356.5,1896.70007324219
5844,2025/03/17,2380,2395,2360.5,2365.5,1152.90002441406
5844,2025/03/18,2375,2384,2350,2378,1310.59997558594
5844,2025/03/19,2365,2374,2341,2350,1227.40002441406
5844,2025/03/21,2351,2428,2351,2428,1661.09997558594
5844,2025/03/24,2420,2422,2386.5,2412.5,1076.40002441406
5844,2025/03/25,2398.5,2407.5,2340.5,2359,1012.40002441406
5844,2025/03/26,2379,2396,2343.5,2383,1047.30004882813
5844,2025/03/27,2375.5,2452.5,2372,2451,1981.80004882813
5844,2025/03/28,2425,2434.5,2363,2370,1376.20007324219
5844,2025/03/31,2290,2307.5,2240,2275.5,1432.20007324219
5844,2025/04/01,2309,2327,2249.5,2258.5,1277.09997558594
5844,2025/04/02,2264.5,2271,2225.5,2261,894.299987792969
5844,2025/04/03,2161,2209,2143,2172.5,2403.19995117188
5844,2025/04/04,2093,2108.5,1961,2032,3032.30004882813
5844,2025/04/07,1832,1897.5,1788.5,1829.5,2837.69995117188
5844,2025/04/08,1920.5,2024,1920,1972,1698.09997558594
5844,2025/04/09,1932,1963,1872,1895,1772.09997558594
5844,2025/04/10,2095,2095,2033.5,2066.5,1165.90002441406
5844,2025/04/11,2016.5,2017,1945,1988.5,1238.90002441406
5844,2025/04/14,1999.5,2038,1988.5,2017.5,611.299987792969
5844,2025/04/15,2024,2043.5,2022,2023,512.900024414063
5844,2025/04/16,2073,2149,2059.5,2084,2480.5
5844,2025/04/17,2080.5,2169,2073,2157.5,1355.59997558594
5844,2025/04/18,2182.5,2231.5,2182.5,2218,1049.20007324219
5844,2025/04/21,2199,2212.5,2176,2188.5,794.700012207031
5844,2025/04/22,2201.5,2218.5,2182.5,2218.5,672.900024414063
5844,2025/04/23,2318.5,2357,2284,2350.5,2524.80004882813
5844,2025/04/24,2400,2420,2355.5,2370,1523.40002441406
5844,2025/04/25,2391.5,2412,2376.5,2396,1319.09997558594
5844,2025/04/28,2400,2439,2395.5,2418,1084.59997558594
5844,2025/04/30,2424,2441,2397.5,2441,1667.59997558594
5844,2025/05/01,2423,2437,2335.5,2337,1663.70007324219
5844,2025/05/02,2328,2363,2264,2268,2034.90002441406
5844,2025/05/07,2273,2348,2273,2334.5,1276.20007324219
5844,2025/05/08,2372,2416.5,2345.5,2406.5,2092.90014648438
5844,2025/05/09,2455,2522.5,2438.5,2494,2017.70007324219
5844,2025/05/12,2499.5,2538.5,2479,2504,1514.90002441406
5844,2025/05/13,2584,2614,2524.5,2533,1575.09997558594
5844,2025/05/14,2530,2566.5,2501.5,2555.5,960.900024414063
5844,2025/05/15,2537.5,2538.5,2472,2491.5,1511
5844,2025/05/16,2480.5,2480.5,2387.5,2418,1988.80004882813
5844,2025/05/19,2379.5,2398.5,2345.5,2396.5,1554
5844,2025/05/20,2419.5,2438,2405,2422.5,891.799987792969
5844,2025/05/21,2452.5,2492.5,2450,2473.5,811.700012207031
5844,2025/05/22,2440,2475,2433.5,2457.5,672.700012207031
5844,2025/05/23,2483.5,2496,2465.5,2467.5,595.5
5844,2025/05/26,2470,2481.5,2429.5,2440,599.600036621094
5844,2025/05/27,2425,2447,2416,2441,435.399993896484
5844,2025/05/28,2435,2443,2411.5,2425,862.799987792969
5844,2025/05/29,2425,2438.5,2411,2416,1225.90002441406
5844,2025/05/30,2390.5,2425,2379,2414,1135
5844,2025/06/02,2410,2450,2410,2449,638
5844,2025/06/03,2450,2458,2418,2445,674.100036621094
5844,2025/06/04,2455,2467,2441,2444.5,571.5
5844,2025/06/05,2412,2430,2398.5,2422,622.400024414063
5844,2025/06/06,2422,2436,2418.5,2423,491.100006103516
5844,2025/06/09,2430,2440,2423,2440,454.5
5844,2025/06/10,2445,2453,2421,2428.5,733.400024414063
5844,2025/06/11,2428,2433.5,2404,2426.5,473.5
5844,2025/06/12,2424,2435,2413,2425.5,470.100006103516
5844,2025/06/13,2430,2434.5,2405,2432,859.600036621094
5844,2025/06/16,2453,2485,2438.5,2453,674
5844,2025/06/17,2490,2493,2462,2475,672
5844,2025/06/18,2460,2523.5,2460,2512,1197.80004882813
5844,2025/06/19,2555,2594,2532.5,2588,1462.30004882813
5844,2025/06/20,2588,2605.5,2573,2588,3699
5844,2025/06/23,2570,2588.5,2554.5,2568.5,860.400024414063
5844,2025/06/24,2584,2594.5,2557.5,2560,690.400024414063
5844,2025/06/25,2560,2572.5,2546.5,2565,688.700012207031
5844,2025/06/26,2565,2575,2559,2569,804.100036621094
5844,2025/06/27,2565.5,2594.5,2554.5,2562,982.900024414063
5844,2025/06/30,2569,2592.5,2562.5,2582,831.200012207031
5844,2025/07/01,2563,2589,2549,2580,728.700012207031
5844,2025/07/02,2556.5,2598,2556.5,2596.5,677.200012207031
5844,2025/07/03,2613.5,2651.5,2612.5,2622,1083.59997558594
5844,2025/07/04,2631,2662.5,2626.5,2645.5,712.100036621094
5844,2025/07/07,2621.5,2641.5,2609,2639.5,620.700012207031
5844,2025/07/08,2622,2669.5,2620,2660.5,902.600036621094
5844,2025/07/09,2657.5,2712,2649.5,2698.5,944.299987792969
5844,2025/07/10,2700,2701.5,2658,2682.5,838.700012207031
5844,2025/07/11,2698,2749.5,2696.5,2721.5,722.200012207031
5844,2025/07/14,2723,2731.5,2705.5,2719,550
5844,2025/07/15,2734.5,2764.5,2700.5,2712.5,586.5
5844,2025/07/16,2705,2720.5,2686,2699,689.5
5844,2025/07/17,2690.5,2710,2682.5,2703,698.799987792969
5844,2025/07/18,2708,2727,2706.5,2715.5,488.300018310547
5844,2025/07/22,2720,2720,2673.5,2689.5,609.400024414063
5844,2025/07/23,2733.5,2779,2712,2756.5,1063
5844,2025/07/24,2800,2849,2791.5,2819.5,1081.09997558594
5844,2025/07/25,2829,2850.5,2815,2837.5,989.5
5844,2025/07/28,2817.5,2820,2731,2731,764.5
5844,2025/07/29,2702,2722,2696.5,2709.5,838.900024414063
5844,2025/07/30,2692.5,2721.5,2682.5,2710,945.400024414063
5844,2025/07/31,2713,2752,2712,2743,902.700012207031
5844,2025/08/01,2693,2715,2666,2706,906.5
5844,2025/08/04,2638,2676.5,2624.5,2675,1049.70007324219
5844,2025/08/05,2690,2753.5,2676,2728,893.799987792969
5844,2025/08/06,2724,2747.5,2714,2734,762.5
5844,2025/08/07,2734,2794,2734,2759,689.299987792969
5844,2025/08/08,2764,2817,2755.5,2792.5,772.299987792969
5844,2025/08/12,2830,2845.5,2804,2839,884.700012207031
5844,2025/08/13,2839,2855,2808.5,2821.5,676.400024414063
5844,2025/08/14,2800.5,2827,2785,2827,585.900024414063
5844,2025/08/15,2850,2922.5,2840,2914.5,1023.20001220703
5844,2025/08/18,2896.5,2916.5,2860,2870,731.200012207031
5844,2025/08/19,2875.5,2895,2842,2863,604
5844,2025/08/20,2870,2920,2863.5,2887.5,700.400024414063
5844,2025/08/21,2898.5,2905,2866,2873.5,362.800018310547
5844,2025/08/22,2898.5,2945,2887.5,2938.5,548.799987792969
5844,2025/08/25,2980,3022,2932.5,2940,599.900024414063
5844,2025/08/26,2940.5,2944.5,2893,2906.5,600.600036621094
5844,2025/08/27,2916,2923,2892.5,2898.5,439
5844,2025/08/28,2899.5,2952,2897,2942,608.100036621094
5844,2025/08/29,2931,2967.5,2928,2936.5,534
5844,2025/09/01,2936.5,2965.5,2902.5,2910.5,387.800018310547
5844,2025/09/02,2927,2975.5,2907,2960,401.700012207031
5844,2025/09/03,2959,2960,2847,2878.5,789.700012207031
5844,2025/09/04,2870,2907,2853,2872.5,892.799987792969
5844,2025/09/05,2895,2916.5,2880,2903,732.400024414063
5844,2025/09/08,2903.5,2912,2883,2907.5,563
5844,2025/09/09,2914,2943.5,2903.5,2927,561.299987792969
5844,2025/09/10,2927,2992,2917,2992,621
5844,2025/09/11,2991,3011,2936,2937,522.799987792969
5844,2025/09/12,2951,2956,2924.5,2949,779.299987792969
5844,2025/09/16,2961,3012,2952.5,2986.5,648.900024414063
5844,2025/09/17,2979,3018,2948.5,2993,973.799987792969
5844,2025/09/18,3020,3042,2978,3015,764.100036621094
5844,2025/09/19,3050,3079,3011,3040,2135.19995117188
5844,2025/09/22,3030,3099,3029,3084,672.200012207031
5844,2025/09/24,3089,3106,3037,3047,1053.59997558594
5844,2025/09/25,3076,3085,3048,3080,851.5
5844,2025/09/26,3150,3233,3092,3223,1705
5844,2025/09/29,3200,3202,3111,3114,1546.5
5844,2025/09/30,3139,3163,3069,3146,1282.90002441406
5844,2025/10/01,3140,3147,3075,3122,926.700012207031
5844,2025/10/02,3121,3140,3083,3103,532.400024414063
5844,2025/10/03,3107,3157,3107,3140,607.5
5844,2025/10/06,3190,3190,3071,3134,1296.90002441406
5844,2025/10/07,3175,3197,3146,3149,679.100036621094
5844,2025/10/08,3171,3214,3139,3144,509.899993896484
5844,2025/10/09,3140,3177,3135,3177,511.800018310547
5844,2025/10/10,3140,3150,3052,3057,752.5
5844,2025/10/14,3035,3064,3007,3014,861.100036621094
5844,2025/10/15,3054,3070,3034,3061,479.300018310547
5844,2025/10/16,3078,3094,3053,3063,420.100006103516
5844,2025/10/17,3016,3030,2990,2998,525.100036621094
5844,2025/10/20,3048,3120,3025,3108,486.200012207031
5844,2025/10/21,3130,3147,3099,3117,540.700012207031
5844,2025/10/22,3106,3149,3102,3141,388.899993896484
5844,2025/10/23,3130,3160,3123,3145,383.700012207031
5844,2025/10/24,3154,3161,3126,3127,394.399993896484
5844,2025/10/27,3183,3252,3163,3252,716.900024414063
5844,2025/10/28,3203,3210,3115,3115,799.100036621094
5844,2025/10/29,3115,3135,3008,3019,764.5
5844,2025/10/30,3048,3115,3029,3113,2351.10009765625
5844,2025/10/31,3119,3136,3082,3124,812.100036621094
5844,2025/11/04,3156,3215,3122,3177,951.900024414063
5844,2025/11/05,3177,3210,3099,3196,1157.70007324219
5844,2025/11/06,3215,3298,3202,3276,872
5844,2025/11/07,3252,3268,3143,3187,744.200012207031
5844,2025/11/10,3225,3228,3185,3205,414.5
5844,2025/11/11,3225,3243,3196,3204,332.100006103516
5844,2025/11/12,3231,3296,3220,3271,533.799987792969
5844,2025/11/13,3289,3333,3280,3325,660
5844,2025/11/14,3268,3311,3232,3252,963.299987792969
5844,2025/11/17,3322,3375,3276,3365,1120.09997558594
5844,2025/11/18,3330,3348,3207,3207,764.400024414063
5844,2025/11/19,3250,3253,3191,3200,639.799987792969
5844,2025/11/20,3270,3274,3201,3232,690.400024414063
5844,2025/11/21,3205,3292,3202,3238,1057
5844,2025/11/25,3270,3290,3219,3259,624.799987792969
5844,2025/11/26,3306,3362,3299,3332,807.700012207031
5844,2025/11/27,3350,3385,3328,3340,551.200012207031
5844,2025/11/28,3345,3409,3335,3400,436.600006103516
5844,2025/12/01,3450,3488,3387,3387,623.100036621094
5844,2025/12/02,3413,3437,3361,3361,564.700012207031
5844,2025/12/03,3342,3348,3284,3324,539.600036621094
5844,2025/12/04,3319,3427,3308,3427,525.100036621094
5844,2025/12/05,3415,3429,3384,3413,490.700012207031
5844,2025/12/08,3422,3430,3377,3405,316.700012207031
5844,2025/12/09,3410,3433,3393,3397,281.5
5844,2025/12/10,3419,3439,3405,3427,334.600006103516
5844,2025/12/11,3450,3460,3352,3357,539
5844,2025/12/12,3427,3448,3366,3444,599
5844,2025/12/15,3445,3532,3445,3521,646
5844,2025/12/16,3479,3499,3385,3385,577.5
5844,2025/12/17,3370,3376,3307,3334,619.200012207031
5844,2025/12/18,3336,3383,3327,3375,472.700012207031
5844,2025/12/19,3399,3479,3394,3471,1163.20007324219
5844,2025/12/22,3503,3505,3451,3451,475.399993896484
5844,2025/12/23,3457,3489,3429,3439,361.600006103516
5844,2025/12/24,3474,3480,3417,3443,513
5844,2025/12/25,3443,3450,3413,3435,298.300018310547
5844,2025/12/26,3432,3454,3411,3436,452.100006103516
5844,2025/12/29,3434,3468,3420,3468,449.300018310547
5844,2025/12/30,3442,3477,3427,3427,396
