6254,2020/05/25,430.5,437,420.75,437,355.600006103516
6254,2020/05/26,431.75,434.5,417.5,418.75,315.600006103516
6254,2020/05/27,415.25,444,414.25,426.25,659.600036621094
6254,2020/05/28,427,429.75,417.5,421.5,200
6254,2020/05/29,423,434.75,420.5,431,336
6254,2020/06/01,432.5,438.5,421.25,432.75,280.399993896484
6254,2020/06/02,434.75,437.25,424,430.5,207.199996948242
6254,2020/06/03,435.25,436,419.25,425,262
6254,2020/06/04,423.75,472.5,421.25,446.75,1032.80004882813
6254,2020/06/05,442.75,446.75,422.75,427.5,410.800018310547
6254,2020/06/08,437.5,437.5,426.75,428.5,196.800003051758
6254,2020/06/09,427.5,437.25,420.25,437,189.600006103516
6254,2020/06/10,434.75,452,433,446.5,282
6254,2020/06/11,445,474,442.5,457.25,624.400024414063
6254,2020/06/12,437.75,463.75,437.75,461.5,377.600006103516
6254,2020/06/15,464.75,480.75,439.25,441,568.400024414063
6254,2020/06/16,461,475.5,453.5,471.25,256.399993896484
6254,2020/06/17,477.5,484.75,465,471.25,472.399993896484
6254,2020/06/18,469.5,469.5,453.75,458.75,298.399993896484
6254,2020/06/19,462.5,478.5,457.25,475.75,284
6254,2020/06/22,472.5,476.25,467,473.75,165.600006103516
6254,2020/06/23,478.75,478.75,449.25,460.25,338.399993896484
6254,2020/06/24,457.75,464.25,453.5,460.25,118.800003051758
6254,2020/06/25,454,456.75,437.75,446.25,272.800018310547
6254,2020/06/26,456.25,456.25,436.5,443.25,255.199996948242
6254,2020/06/29,444,475.5,440,472,560
6254,2020/06/30,476.25,478,460,467,436.399993896484
6254,2020/07/01,476,514.25,469,513.25,1169.20007324219
6254,2020/07/02,517.75,524.5,469.5,492,1046
6254,2020/07/03,501.25,542.25,493.5,535.25,1078
6254,2020/07/06,544.75,549.5,523,536.25,589.200012207031
6254,2020/07/07,547.5,566.5,535,544.5,832.799987792969
6254,2020/07/08,542.5,562.5,527.75,561.75,495.600006103516
6254,2020/07/09,559.75,559.75,530,530,914
6254,2020/07/10,542.5,552.25,531.25,538,447.600006103516
6254,2020/07/13,542.5,545,514.5,542.25,387.600006103516
6254,2020/07/14,529.75,548.5,522.75,548,257.200012207031
6254,2020/07/15,549.75,550,535.25,538.5,238
6254,2020/07/16,533.25,534.25,517.5,519.75,196
6254,2020/07/17,515.5,529.5,507,512,262.800018310547
6254,2020/07/20,515,525,504.75,514.25,183.600006103516
6254,2020/07/21,523.75,534.25,515,532.5,247.600006103516
6254,2020/07/22,526.5,543.5,521.25,539.25,220.400009155273
6254,2020/07/27,521.5,526.5,508,522,376.399993896484
6254,2020/07/28,529.25,547.5,528.5,536.75,379.600006103516
6254,2020/07/29,537.75,537.75,515.75,519.25,233.199996948242
6254,2020/07/30,519.25,527.5,510.5,525.75,147.600006103516
6254,2020/07/31,522.75,522.75,493.75,493.75,436.399993896484
6254,2020/08/03,512,512,495.5,497.5,212.800003051758
6254,2020/08/04,504.75,510,500.5,502.75,181.199996948242
6254,2020/08/05,510,539.5,503,534.75,588
6254,2020/08/06,527.75,528.25,514,521.75,212
6254,2020/08/07,525,525,510,521.75,226.800003051758
6254,2020/08/11,525,530.5,513,521.25,331.200012207031
6254,2020/08/12,500.5,507.5,465,476.5,885.200012207031
6254,2020/08/13,486.25,486.25,474,477.5,351.200012207031
6254,2020/08/14,480,491.5,476,484,254
6254,2020/08/17,484,489,466.5,469.75,246.400009155273
6254,2020/08/18,469.75,476,466.5,472.5,105.599998474121
6254,2020/08/19,472.5,478.75,464.75,465,211.199996948242
6254,2020/08/20,462.75,469.5,453,462.5,226
6254,2020/08/21,463.75,473.5,454.75,456.75,178
6254,2020/08/24,456.25,456.5,440.5,451.5,354.800018310547
6254,2020/08/25,455,459.5,443,445.75,241.600006103516
6254,2020/08/26,446.5,453.75,441,444.75,185.600006103516
6254,2020/08/27,444.75,444.75,430.75,433.5,254.800003051758
6254,2020/08/28,429.75,436.25,418.25,422.5,332
6254,2020/08/31,431.5,437,423.25,432.25,228
6254,2020/09/01,434.75,434.75,425.25,426.5,159.600006103516
6254,2020/09/02,432,450.75,429.5,445.5,338.800018310547
6254,2020/09/03,459.75,459.75,440.5,444.75,360.399993896484
6254,2020/09/04,431.75,445.25,430.25,440.25,278.399993896484
6254,2020/09/07,440,444.75,424,424,224.400009155273
6254,2020/09/08,423,430.25,416,430,242.400009155273
6254,2020/09/09,422.25,429.75,418,428.5,174.800003051758
6254,2020/09/10,431,439,430,436.25,158.400009155273
6254,2020/09/11,434.75,442.25,431,440.75,141.199996948242
6254,2020/09/14,445,449.75,435.75,440.75,94.8000030517578
6254,2020/09/15,446,455.25,440.25,455,199.199996948242
6254,2020/09/16,460.75,482.25,459,474.5,602.799987792969
6254,2020/09/17,476.25,485,465.25,479,463.600006103516
6254,2020/09/18,477.5,492.75,473.75,479.5,438.399993896484
6254,2020/09/23,479.25,479.25,463,468.5,191.199996948242
6254,2020/09/24,467.75,472,451.75,457.5,242.800003051758
6254,2020/09/25,460.25,468.5,453.75,457.25,169.600006103516
6254,2020/09/28,462.5,462.5,439.25,448.75,282.800018310547
6254,2020/09/29,453.5,471.5,453.5,468.75,219.199996948242
6254,2020/09/30,465.75,470.5,459.75,467.25,277.600006103516
6254,2020/10/02,475,481.25,455.5,461.25,362.800018310547
6254,2020/10/05,461.25,475,457.75,468,282
6254,2020/10/06,478,483.25,471.25,482,324.800018310547
6254,2020/10/07,486.25,489.75,475.5,488.5,316.800018310547
6254,2020/10/08,495,518.5,495,513.5,776.799987792969
6254,2020/10/09,525,540,521.25,531,1137.59997558594
6254,2020/10/12,541.75,541.75,517.25,529.5,521.200012207031
6254,2020/10/13,529.5,535.75,522.75,526.25,330
6254,2020/10/14,532.5,545.25,526.5,538.75,440
6254,2020/10/15,538,538,515.5,524.25,352.800018310547
6254,2020/10/16,524.25,534.5,508.25,520,278.399993896484
6254,2020/10/19,518.75,535,510,531,323.600006103516
6254,2020/10/20,536,545,526.75,533.5,451.600006103516
6254,2020/10/21,528,534,520.75,529.25,280
6254,2020/10/22,525.75,525.75,504.5,506,288.399993896484
6254,2020/10/23,503.25,506.25,480.75,506.25,328
6254,2020/10/26,506,506,491.25,495,180
6254,2020/10/27,595,595,595,595,354.399993896484
6254,2020/10/28,632.5,676.75,614.75,674.5,6233.2001953125
6254,2020/10/29,659.25,671.5,635.75,654,2369.19995117188
6254,2020/10/30,650,673.75,620,629.5,1493.20007324219
6254,2020/11/02,647.25,647.5,603.5,606.5,1261.59997558594
6254,2020/11/04,630.25,656,622.75,650.25,1400.40002441406
6254,2020/11/05,643.75,652,622.75,650.25,1066
6254,2020/11/06,649.75,683.75,635,662.5,1738.40002441406
6254,2020/11/09,680,696.25,667.25,678.75,1382
6254,2020/11/10,656.25,664.75,621.25,631.25,1581.59997558594
6254,2020/11/11,630,670.5,620.25,660.75,1118
6254,2020/11/12,667.25,671.75,643.25,658.25,721.200012207031
6254,2020/11/13,662.5,662.5,639.25,646.25,546.400024414063
6254,2020/11/16,683.75,757.5,672,750,3159.19995117188
6254,2020/11/17,745,767.5,726.75,729.75,1584.40002441406
6254,2020/11/18,731.25,762.5,705.75,755,1647.20007324219
6254,2020/11/19,755,785,740.75,772.5,1328.40002441406
6254,2020/11/20,760,800,753.75,766.25,1106.40002441406
6254,2020/11/24,780,808.75,757.5,758.75,1396.40002441406
6254,2020/11/25,766.25,790,752.5,770,934.799987792969
6254,2020/11/26,765,792.5,763.75,790,588.400024414063
6254,2020/11/27,796.25,825,792.5,821.25,993.600036621094
6254,2020/11/30,855,900,848.75,857.5,1639.20007324219
6254,2020/12/01,862.5,930,853.75,926.25,1726.40002441406
6254,2020/12/02,927.5,947.5,903.75,930,1684.40002441406
6254,2020/12/03,935,977.5,918.75,971.25,2118
6254,2020/12/04,951.25,982.5,922.5,968.75,1419.20007324219
6254,2020/12/07,986.25,1010,867.5,900,2865.60009765625
6254,2020/12/08,882.5,955,871.25,950,2346.40014648438
6254,2020/12/09,936.25,960,908.75,922.5,982.400024414063
6254,2020/12/10,905,941.25,891.25,928.75,630.799987792969
6254,2020/12/11,930,940,905,927.5,592.799987792969
6254,2020/12/14,928.75,990,922.5,975,1443.59997558594
6254,2020/12/15,991.25,1006.25,960,1001.25,1576.80004882813
6254,2020/12/16,1016.25,1066.25,1007.5,1058.75,2410.80004882813
6254,2020/12/17,1066.25,1066.25,1021.25,1057.5,1844
6254,2020/12/18,1043.75,1045,957.5,970,3036.40014648438
6254,2020/12/21,952.5,955,896.25,922.5,2680
6254,2020/12/22,921.25,955,852.5,855,3226.80004882813
6254,2020/12/23,867.5,885,837.5,853.75,1734.80004882813
6254,2020/12/24,857.5,862.5,822.5,843.75,1915.20007324219
6254,2020/12/25,847.5,847.5,800,807.5,1566
6254,2020/12/28,825,853.75,802.5,820,2096.40014648438
6254,2020/12/29,815,837.5,787.5,826.25,1556.80004882813
6254,2020/12/30,812.5,823.75,793.75,802.5,1007.60003662109
6254,2021/01/04,807.5,807.5,765,781.25,1182.80004882813
6254,2021/01/05,775,811.25,773.75,781.25,1007.20001220703
6254,2021/01/06,773.75,795,766.25,775,1056.40002441406
6254,2021/01/07,778.75,781.25,758.75,768.75,943.600036621094
6254,2021/01/08,776.25,828.75,776.25,823.75,2356.40014648438
6254,2021/01/12,875,883.75,843.75,868.75,3122
6254,2021/01/13,882.5,952.5,878.75,946.25,4595.2001953125
6254,2021/01/14,946.25,962.5,863.75,890,3881.60009765625
6254,2021/01/15,928.75,932.5,863.75,867.5,2348.40014648438
6254,2021/01/18,842.5,893.75,841.25,877.5,1052.40002441406
6254,2021/01/19,882.5,882.5,838.75,855,905.200012207031
6254,2021/01/20,863.75,875,821.25,837.5,1408.40002441406
6254,2021/01/21,855,867.5,846.25,853.75,897.200012207031
6254,2021/01/22,857.5,873.75,838.75,873.75,855.600036621094
6254,2021/01/25,900,945,892.5,920,2482.40014648438
6254,2021/01/26,930,955,916.25,926.25,2370.80004882813
6254,2021/01/27,926.25,928.75,893.75,908.75,1461.59997558594
6254,2021/01/28,870,896.25,846.25,862.5,2655.60009765625
6254,2021/01/29,880,892.5,835,840,1299.59997558594
6254,2021/02/01,825,913.75,806.25,897.5,2202
6254,2021/02/02,896.25,912.5,882.5,908.75,1301.59997558594
6254,2021/02/03,913.75,921.25,883.75,900,1138.80004882813
6254,2021/02/04,887.5,891.25,863.75,883.75,895.600036621094
6254,2021/02/05,887.5,887.5,856.25,871.25,620
6254,2021/02/08,863.75,870,847.5,855,656.400024414063
6254,2021/02/09,865,886.25,847.5,857.5,726
6254,2021/02/10,856.25,857.5,830,840,1115.20007324219
6254,2021/02/12,862.5,882.5,847.5,871.25,1954
6254,2021/02/15,900,905,845,851.25,2630.40014648438
6254,2021/02/16,845,850,817.5,820,1707.59997558594
6254,2021/02/17,813.75,813.75,783.75,788.75,1414.40002441406
6254,2021/02/18,787.5,803.75,756.25,768.75,1372.40002441406
6254,2021/02/19,772.5,821.25,772.5,821.25,1434.80004882813
6254,2021/02/22,825,828.75,798.75,817.5,859.600036621094
6254,2021/02/24,800,808.75,772.5,776.25,738.400024414063
6254,2021/02/25,803.75,823.75,796.25,803.75,699.600036621094
6254,2021/02/26,768.75,795,763.75,781.25,606.400024414063
6254,2021/03/01,788.75,818.75,787.5,816.25,498
6254,2021/03/02,833.75,835,795,805,488.800018310547
6254,2021/03/03,811.25,813.75,791.25,811.25,248.400009155273
6254,2021/03/04,793.75,816.25,792.5,805,302
6254,2021/03/05,796.25,802.5,772.5,798.75,486
6254,2021/03/08,817.5,827.5,792.5,800,865.600036621094
6254,2021/03/09,797.5,821.25,781.25,816.25,455.600006103516
6254,2021/03/10,825,847.5,806.25,832.5,1561.59997558594
6254,2021/03/11,825,857.5,820,852.5,762
6254,2021/03/12,852.5,872.5,847.5,860,803.200012207031
6254,2021/03/15,871.25,882.5,856.25,873.75,538.400024414063
6254,2021/03/16,870,886.25,862.5,881.25,489.600006103516
6254,2021/03/17,883.75,883.75,858.75,860,379.200012207031
6254,2021/03/18,876.25,905,857.5,880,1108.40002441406
6254,2021/03/19,862.5,892.5,860,892.5,527.200012207031
6254,2021/03/22,888.75,907.5,877.5,890,1068
6254,2021/03/23,898.75,918.75,877.5,877.5,1421.20007324219
6254,2021/03/24,865,870,845,847.5,630.400024414063
6254,2021/03/25,843.75,867.5,835,860,449.200012207031
6254,2021/03/26,867.5,875,850,872.5,430
6254,2021/03/29,905,916.25,883.75,892.5,1318
6254,2021/03/30,882.5,937.5,882.5,920,2036.80004882813
6254,2021/03/31,921.25,937.5,907.5,918.75,677.600036621094
6254,2021/04/01,930,961.25,917.5,955,1747.59997558594
6254,2021/04/02,987.5,1020,960,983.75,3105.19995117188
6254,2021/04/05,1000,1058.75,990,1051.25,4052.40014648438
6254,2021/04/06,1053.75,1058.75,1020,1045,3186.80004882813
6254,2021/04/07,1041.25,1133.75,1027.5,1121.25,5088
6254,2021/04/08,1103.75,1160,1093.75,1148.75,3766.80004882813
6254,2021/04/09,1157.5,1187.5,1123.75,1162.5,3713.19995117188
6254,2021/04/12,1170,1187.5,1133.75,1142.5,2012
6254,2021/04/13,1138.75,1218.75,1131.25,1210,3204.80004882813
6254,2021/04/14,1200,1218.75,1165,1187.5,2463.60009765625
6254,2021/04/15,1177.5,1181.25,1126.25,1143.75,2141.60009765625
6254,2021/04/16,1175,1191.25,1160,1190,2314.80004882813
6254,2021/04/19,1182.5,1183.75,1145,1150,1486.80004882813
6254,2021/04/20,1126.25,1146.25,1113.75,1146.25,1050.40002441406
6254,2021/04/21,1113.75,1136.25,1108.75,1108.75,1033.59997558594
6254,2021/04/22,1133.75,1151.25,1111.25,1117.5,931.600036621094
6254,2021/04/23,1102.5,1107.5,1051.25,1056.25,1944.40002441406
6254,2021/04/26,1082.5,1130,1075,1128.75,1406.40002441406
6254,2021/04/27,1135,1147.5,1100,1116.25,1063.20007324219
6254,2021/04/28,1098.75,1137.5,1095,1127.5,736.799987792969
6254,2021/04/30,1128.75,1135,1112.5,1126.25,541.200012207031
6254,2021/05/06,1121.25,1121.25,1090,1096.25,573.200012207031
6254,2021/05/07,1092.5,1106.25,1077.5,1090,439.600006103516
6254,2021/05/10,1083.75,1090,1053.75,1090,596.799987792969
6254,2021/05/11,1062.5,1081.25,1042.5,1047.5,658.400024414063
6254,2021/05/12,1045,1068.75,975,997.5,1653.20007324219
6254,2021/05/13,835,891.25,822.5,822.5,3144
6254,2021/05/14,857.5,857.5,812.5,853.75,1723.20007324219
6254,2021/05/17,867.5,872.5,782.5,803.75,1930.40002441406
6254,2021/05/18,828.75,852.5,807.5,827.5,989.200012207031
6254,2021/05/19,823.75,862.5,823.75,850,626
6254,2021/05/20,837.5,887.5,836.25,880,706.799987792969
6254,2021/05/21,895,913.75,876.25,886.25,1121.20007324219
6254,2021/05/24,896.25,918.75,887.5,917.5,618.799987792969
6254,2021/05/25,925,936.25,901.25,913.75,587.200012207031
6254,2021/05/26,903.75,928.75,903.75,917.5,475.200012207031
6254,2021/05/27,975,1020,957.5,1001.25,4705.60009765625
6254,2021/05/28,1001.25,1013.75,965,980,1500
6254,2021/05/31,997.5,1001.25,963.75,992.5,1050
6254,2021/06/01,998.75,1002.5,971.25,985,727.200012207031
6254,2021/06/02,980,980,938.75,947.5,1443.59997558594
6254,2021/06/03,936.25,986.25,931.25,973.75,875.600036621094
6254,2021/06/04,960,975,943.75,951.25,746.400024414063
6254,2021/06/07,957.5,962.5,921.25,930,775.200012207031
6254,2021/06/08,917.5,917.5,888.75,891.25,1346
6254,2021/06/09,907.5,922.5,897.5,907.5,622
6254,2021/06/10,895,922.5,892.5,916.25,442.399993896484
6254,2021/06/11,906.25,925,905,925,311.600006103516
6254,2021/06/14,935,966.25,922.5,962.5,845.600036621094
6254,2021/06/15,962.5,971.25,938.75,967.5,734.400024414063
6254,2021/06/16,955,971.25,950,965,394.399993896484
6254,2021/06/17,961.25,980,952.5,977.5,552.400024414063
6254,2021/06/18,983.75,983.75,937.5,938.75,855.600036621094
6254,2021/06/21,907.5,931.25,900,907.5,607.600036621094
6254,2021/06/22,936.25,973.75,927.5,967.5,1074.80004882813
6254,2021/06/23,972.5,993.75,961.25,988.75,894
6254,2021/06/24,996.25,1060,993.75,1042.5,2571.60009765625
6254,2021/06/25,1060,1092.5,1030,1071.25,2722.40014648438
6254,2021/06/28,1071.25,1122.5,1070,1122.5,2030.80004882813
6254,2021/06/29,1125,1162.5,1101.25,1116.25,1993.59997558594
6254,2021/06/30,1098.75,1101.25,1040,1072.5,2246.80004882813
6254,2021/07/01,1062.5,1065,1016.25,1027.5,1132
6254,2021/07/02,1045,1072.5,1037.5,1056.25,993.600036621094
6254,2021/07/05,1062.5,1066.25,1038.75,1047.5,481.600006103516
6254,2021/07/06,1037.5,1052.5,1030,1043.75,468.399993896484
6254,2021/07/07,1037.5,1068.75,1027.5,1068.75,596.799987792969
6254,2021/07/08,1072.5,1097.5,1060,1095,1003.60003662109
6254,2021/07/09,1060,1108.75,1051.25,1102.5,1516.40002441406
6254,2021/07/12,1117.5,1137.5,1106.25,1122.5,1281.20007324219
6254,2021/07/13,1120,1136.25,1093.75,1110,994.400024414063
6254,2021/07/14,1100,1132.5,1087.5,1126.25,607.200012207031
6254,2021/07/15,1121.25,1121.25,1093.75,1098.75,615.200012207031
6254,2021/07/16,1088.75,1106.25,1075,1096.25,524.400024414063
6254,2021/07/19,1085,1102.5,1052.5,1056.25,467.200012207031
6254,2021/07/20,1042.5,1068.75,1023.75,1023.75,646.400024414063
6254,2021/07/21,1050,1062.5,1035,1043.75,743.200012207031
6254,2021/07/26,1053.75,1093.75,1053.75,1082.5,476.800018310547
6254,2021/07/27,1081.25,1110,1071.25,1071.25,862
6254,2021/07/28,1063.75,1063.75,1012.5,1012.5,854.400024414063
6254,2021/07/29,1041.25,1085,1025,1071.25,2665.60009765625
6254,2021/07/30,1071.25,1092.5,1057.5,1082.5,836.799987792969
6254,2021/08/02,1082.5,1111.25,1075,1102.5,950.799987792969
6254,2021/08/03,1100,1110,1087.5,1108.75,566.799987792969
6254,2021/08/04,1111.25,1126.25,1103.75,1123.75,649.600036621094
6254,2021/08/05,1123.75,1140,1111.25,1123.75,682.400024414063
6254,2021/08/06,1150,1165,1120,1120,1082.80004882813
6254,2021/08/10,1116.25,1116.25,1081.25,1110,561.200012207031
6254,2021/08/11,1110,1113.75,1057.5,1058.75,728
6254,2021/08/12,1130,1233.75,1120,1233.75,5692.80029296875
6254,2021/08/13,1270,1355,1187.5,1252.5,5137.60009765625
6254,2021/08/16,1252.5,1265,1210,1222.5,1471.20007324219
6254,2021/08/17,1215,1227.5,1105,1112.5,2233.19995117188
6254,2021/08/18,1130,1180,1105,1180,1690.40002441406
6254,2021/08/19,1155,1186.25,1125,1128.75,1114
6254,2021/08/20,1125,1141.25,1076.25,1091.25,1344
6254,2021/08/23,1107.5,1143.75,1098.75,1142.5,853.200012207031
6254,2021/08/24,1160,1173.75,1122.5,1136.25,947.600036621094
6254,2021/08/25,1150,1168.75,1112.5,1120,679.600036621094
6254,2021/08/26,1142.5,1161.25,1130,1143.75,789.200012207031
6254,2021/08/27,1150,1168.75,1125,1166.25,673.200012207031
6254,2021/08/30,1187.5,1211.25,1175,1203.75,961.200012207031
6254,2021/08/31,1206.25,1215,1185,1215,577.600036621094
6254,2021/09/01,1225,1241.25,1202.5,1206.25,748.799987792969
6254,2021/09/02,1212.5,1231.25,1182.5,1223.75,761.600036621094
6254,2021/09/03,1232.5,1305,1221.25,1290,1645.59997558594
6254,2021/09/06,1347.5,1400,1320,1377.5,1921.59997558594
6254,2021/09/07,1390,1397.5,1332.5,1347.5,1058.80004882813
6254,2021/09/08,1372.5,1417.5,1335,1417.5,1344
6254,2021/09/09,1407.5,1442.5,1390,1395,1185.59997558594
6254,2021/09/10,1415,1437.5,1387.5,1422.5,865.200012207031
6254,2021/09/13,1425,1435,1395,1420,473.600006103516
6254,2021/09/14,1440,1440,1395,1410,416
6254,2021/09/15,1387.5,1397.5,1355,1387.5,517.600036621094
6254,2021/09/16,1377.5,1382.5,1315,1337.5,816
6254,2021/09/17,1327.5,1350,1317.5,1335,351.600006103516
6254,2021/09/21,1262.5,1327.5,1262.5,1310,444.800018310547
6254,2021/09/22,1310,1310,1270,1282.5,403.200012207031
6254,2021/09/24,1347.5,1350,1290,1297.5,557.600036621094
6254,2021/09/27,1305,1305,1270,1277.5,345.600006103516
6254,2021/09/28,1272.5,1272.5,1225,1257.5,484.399993896484
6254,2021/09/29,1225,1240,1215,1230,473.600006103516
6254,2021/09/30,1245,1245,1181.25,1212.5,527.600036621094
6254,2021/10/01,1195,1206.25,1166.25,1178.75,549.200012207031
6254,2021/10/04,1196.25,1196.25,1115,1122.5,602.799987792969
6254,2021/10/05,1100,1133.75,1075,1117.5,732.400024414063
6254,2021/10/06,1133.75,1158.75,1081.25,1087.5,843.200012207031
6254,2021/10/07,1096.25,1115,1093.75,1096.25,437.200012207031
6254,2021/10/08,1125,1142.5,1100,1106.25,480.399993896484
6254,2021/10/11,1123.75,1141.25,1096.25,1131.25,468
6254,2021/10/12,1127.5,1150,1112.5,1112.5,424
6254,2021/10/13,1105,1112.5,1087.5,1095,475.200012207031
6254,2021/10/14,1100,1126.25,1092.5,1123.75,370.399993896484
6254,2021/10/15,1156.25,1227.5,1156.25,1227.5,1261.20007324219
6254,2021/10/18,1242.5,1287.5,1212.5,1255,1146.40002441406
6254,2021/10/19,1267.5,1307.5,1260,1305,815.600036621094
6254,2021/10/20,1317.5,1332.5,1248.75,1250,941.600036621094
6254,2021/10/21,1225,1247.5,1200,1201.25,616
6254,2021/10/22,1200,1257.5,1182.5,1228.75,636
6254,2021/10/25,1202.5,1228.75,1190,1228.75,394.800018310547
6254,2021/10/26,1237.5,1297.5,1212.5,1220,1911.20007324219
6254,2021/10/27,1202.5,1241.25,1196.25,1237.5,630.400024414063
6254,2021/10/28,1231.25,1252.5,1221.25,1233.75,702.799987792969
6254,2021/10/29,1252.5,1252.5,1216.25,1218.75,401.200012207031
6254,2021/11/01,1236.25,1257.5,1226.25,1257.5,371.200012207031
6254,2021/11/02,1267.5,1285,1250,1257.5,399.600006103516
6254,2021/11/04,1280,1325,1275,1325,737.200012207031
6254,2021/11/05,1325,1335,1307.5,1325,525.600036621094
6254,2021/11/08,1327.5,1332.5,1270,1275,531.200012207031
6254,2021/11/09,1277.5,1290,1252.5,1260,249.199996948242
6254,2021/11/10,1255,1262.5,1226.25,1235,315.600006103516
6254,2021/11/11,1223.75,1252.5,1207.5,1231.25,339.600006103516
6254,2021/11/12,1248.75,1282.5,1233.75,1272.5,659.200012207031
6254,2021/11/15,1295,1295,1195,1226.25,2026.40002441406
6254,2021/11/16,1232.5,1292.5,1206.25,1292.5,1090.40002441406
6254,2021/11/17,1300,1310,1255,1290,975.200012207031
6254,2021/11/18,1277.5,1302.5,1272.5,1302.5,550.799987792969
6254,2021/11/19,1302.5,1360,1297.5,1312.5,1074.80004882813
6254,2021/11/22,1305,1320,1287.5,1295,273.200012207031
6254,2021/11/24,1280,1280,1241.25,1247.5,643.600036621094
6254,2021/11/25,1260,1260,1230,1242.5,408.800018310547
6254,2021/11/26,1237.5,1242.5,1163.75,1201.25,830.400024414063
6254,2021/11/29,1166.25,1231.25,1165,1202.5,572.799987792969
6254,2021/11/30,1233.75,1275,1211.25,1211.25,810.799987792969
6254,2021/12/01,1211.25,1237.5,1181.25,1228.75,516.400024414063
6254,2021/12/02,1225,1242.5,1207.5,1226.25,455.200012207031
6254,2021/12/03,1235,1241.25,1193.75,1211.25,282
6254,2021/12/06,1213.75,1255,1200,1250,462.399993896484
6254,2021/12/07,1262.5,1287.5,1255,1285,482.800018310547
6254,2021/12/08,1307.5,1312.5,1262.5,1262.5,352
6254,2021/12/09,1262.5,1280,1260,1265,211.600006103516
6254,2021/12/10,1260,1265,1231.25,1238.75,249.600006103516
6254,2021/12/13,1250,1260,1240,1252.5,133.199996948242
6254,2021/12/14,1252.5,1265,1233.75,1248.75,252
6254,2021/12/15,1245,1255,1227.5,1231.25,180.400009155273
6254,2021/12/16,1267.5,1300,1257.5,1300,573.600036621094
6254,2021/12/17,1277.5,1307.5,1272.5,1280,512.799987792969
6254,2021/12/20,1265,1270,1232.5,1238.75,448.800018310547
6254,2021/12/21,1237.5,1270,1233.75,1262.5,440.399993896484
6254,2021/12/22,1262.5,1295,1262.5,1275,269.600006103516
6254,2021/12/23,1285,1300,1280,1297.5,246.400009155273
6254,2021/12/24,1300,1315,1280,1280,489.200012207031
6254,2021/12/27,1295,1297.5,1267.5,1270,168.400009155273
6254,2021/12/28,1287.5,1310,1275,1310,463.600006103516
6254,2021/12/29,1312.5,1400,1295,1372.5,1745.59997558594
6254,2021/12/30,1357.5,1400,1320,1395,840.799987792969
6254,2022/01/04,1420,1420,1382.5,1402.5,712.799987792969
6254,2022/01/05,1387.5,1392.5,1342.5,1342.5,508.800018310547
6254,2022/01/06,1317.5,1320,1287.5,1297.5,497.200012207031
6254,2022/01/07,1315,1317.5,1265,1275,391.600006103516
6254,2022/01/11,1262.5,1262.5,1226.25,1230,602
6254,2022/01/12,1267.5,1305,1262.5,1305,520.799987792969
6254,2022/01/13,1300,1312.5,1280,1282.5,267.200012207031
6254,2022/01/14,1260,1300,1248.75,1292.5,566.400024414063
6254,2022/01/17,1302.5,1302.5,1267.5,1272.5,264
6254,2022/01/18,1272.5,1322.5,1262.5,1285,600.400024414063
6254,2022/01/19,1260,1275,1182.5,1190,929.600036621094
6254,2022/01/20,1172.5,1185,1131.25,1165,928
6254,2022/01/21,1130,1136.25,1098.75,1127.5,636.400024414063
6254,2022/01/24,1107.5,1135,1097.5,1118.75,486
6254,2022/01/25,1132.5,1132.5,1028.75,1035,995.200012207031
6254,2022/01/26,1026.25,1083.75,1026.25,1070,582.799987792969
6254,2022/01/27,1066.25,1082.5,972.5,976.25,994
6254,2022/01/28,1010,1016.25,965,1007.5,621.200012207031
6254,2022/01/31,1007.5,1052.5,1007.5,1040,476.399993896484
6254,2022/02/01,1078.75,1097.5,1047.5,1061.25,713.200012207031
6254,2022/02/02,1078.75,1116.25,1063.75,1116.25,498
6254,2022/02/03,1098.75,1110,1068.75,1081.25,474
6254,2022/02/04,1080,1105,1070,1100,367.200012207031
6254,2022/02/07,1087.5,1088.75,1037.5,1043.75,430.800018310547
6254,2022/02/08,1050,1068.75,1031.25,1031.25,356.399993896484
6254,2022/02/09,1045,1095,1045,1093.75,480.800018310547
6254,2022/02/10,1112.5,1131.25,1086.25,1106.25,451.200012207031
6254,2022/02/14,1060,1073.75,1035,1052.5,463.600006103516
6254,2022/02/15,955,970,927.5,930,1183.59997558594
6254,2022/02/16,955,968.75,947.5,968.75,709.200012207031
6254,2022/02/17,972.5,973.75,915,915,754.400024414063
6254,2022/02/18,897.5,932.5,895,930,580.400024414063
6254,2022/02/21,895,895,871.25,873.75,484
6254,2022/02/22,848.75,872.5,843.75,846.25,528.799987792969
6254,2022/02/24,838.75,857.5,815,827.5,611.600036621094
6254,2022/02/25,862.5,891.25,852.5,885,490.399993896484
6254,2022/02/28,902.5,913.75,880,906.25,510.399993896484
6254,2022/03/01,930,941.25,921.25,931.25,499.200012207031
6254,2022/03/02,912.5,926.25,900,912.5,352.800018310547
6254,2022/03/03,936.25,938.75,900,910,284
6254,2022/03/04,900,901.25,876.25,896.25,353.200012207031
6254,2022/03/07,865,870,831.25,847.5,375.200012207031
6254,2022/03/08,822.5,867.5,821.25,835,444.800018310547
6254,2022/03/09,852.5,867.5,830,843.75,367.600006103516
6254,2022/03/10,890,896.25,878.75,896.25,278.800018310547
6254,2022/03/11,888.75,906.25,872.5,886.25,298.800018310547
6254,2022/03/14,871.25,901.25,871.25,880,174
6254,2022/03/15,880,905,875,897.5,208.800003051758
6254,2022/03/16,915,937.5,903.75,935,427.600006103516
6254,2022/03/17,970,987.5,957.5,987.5,533.600036621094
6254,2022/03/18,986.25,1001.25,973.75,1000,428.800018310547
6254,2022/03/22,1013.75,1020,1001.25,1005,310
6254,2022/03/23,1022.5,1033.75,1018.75,1031.25,278
6254,2022/03/24,1008.75,1040,1008.75,1040,210.400009155273
6254,2022/03/25,1062.5,1062.5,1037.5,1046.25,228.400009155273
6254,2022/03/28,1047.5,1047.5,1023.75,1040,192
6254,2022/03/29,1057.5,1077.5,1047.5,1067.5,342.800018310547
6254,2022/03/30,1077.5,1077.5,1041.25,1062.5,248.400009155273
6254,2022/03/31,1055,1073.75,1050,1063.75,189.199996948242
6254,2022/04/01,1041.25,1042.5,1015,1028.75,261.600006103516
6254,2022/04/04,1027.5,1032.5,1010,1030,158.400009155273
6254,2022/04/05,1047.5,1062.5,1038.75,1053.75,292.800018310547
6254,2022/04/06,1026.25,1031.25,1012.5,1020,278
6254,2022/04/07,1002.5,1037.5,982.5,985,390.800018310547
6254,2022/04/08,1012.5,1017.5,1000,1003.75,364.800018310547
6254,2022/04/11,990,1003.75,963.75,968.75,355.200012207031
6254,2022/04/12,938.75,951.25,931.25,933.75,402.800018310547
6254,2022/04/13,928.75,962.5,927.5,960,392.399993896484
6254,2022/04/14,977.5,990,967.5,986.25,253.199996948242
6254,2022/04/15,952.5,967.5,950,965,169.199996948242
6254,2022/04/18,947.5,958.75,932.5,946.25,206.400009155273
6254,2022/04/19,968.75,968.75,947.5,958.75,162.400009155273
6254,2022/04/20,968.75,972.5,932.5,932.5,316.800018310547
6254,2022/04/21,928.75,936.25,922.5,932.5,353.200012207031
6254,2022/04/22,916.25,917.5,891.25,893.75,573.200012207031
6254,2022/04/25,875,885,865,876.25,384.800018310547
6254,2022/04/26,878.75,886.25,862.5,886.25,443.200012207031
6254,2022/04/27,862.5,918.75,855,911.25,1300.80004882813
6254,2022/04/28,928.75,952.5,915,952.5,467.600006103516
6254,2022/05/02,935,961.25,930,937.5,254.400009155273
6254,2022/05/06,931.25,950,925,938.75,176.400009155273
6254,2022/05/09,930,930,911.25,913.75,152.800003051758
6254,2022/05/10,900,918.75,882.5,918.75,226
6254,2022/05/11,918.75,933.75,882.5,883.75,376.399993896484
6254,2022/05/12,875,881.25,853.75,868.75,259.200012207031
6254,2022/05/13,868.75,918.75,868.75,913.75,315.600006103516
6254,2022/05/16,998.75,1007.5,971.25,976.25,656.799987792969
6254,2022/05/17,976.25,1007.5,966.25,1007.5,397.200012207031
6254,2022/05/18,1020,1033.75,1008.75,1022.5,344.399993896484
6254,2022/05/19,980,1031.25,975,1028.75,253.600006103516
6254,2022/05/20,1035,1070,1032.5,1070,472.800018310547
6254,2022/05/23,1081.25,1081.25,1038.75,1057.5,280
6254,2022/05/24,1060,1081.25,1037.5,1041.25,276
6254,2022/05/25,1037.5,1048.75,1023.75,1025,170
6254,2022/05/26,1017.5,1047.5,1016.25,1027.5,192.400009155273
6254,2022/05/27,1038.75,1050,1031.25,1036.25,211.600006103516
6254,2022/05/30,1060,1076.25,1057.5,1070,314
6254,2022/05/31,1071.25,1071.25,1051.25,1051.25,145.199996948242
6254,2022/06/01,1041.25,1063.75,1040,1061.25,132
6254,2022/06/02,1046.25,1047.5,1036.25,1038.75,121.200004577637
6254,2022/06/03,1070,1078.75,1051.25,1053.75,319.200012207031
6254,2022/06/06,1037.5,1055,1032.5,1050,108
6254,2022/06/07,1050,1052.5,1036.25,1036.25,158.800003051758
6254,2022/06/08,1050,1072.5,1050,1060,250.800003051758
6254,2022/06/09,1050,1050,1026.25,1028.75,195.600006103516
6254,2022/06/10,1022.5,1022.5,995,1000,265.200012207031
6254,2022/06/13,975,991.25,967.5,983.75,193.199996948242
6254,2022/06/14,965,985,962.5,982.5,151.199996948242
6254,2022/06/15,982.5,990,950,950,173.199996948242
6254,2022/06/16,975,981.25,946.25,950,167.600006103516
6254,2022/06/17,925,951.25,915,946.25,408.800018310547
6254,2022/06/20,943.75,948.75,880,886.25,378.399993896484
6254,2022/06/21,898.75,925,893.75,920,179.199996948242
6254,2022/06/22,937.5,937.5,888.75,893.75,199.199996948242
6254,2022/06/23,893.75,900,873.75,878.75,217.199996948242
6254,2022/06/24,892.5,913.75,878.75,913.75,247.199996948242
6254,2022/06/27,928.75,928.75,906.25,921.25,248.800003051758
6254,2022/06/28,912.5,935,912.5,935,191.600006103516
6254,2022/06/29,910,912.5,886.25,905,368.800018310547
6254,2022/06/30,907.5,907.5,875,885,278.399993896484
6254,2022/07/01,883.75,888.75,843.75,857.5,345.200012207031
6254,2022/07/04,870,875,846.25,860,211.199996948242
6254,2022/07/05,871.25,877.5,863.75,865,226.400009155273
6254,2022/07/06,857.5,860,835,850,388.399993896484
6254,2022/07/07,852.5,860,836.25,860,251.600006103516
6254,2022/07/08,875,890,866.25,871.25,255.600006103516
6254,2022/07/11,885,890,862.5,870,195.199996948242
6254,2022/07/12,861.25,861.25,823.75,826.25,463.600006103516
6254,2022/07/13,822.5,833.75,817.5,822.5,184
6254,2022/07/14,820,833.75,806.25,831.25,230.400009155273
6254,2022/07/15,831.25,835,810,817.5,252.800003051758
6254,2022/07/19,825,836.25,820,836.25,178
6254,2022/07/20,853.75,865,851.25,863.75,363.600006103516
6254,2022/07/21,865,885,865,881.25,222.800003051758
6254,2022/07/22,881.25,903.75,872.5,895,308.399993896484
6254,2022/07/25,886.25,886.25,865,875,261.200012207031
6254,2022/07/26,877.5,887.5,871.25,882.5,149.199996948242
6254,2022/07/27,873.75,893.75,872.5,892.5,124
6254,2022/07/28,905,916.25,883.75,900,245.199996948242
6254,2022/07/29,905,917.5,897.5,902.5,225.199996948242
6254,2022/08/01,913.75,922.5,910,921.25,177.199996948242
6254,2022/08/02,921.25,923.75,903.75,906.25,210.800003051758
6254,2022/08/03,906.25,912.5,898.75,901.25,120
6254,2022/08/04,912.5,918.75,897.5,903.75,175.600006103516
6254,2022/08/05,897.5,911.25,892.5,910,134.800003051758
6254,2022/08/08,911.25,921.25,901.25,916.25,175.199996948242
6254,2022/08/09,913.75,916.25,896.25,900,184.400009155273
6254,2022/08/10,883.75,891.25,871.25,885,252.400009155273
6254,2022/08/12,850,908.75,850,885,621.600036621094
6254,2022/08/15,892.5,921.25,886.25,891.25,323.200012207031
6254,2022/08/16,900,903.75,890,900,162.400009155273
6254,2022/08/17,902.5,916.25,895,916.25,205.600006103516
6254,2022/08/18,901.25,937.5,901.25,937.5,370.800018310547
6254,2022/08/19,937.5,956.25,936.25,942.5,244.800003051758
6254,2022/08/22,932.5,932.5,907.5,908.75,217.199996948242
6254,2022/08/23,896.25,918.75,892.5,911.25,188
6254,2022/08/24,918.75,931.25,913.75,921.25,156
6254,2022/08/25,922.5,936.25,921.25,935,132.400009155273
6254,2022/08/26,942.5,955,935,948.75,288.800018310547
6254,2022/08/29,913.75,931.25,913.75,920,213.600006103516
6254,2022/08/30,927.5,933.75,918.75,933.75,155.199996948242
6254,2022/08/31,923.75,932.5,918.75,927.5,117.200004577637
6254,2022/09/01,913.75,920,903.75,910,176.400009155273
6254,2022/09/02,912.5,912.5,882.5,885,219.600006103516
6254,2022/09/05,875,896.25,867.5,892.5,171.600006103516
6254,2022/09/06,896.25,905,883.75,891.25,100.400001525879
6254,2022/09/07,885,886.25,871.25,886.25,104
6254,2022/09/08,901.25,907.5,891.25,905,109.200004577637
6254,2022/09/09,910,923.75,905,923.75,224.800003051758
6254,2022/09/12,925,940,920,932.5,182
6254,2022/09/13,936.25,967.5,930,963.75,482.399993896484
6254,2022/09/14,928.75,950,918.75,940,238
6254,2022/09/15,957.5,957.5,938.75,940,117.599998474121
6254,2022/09/16,935,936.25,887.5,888.75,565.600036621094
6254,2022/09/20,897.5,916.25,897.5,916.25,158.400009155273
6254,2022/09/21,898.75,921.25,898.75,920,117.200004577637
6254,2022/09/22,898.75,911.25,887.5,910,180.400009155273
6254,2022/09/26,888.75,895,860,860,228.800003051758
6254,2022/09/27,868.75,878.75,860,862.5,164
6254,2022/09/28,860,872.5,840,853.75,182.800003051758
6254,2022/09/29,870,871.25,851.25,853.75,105.599998474121
6254,2022/09/30,843.75,847.5,830,838.75,177.199996948242
6254,2022/10/03,827.5,867.5,821.25,867.5,200
6254,2022/10/04,885,887.5,870,873.75,162
6254,2022/10/05,883.75,886.25,870,875,172.800003051758
6254,2022/10/06,877.5,907.5,877.5,892.5,219.199996948242
6254,2022/10/07,875,890,873.75,878.75,87.2000045776367
6254,2022/10/11,855,855,830,830,261.200012207031
6254,2022/10/12,823.75,826.25,788.75,790,356.800018310547
6254,2022/10/13,786.25,786.25,766.25,766.25,222
6254,2022/10/14,790,807.5,785,797.5,338.800018310547
6254,2022/10/17,773.75,807.5,770,807.5,390.399993896484
6254,2022/10/18,818.75,821.25,805,821.25,310.399993896484
6254,2022/10/19,805,820,801.25,812.5,268.800018310547
6254,2022/10/20,800,813.75,795,801.25,352.800018310547
6254,2022/10/21,786.25,811.25,785,795,1159.59997558594
6254,2022/10/24,812.5,848.75,810,841.25,335.200012207031
6254,2022/10/25,875,928.75,868.75,912.5,1038
6254,2022/10/26,936.25,966.25,933.75,953.75,1130.40002441406
6254,2022/10/27,936.25,957.5,920,930,385.600006103516
6254,2022/10/28,918.75,933.75,910,916.25,404
6254,2022/10/31,935,941.25,922.5,933.75,274
6254,2022/11/01,940,966.25,938.75,957.5,344
6254,2022/11/02,950,965,926.25,926.25,204
6254,2022/11/04,912.5,931.25,912.5,915,197.600006103516
6254,2022/11/07,938.75,945,927.5,940,142
6254,2022/11/08,947.5,960,942.5,956.25,147.199996948242
6254,2022/11/09,956.25,973.75,956.25,965,298.800018310547
6254,2022/11/10,960,972.5,947.5,961.25,222
6254,2022/11/11,995,998.75,983.75,991.25,400.399993896484
6254,2022/11/14,993.75,1020,987.5,987.5,360
6254,2022/11/15,1021.25,1133.75,1018.75,1127.5,1952.40002441406
6254,2022/11/16,1152.5,1190,1121.25,1185,1120
6254,2022/11/17,1171.25,1205,1158.75,1181.25,852.799987792969
6254,2022/11/18,1193.75,1240,1162.5,1173.75,866.799987792969
6254,2022/11/21,1161.25,1192.5,1153.75,1192.5,389.600006103516
6254,2022/11/22,1192.5,1196.25,1177.5,1192.5,298.399993896484
6254,2022/11/24,1217.5,1246.25,1217.5,1238.75,610.400024414063
6254,2022/11/25,1246.25,1260,1227.5,1257.5,395.600006103516
6254,2022/11/28,1252.5,1267.5,1243.75,1257.5,283.600006103516
6254,2022/11/29,1232.5,1235,1207.5,1215,379.600006103516
6254,2022/11/30,1206.25,1206.25,1175,1176.25,323.600006103516
6254,2022/12/01,1228.75,1228.75,1186.25,1211.25,379.600006103516
6254,2022/12/02,1200,1200,1178.75,1180,199.199996948242
6254,2022/12/05,1168.75,1197.5,1162.5,1191.25,191.600006103516
6254,2022/12/06,1196.25,1225,1181.25,1212.5,334.800018310547
6254,2022/12/07,1192.5,1200,1172.5,1175,307.200012207031
6254,2022/12/08,1161.25,1173.75,1152.5,1168.75,250
6254,2022/12/09,1172.5,1180,1167.5,1170,182
6254,2022/12/12,1156.25,1180,1155,1156.25,156
6254,2022/12/13,1156.25,1167.5,1127.5,1151.25,282.800018310547
6254,2022/12/14,1160,1195,1156.25,1195,250
6254,2022/12/15,1183.75,1213.75,1178.75,1213.75,240.800003051758
6254,2022/12/16,1187.5,1192.5,1157.5,1163.75,311.200012207031
6254,2022/12/19,1152.5,1171.25,1151.25,1170,95.2000045776367
6254,2022/12/20,1178.75,1178.75,1107.5,1118.75,263.600006103516
6254,2022/12/21,1117.5,1130,1098.75,1098.75,191.600006103516
6254,2022/12/22,1098.75,1108.75,1067.5,1071.25,139.199996948242
6254,2022/12/23,1060,1068.75,1026.25,1026.25,249.199996948242
6254,2022/12/26,1027.5,1046.25,1020,1031.25,182
6254,2022/12/27,1052.5,1055,1030,1035,119.200004577637
6254,2022/12/28,1025,1033.75,1008.75,1021.25,190
6254,2022/12/29,1003.75,1040,1003.75,1040,150.800003051758
6254,2022/12/30,1047.5,1050,1026.25,1026.25,136
6254,2023/01/04,998.75,998.75,967.5,967.5,403.200012207031
6254,2023/01/05,967.5,988.75,962.5,967.5,217.600006103516
6254,2023/01/06,953.75,992.5,952.5,988.75,156.400009155273
6254,2023/01/10,1006.25,1040,995,1040,195.600006103516
6254,2023/01/11,1057.5,1080,1050,1076.25,170.400009155273
6254,2023/01/12,1077.5,1080,1062.5,1078.75,162.800003051758
6254,2023/01/13,1062.5,1092.5,1057.5,1058.75,184.400009155273
6254,2023/01/16,1042.5,1050,1017.5,1031.25,128.400009155273
6254,2023/01/17,1045,1076.25,1040,1062.5,144.400009155273
6254,2023/01/18,1070,1112.5,1058.75,1098.75,170.800003051758
6254,2023/01/19,1087.5,1093.75,1078.75,1082.5,107.599998474121
6254,2023/01/20,1080,1088.75,1071.25,1071.25,72.4000015258789
6254,2023/01/23,1087.5,1136.25,1087.5,1117.5,224
6254,2023/01/24,1142.5,1168.75,1135,1162.5,295.200012207031
6254,2023/01/25,1146.25,1171.25,1137.5,1163.75,220.800003051758
6254,2023/01/26,1158.75,1170,1147.5,1147.5,180.800003051758
6254,2023/01/27,1165,1171.25,1151.25,1166.25,201.199996948242
6254,2023/01/30,1167.5,1185,1155,1180,246.800003051758
6254,2023/01/31,1175,1190,1167.5,1175,203.600006103516
6254,2023/02/01,1186.25,1193.75,1165,1177.5,196.400009155273
6254,2023/02/02,1183.75,1193.75,1166.25,1167.5,176.800003051758
6254,2023/02/03,1156.25,1175,1150,1165,150.800003051758
6254,2023/02/06,1170,1180,1161.25,1165,134
6254,2023/02/07,1171.25,1185,1160,1172.5,132.400009155273
6254,2023/02/08,1175,1175,1152.5,1162.5,114
6254,2023/02/09,1165,1182.5,1161.25,1180,120.800003051758
6254,2023/02/10,1180,1182.5,1162.5,1178.75,85.5999984741211
6254,2023/02/13,1173.75,1211.25,1170,1187.5,179.199996948242
6254,2023/02/14,1188.75,1203.75,1188.75,1196.25,189.199996948242
6254,2023/02/15,1220,1240,1138.75,1142.5,563.200012207031
6254,2023/02/16,1142.5,1162.5,1131.25,1161.25,166
6254,2023/02/17,1143.75,1148.75,1115,1116.25,226
6254,2023/02/20,1102.5,1103.75,1080,1093.75,238.800003051758
6254,2023/02/21,1077.5,1085,1065,1066.25,290.399993896484
6254,2023/02/22,1048.75,1080,1047.5,1073.75,208.800003051758
6254,2023/02/24,1086.25,1118.75,1082.5,1110,261.600006103516
6254,2023/02/27,1097.5,1125,1091.25,1112.5,197.600006103516
6254,2023/02/28,1116.25,1128.75,1108.75,1121.25,316
6254,2023/03/01,1125,1147.5,1122.5,1136.25,164.400009155273
6254,2023/03/02,1136.25,1136.25,1096.25,1097.5,169.600006103516
6254,2023/03/03,1101.25,1113.75,1101.25,1113.75,116
6254,2023/03/06,1130,1133.75,1110,1112.5,136.800003051758
6254,2023/03/07,1110,1110,1095,1100,135.600006103516
6254,2023/03/08,1095,1107.5,1087.5,1096.25,116
6254,2023/03/09,1105,1112.5,1090,1091.25,125.599998474121
6254,2023/03/10,1073.75,1083.75,1063.75,1066.25,238.400009155273
6254,2023/03/13,1053.75,1062.5,1031.25,1040,320.800018310547
6254,2023/03/14,1012.5,1012.5,978.75,986.25,328
6254,2023/03/15,1003.75,1013.75,992.5,1007.5,384.399993896484
6254,2023/03/16,980,992.5,967.5,978.75,315.200012207031
6254,2023/03/17,988.75,998.75,965,977.5,498
6254,2023/03/20,985,998.75,980,987.5,172
6254,2023/03/22,1002.5,1035,1002.5,1031.25,181.199996948242
6254,2023/03/23,1018.75,1046.25,1016.25,1045,145.600006103516
6254,2023/03/24,1047.5,1053.75,1035,1035,180
6254,2023/03/27,1048.75,1048.75,1023.75,1038.75,156.400009155273
6254,2023/03/28,1037.5,1045,1023.75,1027.5,194.800003051758
6254,2023/03/29,1030,1043.75,1030,1042.5,137.600006103516
6254,2023/03/30,1047.5,1051.25,1028.75,1041.25,171.199996948242
6254,2023/03/31,1047.5,1051.25,1023.75,1038.75,200.800003051758
6254,2023/04/03,1050,1050,1031.25,1038.75,153.600006103516
6254,2023/04/04,1038.75,1038.75,1017.5,1018.75,121.200004577637
6254,2023/04/05,1005,1006.25,991.25,991.25,206.800003051758
6254,2023/04/06,975,975,960,960,288.800018310547
6254,2023/04/07,966.25,976.25,960,960,200
6254,2023/04/10,965,970,952.5,961.25,157.600006103516
6254,2023/04/11,972.5,987.5,968.75,985,134.400009155273
6254,2023/04/12,980,988.75,973.75,977.5,114.800003051758
6254,2023/04/13,977.5,986.25,965,981.25,206
6254,2023/04/14,992.5,992.5,976.25,977.5,126.800003051758
6254,2023/04/17,977.5,982.5,967.5,970,101.599998474121
6254,2023/04/18,970,980,970,975,92.8000030517578
6254,2023/04/19,972.5,987.5,968.75,976.25,131.600006103516
6254,2023/04/20,970,987.5,965,978.75,158
6254,2023/04/21,967.5,988.75,961.25,978.75,175.600006103516
6254,2023/04/24,976.25,978.75,967.5,967.5,119.599998474121
6254,2023/04/25,975,975,960,963.75,151.199996948242
6254,2023/04/26,948.75,948.75,931.25,937.5,291.600006103516
6254,2023/04/27,1050,1060,1002.5,1012.5,1981.20007324219
6254,2023/04/28,1025,1052.5,1005,1047.5,682
6254,2023/05/01,1052.5,1062.5,1038.75,1043.75,322
6254,2023/05/02,1046.25,1065,1042.5,1062.5,479.200012207031
6254,2023/05/08,1065,1101.25,1065,1095,442.800018310547
6254,2023/05/09,1096.25,1130,1096.25,1126.25,393.200012207031
6254,2023/05/10,1126.25,1131.25,1112.5,1118.75,159.600006103516
6254,2023/05/11,1115,1125,1110,1118.75,146
6254,2023/05/12,1108.75,1108.75,1068.75,1076.25,380.800018310547
6254,2023/05/15,1080,1087.5,1068.75,1077.5,376.399993896484
6254,2023/05/16,1163.75,1230,1140,1227.5,1640
6254,2023/05/17,1218.75,1237.5,1192.5,1210,845.200012207031
6254,2023/05/18,1236.25,1285,1235,1275,950.400024414063
6254,2023/05/19,1312.5,1350,1290,1297.5,936.400024414063
6254,2023/05/22,1322.5,1425,1320,1390,1588
6254,2023/05/23,1417.5,1487.5,1410,1432.5,2052.40014648438
6254,2023/05/24,1400,1440,1385,1412.5,966
6254,2023/05/25,1432.5,1490,1415,1490,1368.40002441406
6254,2023/05/26,1502.5,1525,1477.5,1507.5,1434.40002441406
6254,2023/05/29,1582.5,1642.5,1570,1595,1785.20007324219
6254,2023/05/30,1570,1607.5,1545,1597.5,1142.80004882813
6254,2023/05/31,1572.5,1580,1537.5,1540,838.400024414063
6254,2023/06/01,1515,1570,1502.5,1547.5,712
6254,2023/06/02,1570,1592.5,1520,1575,783.600036621094
6254,2023/06/05,1590,1597.5,1552.5,1585,608.400024414063
6254,2023/06/06,1585,1645,1572.5,1632.5,762
6254,2023/06/07,1627.5,1637.5,1557.5,1572.5,868.799987792969
6254,2023/06/08,1555,1582.5,1537.5,1552.5,682.400024414063
6254,2023/06/09,1577.5,1620,1567.5,1610,881.200012207031
6254,2023/06/12,1625,1630,1602.5,1617.5,468.399993896484
6254,2023/06/13,1637.5,1690,1632.5,1672.5,1004.79998779297
6254,2023/06/14,1700,1700,1642.5,1670,689.600036621094
6254,2023/06/15,1667.5,1710,1640,1640,825.200012207031
6254,2023/06/16,1650,1687.5,1635,1685,632.400024414063
6254,2023/06/19,1685,1692.5,1647.5,1670,457.600006103516
6254,2023/06/20,1647.5,1672.5,1642.5,1670,252.800003051758
6254,2023/06/21,1662.5,1675,1647.5,1652.5,289.600006103516
6254,2023/06/22,1642.5,1660,1627.5,1635,396.800018310547
6254,2023/06/23,1642.5,1697.5,1585,1612.5,787.600036621094
6254,2023/06/26,1612.5,1650,1577.5,1610,450
6254,2023/06/27,1595,1607.5,1557.5,1580,378
6254,2023/06/28,1622.5,1622.5,1587.5,1615,302
6254,2023/06/29,1620,1665,1615,1657.5,382.800018310547
6254,2023/06/30,1650,1682.5,1640,1680,361.200012207031
6254,2023/07/03,1692.5,1702.5,1675,1685,448.399993896484
6254,2023/07/04,1680,1692.5,1670,1675,217.600006103516
6254,2023/07/05,1665,1675,1650,1672.5,316
6254,2023/07/06,1662.5,1665,1625,1625,340.800018310547
6254,2023/07/07,1600,1637.5,1592.5,1607.5,351.600006103516
6254,2023/07/10,1600,1617.5,1580,1582.5,290.800018310547
6254,2023/07/11,1605,1620,1587.5,1592.5,307.600006103516
6254,2023/07/12,1600,1600,1522.5,1522.5,522
6254,2023/07/13,1545,1560,1525,1542.5,356.800018310547
6254,2023/07/14,1587.5,1587.5,1545,1567.5,308.399993896484
6254,2023/07/18,1575,1600,1575,1582.5,214.400009155273
6254,2023/07/19,1612.5,1635,1605,1635,480
6254,2023/07/20,1617.5,1632.5,1580,1595,530
6254,2023/07/21,1570,1580,1542.5,1550,518.799987792969
6254,2023/07/24,1570,1597.5,1552.5,1557.5,312.800018310547
6254,2023/07/25,1562.5,1580,1557.5,1570,228.400009155273
6254,2023/07/26,1570,1577.5,1557.5,1570,184
6254,2023/07/27,1557.5,1572.5,1550,1565,159.199996948242
6254,2023/07/28,1550,1582.5,1532.5,1567.5,413.600006103516
6254,2023/07/31,1592.5,1600,1560,1572.5,383.600006103516
6254,2023/08/01,1580,1585,1565,1582.5,166.400009155273
6254,2023/08/02,1580,1582.5,1540,1542.5,277.600006103516
6254,2023/08/03,1510,1522.5,1497.5,1500,410.800018310547
6254,2023/08/04,1477.5,1507.5,1472.5,1502.5,424.399993896484
6254,2023/08/07,1500,1510,1467.5,1505,477.200012207031
6254,2023/08/08,1515,1515,1432.5,1437.5,540.799987792969
6254,2023/08/09,1445,1485,1445,1472.5,461.600006103516
6254,2023/08/10,1455,1480,1440,1480,378
6254,2023/08/14,1530,1545,1415,1415,1069.59997558594
6254,2023/08/15,1452.5,1467.5,1412.5,1415,470
6254,2023/08/16,1392.5,1405,1372.5,1375,416.800018310547
6254,2023/08/17,1357.5,1400,1355,1397.5,346.800018310547
6254,2023/08/18,1380,1405,1372.5,1395,192
6254,2023/08/21,1400,1427.5,1385,1422.5,347.600006103516
6254,2023/08/22,1462.5,1462.5,1405,1420,314.800018310547
6254,2023/08/23,1407.5,1420,1400,1420,159.600006103516
6254,2023/08/24,1437.5,1442.5,1415,1427.5,441.200012207031
6254,2023/08/25,1387.5,1402.5,1377.5,1395,541.600036621094
6254,2023/08/28,1410,1440,1402.5,1440,385.600006103516
6254,2023/08/29,1442.5,1442.5,1415,1432.5,390.800018310547
6254,2023/08/30,1447.5,1472.5,1427.5,1427.5,350.399993896484
6254,2023/08/31,1452.5,1465,1442.5,1460,360.800018310547
6254,2023/09/01,1460,1507.5,1452.5,1505,434.399993896484
6254,2023/09/04,1520,1527.5,1505,1510,340.399993896484
6254,2023/09/05,1507.5,1555,1505,1550,356.800018310547
6254,2023/09/06,1552.5,1557.5,1537.5,1557.5,332
6254,2023/09/07,1532.5,1550,1507.5,1507.5,363.600006103516
6254,2023/09/08,1500,1545,1495,1522.5,420.800018310547
6254,2023/09/11,1532.5,1555,1507.5,1525,391.200012207031
6254,2023/09/12,1540,1540,1505,1522.5,237.600006103516
6254,2023/09/13,1507.5,1535,1507.5,1510,336.800018310547
6254,2023/09/14,1512.5,1605,1512.5,1600,865.200012207031
6254,2023/09/15,1600,1612.5,1570,1590,1834
6254,2023/09/19,1562.5,1567.5,1505,1537.5,774.400024414063
6254,2023/09/20,1530,1567.5,1527.5,1545,493.200012207031
6254,2023/09/21,1547.5,1555,1522.5,1527.5,330.800018310547
6254,2023/09/22,1502.5,1537.5,1482.5,1517.5,388.399993896484
6254,2023/09/25,1520,1547.5,1502.5,1542.5,237.600006103516
6254,2023/09/26,1545,1545,1492.5,1500,515.200012207031
6254,2023/09/27,1477.5,1505,1472.5,1502.5,226.400009155273
6254,2023/09/28,1485,1505,1475,1490,244
6254,2023/09/29,1505,1542.5,1502.5,1522.5,475.200012207031
6254,2023/10/02,1535,1545,1465,1470,393.600006103516
6254,2023/10/03,1457.5,1467.5,1430,1442.5,346.800018310547
6254,2023/10/04,1405,1420,1392.5,1392.5,339.200012207031
6254,2023/10/05,1417.5,1422.5,1382.5,1410,304.800018310547
6254,2023/10/06,1395,1415,1390,1390,189.600006103516
6254,2023/10/10,1415,1462.5,1400,1460,396.800018310547
6254,2023/10/11,1472.5,1472.5,1445,1450,242
6254,2023/10/12,1472.5,1605,1460,1605,995.200012207031
6254,2023/10/13,1602.5,1647.5,1567.5,1575,904.400024414063
6254,2023/10/16,1545,1550,1480,1500,821.600036621094
6254,2023/10/17,1505,1540,1472.5,1520,885.600036621094
6254,2023/10/18,1507.5,1527.5,1490,1522.5,298.800018310547
6254,2023/10/19,1487.5,1487.5,1452.5,1452.5,448.800018310547
6254,2023/10/20,1420,1455,1415,1450,501.600006103516
6254,2023/10/23,1450,1450,1402.5,1402.5,388.800018310547
6254,2023/10/24,1435,1485,1400,1480,685.600036621094
6254,2023/10/25,1730,1730,1700,1730,929.200012207031
6254,2023/10/26,1745,1860,1742.5,1812.5,5548.80029296875
6254,2023/10/27,1827.5,1920,1792.5,1920,2696
6254,2023/10/30,1922.5,1930,1867.5,1885,1752
6254,2023/10/31,1895,1907.5,1820,1902.5,1452.40002441406
6254,2023/11/01,1912.5,1917.5,1877.5,1890,1049.59997558594
6254,2023/11/02,1950,2020,1947.5,2012.5,1262.80004882813
6254,2023/11/06,2077.5,2112.5,2012.5,2112.5,1548.80004882813
6254,2023/11/07,2122.5,2175,2107.5,2150,1458.80004882813
6254,2023/11/08,2112.5,2117.5,2045,2060,1834.80004882813
6254,2023/11/09,2070,2107.5,2027.5,2080,1359.59997558594
6254,2023/11/10,2105,2150,2065,2142.5,1044.40002441406
6254,2023/11/13,2167.5,2207.5,2130,2142.5,1339.59997558594
6254,2023/11/14,2142.5,2235,2142.5,2192.5,1502.80004882813
6254,2023/11/15,2317.5,2337.5,2202.5,2320,3102
6254,2023/11/16,2357.5,2477.5,2312.5,2472.5,3475.19995117188
6254,2023/11/17,2450,2555,2435,2545,2933.60009765625
6254,2023/11/20,2572.5,2662.5,2532.5,2575,3468.40014648438
6254,2023/11/21,2585,2620,2460,2590,3171.19995117188
6254,2023/11/22,2560,2655,2532.5,2622.5,2049.19995117188
6254,2023/11/24,2667.5,2717.5,2590,2610,2756
6254,2023/11/27,2632.5,2760,2617.5,2685,3300
6254,2023/11/28,2690,2715,2565,2622.5,2932
6254,2023/11/29,2592.5,2727.5,2580,2720,2256.40014648438
6254,2023/11/30,2725,2872.5,2710,2857.5,3606.40014648438
6254,2023/12/01,2870,2950,2820,2935,4156.80029296875
6254,2023/12/04,2960,3040,2872.5,3017.5,5515.60009765625
6254,2023/12/05,2977.5,2987.5,2725,2757.5,8362
6254,2023/12/06,2742.5,2967.5,2735,2885,7150.80029296875
6254,2023/12/07,2785,2810,2652.5,2745,4661.60009765625
6254,2023/12/08,2715,2857.5,2702.5,2755,4168.39990234375
6254,2023/12/11,2820,2922.5,2767.5,2822.5,3774.80004882813
6254,2023/12/12,2912.5,2980,2832.5,2862.5,3651.19995117188
6254,2023/12/13,2887.5,2917.5,2787.5,2880,4239.60009765625
6254,2023/12/14,2997.5,3115,2927.5,2957.5,8080.80029296875
6254,2023/12/15,2975,3150,2897.5,3117.5,6500
6254,2023/12/18,3087.5,3137.5,2937.5,3007.5,5204.39990234375
6254,2023/12/19,3005,3202.5,2947.5,3202.5,5968.39990234375
6254,2023/12/20,3300,3420,3220,3370,9491.2001953125
6254,2023/12/21,3295,3457.5,3257.5,3450,7730.80029296875
6254,2023/12/22,3510,3525,3402.5,3515,8089.2001953125
6254,2023/12/25,3535,3720,3517.5,3640,7802
6254,2023/12/26,3650,3655,3365,3550,11128.7998046875
6254,2023/12/27,3550,3697.5,3512.5,3697.5,9915.6005859375
6254,2023/12/28,3622.5,3670,3527.5,3577.5,7302.39990234375
6254,2023/12/29,3540,3785,3532.5,3732.5,12445.2001953125
6254,2024/01/04,3597.5,3660,3457.5,3567.5,9020.7998046875
6254,2024/01/05,3527.5,3720,3460,3695,12017.2001953125
6254,2024/01/09,3817.5,4030,3802.5,4030,12390.7998046875
6254,2024/01/10,4042.5,4075,3930,4017.5,11276.400390625
6254,2024/01/11,4065,4165,3950,4017.5,14394.7998046875
6254,2024/01/12,3975,3985,3800,3825,11134
6254,2024/01/15,3740,3930,3702.5,3930,7180.80029296875
6254,2024/01/16,3930,3935,3757.5,3765,6508.39990234375
6254,2024/01/17,3832.5,3937.5,3632.5,3635,7912
6254,2024/01/18,3485,3572.5,3292.5,3335,12426
6254,2024/01/19,3260,3355,3110,3297.5,12532.400390625
6254,2024/01/22,3350,3387.5,3165,3232.5,6732.80029296875
6254,2024/01/23,3287.5,3510,3242.5,3442.5,12848.7998046875
6254,2024/01/24,3400,3417.5,3290,3350,6493.2001953125
6254,2024/01/25,3425,3705,3337.5,3692.5,11964.400390625
6254,2024/01/26,3587.5,3660,3457.5,3522.5,8800.7998046875
6254,2024/01/29,3485,3557.5,3405,3515,4938.39990234375
6254,2024/01/30,3562.5,3570,3452.5,3482.5,3908
6254,2024/01/31,3395,3510,3385,3487.5,3329.60009765625
6254,2024/02/01,3475,3535,3445,3527.5,2880
6254,2024/02/02,3530,3547.5,3425,3432.5,3910.40014648438
6254,2024/02/05,3500,3547.5,3345,3355,3668
6254,2024/02/06,3342.5,3380,3312.5,3340,2558
6254,2024/02/07,3275,3362.5,3245,3312.5,2297.19995117188
6254,2024/02/08,3305,3332.5,3252.5,3322.5,2197.19995117188
6254,2024/02/09,3355,3470,3345,3380,3205.19995117188
6254,2024/02/13,3420,3592.5,3390,3565,5563.2001953125
6254,2024/02/14,3512.5,3692.5,3462.5,3662.5,4860.39990234375
6254,2024/02/15,3757.5,3767.5,3390,3587.5,13577.2001953125
6254,2024/02/16,3612.5,3922.5,3572.5,3757.5,12539.6005859375
6254,2024/02/19,3732.5,3745,3552.5,3570,4794.80029296875
6254,2024/02/20,3610,3715,3545,3627.5,4601.2001953125
6254,2024/02/21,3552.5,3557.5,3410,3442.5,3609.19995117188
6254,2024/02/22,3582.5,3907.5,3575,3897.5,11087.6005859375
6254,2024/02/26,4025,4155,3972.5,4067.5,9090.7998046875
6254,2024/02/27,4100,4382.5,4072.5,4382.5,10870.7998046875
6254,2024/02/28,4397.5,4757.5,4387.5,4695,15862
6254,2024/02/29,4595,4815,4505,4775,15574.7998046875
6254,2024/03/01,4945,5025,4772.5,4910,17360
6254,2024/03/04,5050,5480,5000,5372.5,18260
6254,2024/03/05,5185,5447.5,5052.5,5292.5,14093.6005859375
6254,2024/03/06,5167.5,5395,5145,5267.5,7620.80029296875
6254,2024/03/07,5400,5475,5107.5,5157.5,12815.6005859375
6254,2024/03/08,5142.5,5407.5,4955,5020,15227.6005859375
6254,2024/03/11,4660,4955,4615,4910,9224.400390625
6254,2024/03/12,4882.5,5195,4812.5,5012.5,12502.400390625
6254,2024/03/13,5132.5,5180,4690,4775,11865.6005859375
6254,2024/03/14,4727.5,4800,4512.5,4600,8984
6254,2024/03/15,4552.5,4695,4362.5,4440,9191.2001953125
6254,2024/03/18,4450,4615,4410,4570,7274.80029296875
6254,2024/03/19,4587.5,4682.5,4425,4590,8315.2001953125
6254,2024/03/21,4727.5,4795,4527.5,4777.5,9376.400390625
6254,2024/03/22,4815,4820,4645,4787.5,6762
6254,2024/03/25,4810,4887.5,4680,4680,6570.80029296875
6254,2024/03/26,4680,4905,4595,4687.5,9612.400390625
6254,2024/03/27,4735,4805,4645,4680,6638.39990234375
6254,2024/03/28,4735,5360,4680,5290,8952.5
6254,2024/03/29,5480,5950,5220,5940,9751.400390625
6254,2024/04/01,6100,6370,5660,5750,10531.2998046875
6254,2024/04/02,5760,5890,5500,5630,5959.2001953125
6254,2024/04/03,5350,5550,5210,5440,4919.2001953125
6254,2024/04/04,5500,5750,5300,5520,5722.5
6254,2024/04/05,5300,5430,5130,5150,4057.30004882813
6254,2024/04/08,5290,5330,4940,4985,3979.19995117188
6254,2024/04/09,5080,5690,5060,5690,7912.80029296875
6254,2024/04/10,5490,5700,5380,5490,5622.89990234375
6254,2024/04/11,5360,5520,5330,5350,2658.40014648438
6254,2024/04/12,5380,5400,5180,5370,2894.80004882813
6254,2024/04/15,5230,5330,5130,5330,2685.30004882813
6254,2024/04/16,5150,5180,4975,4995,2681.30004882813
6254,2024/04/17,5110,5300,5060,5140,3470.40014648438
6254,2024/04/18,4990,5290,4935,5280,2690.80004882813
6254,2024/04/19,5080,5120,4750,4940,4893.7001953125
6254,2024/04/22,4820,4925,4590,4700,2377.69995117188
6254,2024/04/23,4855,4860,4600,4755,2471.30004882813
6254,2024/04/24,5000,5460,4970,5460,8586.6005859375
6254,2024/04/25,5360,5550,5120,5160,7305.5
6254,2024/04/26,5230,5430,5080,5270,3618.90014648438
6254,2024/04/30,5300,5320,5080,5130,2272.69995117188
6254,2024/05/01,5100,5260,5050,5220,1704.30004882813
6254,2024/05/02,5130,5360,5100,5340,1576.5
6254,2024/05/07,5440,5480,5240,5340,2265.40014648438
6254,2024/05/08,5280,5390,5180,5360,1557.59997558594
6254,2024/05/09,5320,5320,5170,5170,1536.09997558594
6254,2024/05/10,5190,5280,5080,5260,1433.80004882813
6254,2024/05/13,5230,5480,5190,5470,1842.20007324219
6254,2024/05/14,5470,5470,5160,5240,2020.30004882813
6254,2024/05/15,5290,5460,5210,5450,2136.30004882813
6254,2024/05/16,5360,5680,5090,5270,6190.39990234375
6254,2024/05/17,5220,5220,4860,5100,5119.30029296875
6254,2024/05/20,5080,5190,4985,5190,1729.30004882813
6254,2024/05/21,5250,5380,5170,5260,1855.5
6254,2024/05/22,5300,5300,5030,5040,1588.09997558594
6254,2024/05/23,5240,5330,5040,5120,2078.10009765625
6254,2024/05/24,5020,5080,4900,4900,1769.20007324219
6254,2024/05/27,4910,4935,4815,4875,1567.09997558594
6254,2024/05/28,4890,4935,4760,4805,1468.70007324219
6254,2024/05/29,4810,4825,4655,4655,1663.70007324219
6254,2024/05/30,4520,4560,4450,4495,2044.90002441406
6254,2024/05/31,4510,4710,4510,4705,1957.09997558594
6254,2024/06/03,4650,4685,4580,4625,975.600036621094
6254,2024/06/04,4635,4740,4600,4605,1114
6254,2024/06/05,4635,4670,4435,4440,1000.70001220703
6254,2024/06/06,4590,4660,4415,4425,948
6254,2024/06/07,4380,4550,4325,4435,921.700012207031
6254,2024/06/10,4390,4545,4385,4515,662.100036621094
6254,2024/06/11,4520,4580,4455,4465,596.400024414063
6254,2024/06/12,4450,4570,4420,4570,719.100036621094
6254,2024/06/13,4640,4715,4605,4635,1393
6254,2024/06/14,4570,4685,4425,4435,1454.70007324219
6254,2024/06/17,4400,4410,4280,4385,913.5
6254,2024/06/18,4405,4520,4305,4455,1017.5
6254,2024/06/19,4505,4540,4230,4280,1102.30004882813
6254,2024/06/20,4170,4385,4170,4370,1196.59997558594
6254,2024/06/21,4335,4380,4235,4245,1056.09997558594
6254,2024/06/24,4230,4355,4205,4235,697.5
6254,2024/06/25,4230,4330,4190,4245,876.900024414063
6254,2024/06/26,4310,4415,4240,4270,1122.70007324219
6254,2024/06/27,4255,4385,4245,4255,909.799987792969
6254,2024/06/28,4325,4375,4255,4320,848.200012207031
6254,2024/07/01,4350,4445,4160,4170,1680.30004882813
6254,2024/07/02,4170,4225,4125,4225,773.100036621094
6254,2024/07/03,4225,4360,4205,4260,1277.30004882813
6254,2024/07/04,4235,4245,4045,4045,1874
6254,2024/07/05,4115,4120,3985,4040,1168.80004882813
6254,2024/07/08,4025,4105,3955,4040,1044.5
6254,2024/07/09,4025,4150,4020,4120,1088.5
6254,2024/07/10,4070,4085,3940,3995,1109.40002441406
6254,2024/07/11,4020,4305,3985,4165,2455
6254,2024/07/12,4150,4220,4005,4130,1278.80004882813
6254,2024/07/16,4155,4240,4050,4080,1260.20007324219
6254,2024/07/17,4125,4140,4025,4045,1025.59997558594
6254,2024/07/18,3940,4000,3810,3865,1277.70007324219
6254,2024/07/19,3860,3880,3780,3805,865.200012207031
6254,2024/07/22,3805,3870,3685,3700,1087.59997558594
6254,2024/07/23,3790,3790,3635,3715,921.799987792969
6254,2024/07/24,3700,3740,3630,3660,800.5
6254,2024/07/25,3550,3590,3440,3460,1378.90002441406
6254,2024/07/26,3425,3490,3360,3420,1132.20007324219
6254,2024/07/29,3485,3545,3440,3530,860.900024414063
6254,2024/07/30,3510,3575,3430,3560,624.100036621094
6254,2024/07/31,3460,3615,3410,3600,1016.20001220703
6254,2024/08/01,3650,3650,3355,3375,943.400024414063
6254,2024/08/02,3260,3310,3085,3095,1978.09997558594
6254,2024/08/05,2805,2872,2395,2444,2536.60009765625
6254,2024/08/06,2641,2871,2604,2778,1885.40002441406
6254,2024/08/07,2694,3040,2690,2943,2042.80004882813
6254,2024/08/08,2885,3010,2855,2951,1095.59997558594
6254,2024/08/09,3040,3070,2868,2980,1448.30004882813
6254,2024/08/13,2580,2882,2561,2882,3995.19995117188
6254,2024/08/14,2907,2955,2658,2931,2778.5
6254,2024/08/15,2932,2977,2855,2922,1606.5
6254,2024/08/16,3025,3150,3000,3100,1304.80004882813
6254,2024/08/19,3050,3080,2870,2892,1268.30004882813
6254,2024/08/20,2944,3080,2932,3010,1020.20001220703
6254,2024/08/21,2950,2975,2878,2925,985.5
6254,2024/08/22,2968,2968,2852,2875,764.5
6254,2024/08/23,2844,2882,2816,2816,654
6254,2024/08/26,2810,2839,2764,2808,661.799987792969
6254,2024/08/27,2789,2804,2736,2766,730.100036621094
6254,2024/08/28,2742,2753,2698,2753,691.600036621094
6254,2024/08/29,2703,2748,2639,2737,920.600036621094
6254,2024/08/30,2752,2843,2728,2813,850.5
6254,2024/09/02,2884,2904,2705,2714,1176.80004882813
6254,2024/09/03,2732,2732,2640,2641,833.900024414063
6254,2024/09/04,2517,2555,2468,2477,1075.90002441406
6254,2024/09/05,2445,2521,2421,2428,894.400024414063
6254,2024/09/06,2459,2469,2401,2422,785.299987792969
6254,2024/09/09,2300,2370,2260,2349,862
6254,2024/09/10,2371,2418,2323,2361,725.5
6254,2024/09/11,2326,2395,2277,2309,728.900024414063
6254,2024/09/12,2389,2452,2369,2451,813.400024414063
6254,2024/09/13,2449,2467,2365,2367,633.100036621094
6254,2024/09/17,2349,2355,2235,2282,1033.70007324219
6254,2024/09/18,2327,2364,2287,2329,578.400024414063
6254,2024/09/19,2377,2434,2371,2404,728.200012207031
6254,2024/09/20,2500,2567,2468,2503,1413.80004882813
6254,2024/09/24,2547,2558,2395,2409,904.600036621094
6254,2024/09/25,2429,2496,2406,2443,625.200012207031
6254,2024/09/26,2489,2556,2467,2540,1011
6254,2024/09/27,2570,2646,2548,2615,1228.40002441406
6254,2024/09/30,2503,2526,2415,2426,1012
6254,2024/10/01,2464,2538,2448,2468,893
6254,2024/10/02,2418,2470,2397,2454,940.299987792969
6254,2024/10/03,2519,2525,2442,2443,737.5
6254,2024/10/04,2452,2466,2416,2434,455
6254,2024/10/07,2510,2548,2391,2391,1084.5
6254,2024/10/08,2365,2380,2330,2336,690.600036621094
6254,2024/10/09,2348,2396,2347,2367,681.200012207031
6254,2024/10/10,2353,2412,2317,2318,733.299987792969
6254,2024/10/11,2311,2367,2291,2291,512.400024414063
6254,2024/10/15,2328,2355,2275,2313,1145.30004882813
6254,2024/10/16,2263,2264,2189,2215,1260.20007324219
6254,2024/10/17,2230,2254,2195,2220,656
6254,2024/10/18,2232,2243,2196,2214,562.200012207031
6254,2024/10/21,2198,2259,2185,2233,508.5
6254,2024/10/22,2211,2220,2121,2133,789.799987792969
6254,2024/10/23,2133,2169,2118,2137,768.700012207031
6254,2024/10/24,2113,2156,2091,2108,665.600036621094
6254,2024/10/25,2072,2090,2035,2043,898.100036621094
6254,2024/10/28,2048,2160,2044,2130,786.900024414063
6254,2024/10/29,2125,2141,2103,2130,386.899993896484
6254,2024/10/30,2140,2187,2130,2172,1268.90002441406
6254,2024/10/31,2129,2166,2090,2162,827
6254,2024/11/01,2012,2061,1977,2033,1834.70007324219
6254,2024/11/05,2108,2108,2020,2044,810.799987792969
6254,2024/11/06,2072,2229,2067,2158,1722.70007324219
6254,2024/11/07,2166,2187,2041,2041,1672.20007324219
6254,2024/11/08,2059,2089,2028,2032,842.600036621094
6254,2024/11/11,2059,2067,1990,2020,741.600036621094
6254,2024/11/12,1996,2038,1979,1980,942.299987792969
6254,2024/11/13,1957,1991,1921,1921,831
6254,2024/11/14,1907,1951,1878,1878,861.200012207031
6254,2024/11/15,1798,1917,1789,1870,1940.09997558594
6254,2024/11/18,1838,1855,1797,1828,897.799987792969
6254,2024/11/19,1877,1890,1834,1868,869.200012207031
6254,2024/11/20,1860,1890,1822,1848,612.700012207031
6254,2024/11/21,1840,1866,1814,1826,571.200012207031
6254,2024/11/22,1817,1886,1817,1853,731.200012207031
6254,2024/11/25,1880,1907,1832,1840,694.700012207031
6254,2024/11/26,1840,1846,1762,1781,846.299987792969
6254,2024/11/27,1765,1800,1750,1796,714.400024414063
6254,2024/11/28,1777,1837,1756,1810,650.600036621094
6254,2024/11/29,1796,1813,1765,1766,525
6254,2024/12/02,1768,1796,1751,1757,540.600036621094
6254,2024/12/03,1837,1889,1769,1772,1477.40002441406
6254,2024/12/04,1780,1789,1690,1712,1568.30004882813
6254,2024/12/05,1752,1759,1666,1677,1239
6254,2024/12/06,1677,1683,1649,1666,972.400024414063
6254,2024/12/09,1671,1689,1637,1650,754.799987792969
6254,2024/12/10,1650,1689,1639,1649,850.400024414063
6254,2024/12/11,1641,1649,1616,1637,749.600036621094
6254,2024/12/12,1661,1667,1640,1651,801.200012207031
6254,2024/12/13,1625,1636,1588,1599,1001.29998779297
6254,2024/12/16,1607,1631,1581,1585,792.200012207031
6254,2024/12/17,1585,1597,1562,1570,811.900024414063
6254,2024/12/18,1563,1614,1558,1601,1177.59997558594
6254,2024/12/19,1580,1635,1566,1584,1008.70001220703
6254,2024/12/20,1584,1633,1578,1582,1023.10003662109
6254,2024/12/23,1582,1599,1541,1599,1008.70001220703
6254,2024/12/24,1617,1699,1610,1681,1895.30004882813
6254,2024/12/25,1721,1926,1716,1824,11485.5
6254,2024/12/26,1864,1875,1776,1845,6031.39990234375
6254,2024/12/27,1812,2044,1788,2044,8086.10009765625
6254,2024/12/30,2125,2311,2106,2311,19871.30078125
6254,2025/01/06,2439,2811,2423,2811,18897.201171875
6254,2025/01/07,2949,2980,2552,2890,42493.30078125
6254,2025/01/08,2890,3140,2732,2732,12346.2001953125
6254,2025/01/09,2680,2887,2633,2790,9148.5
6254,2025/01/10,2786,3135,2724,3020,15576.1005859375
6254,2025/01/14,2989,3065,2690,2775,8273
6254,2025/01/15,2821,2929,2650,2651,6833.2001953125
6254,2025/01/16,2801,2900,2703,2801,5617.80029296875
6254,2025/01/17,2703,2755,2617,2617,1881.70007324219
6254,2025/01/20,2597,2638,2494,2507,2596
6254,2025/01/21,2494,2535,2425,2476,1420.20007324219
6254,2025/01/22,2549,2807,2512,2644,3566.40014648438
6254,2025/01/23,2675,2784,2590,2708,2227.60009765625
6254,2025/01/24,2668,2731,2624,2643,1653.40002441406
6254,2025/01/27,2722,2749,2465,2480,2301.90014648438
6254,2025/01/28,2401,2501,2390,2501,1421.40002441406
6254,2025/01/29,2515,2518,2341,2358,1925.5
6254,2025/01/30,2505,2658,2446,2621,4388.60009765625
6254,2025/01/31,2689,2729,2578,2609,2335.60009765625
6254,2025/02/03,2540,2626,2537,2554,1114.09997558594
6254,2025/02/04,2600,2648,2510,2511,1135.40002441406
6254,2025/02/05,2510,2546,2432,2460,941.299987792969
6254,2025/02/06,2490,2534,2486,2495,768
6254,2025/02/07,2470,2491,2406,2409,619.100036621094
6254,2025/02/10,2401,2506,2397,2490,529
6254,2025/02/12,2990,2990,2990,2990,531.200012207031
6254,2025/02/13,3020,3125,2842,2900,5058.10009765625
6254,2025/02/14,2906,2926,2831,2905,1867.80004882813
6254,2025/02/17,2755,3005,2755,2806,3295.5
6254,2025/02/18,2770,2845,2722,2775,1378.80004882813
6254,2025/02/19,2725,2755,2656,2671,1443.40002441406
6254,2025/02/20,2640,2702,2540,2569,1588.30004882813
6254,2025/02/21,2546,2585,2514,2526,843.100036621094
6254,2025/02/25,2476,2640,2460,2612,1658.5
6254,2025/02/26,2635,2732,2569,2721,2205.30004882813
6254,2025/02/27,2790,2805,2639,2713,1473.5
6254,2025/02/28,2626,2781,2566,2696,1675.70007324219
6254,2025/03/03,2697,2720,2615,2696,808.900024414063
6254,2025/03/04,2623,2663,2552,2587,741.299987792969
6254,2025/03/05,2596,2675,2513,2560,1694
6254,2025/03/06,2600,2600,2474,2475,1191.40002441406
6254,2025/03/07,2446,2464,2398,2428,1037.30004882813
6254,2025/03/10,2428,2495,2408,2459,697.600036621094
6254,2025/03/11,2400,2528,2343,2499,1360
6254,2025/03/12,2476,2501,2424,2460,884.299987792969
6254,2025/03/13,2494,2527,2427,2430,706.900024414063
6254,2025/03/14,2476,2571,2452,2540,1041.09997558594
6254,2025/03/17,2562,2593,2517,2530,806.200012207031
6254,2025/03/18,2560,2583,2523,2578,603.5
6254,2025/03/19,2580,2615,2516,2523,654.900024414063
6254,2025/03/21,2536,2781,2531,2726,3635.69995117188
6254,2025/03/24,2746,2769,2643,2651,933.200012207031
6254,2025/03/25,2696,2852,2666,2725,3298.80004882813
6254,2025/03/26,2720,2724,2635,2694,1156.80004882813
6254,2025/03/27,2659,2686,2630,2661,568.400024414063
6254,2025/03/28,2631,2642,2541,2551,625.200012207031
6254,2025/03/31,2495,2513,2403,2403,803.5
6254,2025/04/01,2420,2425,2314,2316,922.5
6254,2025/04/02,2316,2331,2285,2297,574.600036621094
6254,2025/04/03,2147,2229,2134,2205,924.299987792969
6254,2025/04/04,2113,2141,2027,2099,1394
6254,2025/04/07,1794,1874,1720,1778,1905
6254,2025/04/08,2080,2117,2038,2088,1284.30004882813
6254,2025/04/09,2038,2077,1938,1996,1366
6254,2025/04/10,2280,2280,2148,2209,941
6254,2025/04/11,2116,2196,2081,2184,701.200012207031
6254,2025/04/14,2262,2293,2232,2281,870.100036621094
6254,2025/04/15,2290,2300,2247,2252,450.399993896484
6254,2025/04/16,2230,2240,2095,2112,690.5
6254,2025/04/17,2112,2168,2085,2155,558.799987792969
6254,2025/04/18,2132,2188,2130,2177,398
6254,2025/04/21,2170,2180,2126,2174,379.100006103516
6254,2025/04/22,2160,2162,2116,2135,266.100006103516
6254,2025/04/23,2211,2215,2172,2190,419.399993896484
6254,2025/04/24,2310,2428,2252,2419,3512.40014648438
6254,2025/04/25,2475,2482,2383,2425,2064.40014648438
6254,2025/04/28,2456,2456,2337,2350,882.299987792969
6254,2025/04/30,2325,2353,2287,2339,605.100036621094
6254,2025/05/01,2335,2380,2320,2374,564.700012207031
6254,2025/05/02,2398,2398,2307,2354,538.100036621094
6254,2025/05/07,2339,2382,2286,2373,618.700012207031
6254,2025/05/08,2344,2450,2333,2400,669.100036621094
6254,2025/05/09,2425,2439,2393,2428,523.200012207031
6254,2025/05/12,2430,2530,2415,2510,943.400024414063
6254,2025/05/13,2560,2569,2486,2520,1047.59997558594
6254,2025/05/14,2553,2681,2525,2670,1201.30004882813
6254,2025/05/15,2620,2688,2605,2638,1215.30004882813
6254,2025/05/16,2288,2395,2251,2303,4766.2001953125
6254,2025/05/19,2253,2285,2189,2191,1688
6254,2025/05/20,2194,2230,2136,2151,1296.09997558594
6254,2025/05/21,2169,2172,2093,2093,971
6254,2025/05/22,2069,2115,2051,2097,738.299987792969
6254,2025/05/23,2097,2110,2030,2030,937.600036621094
6254,2025/05/26,2070,2194,2028,2186,1508.20007324219
6254,2025/05/27,2181,2209,2123,2143,1154
6254,2025/05/28,2193,2193,2101,2101,836.5
6254,2025/05/29,2129,2149,2096,2099,693.5
6254,2025/05/30,2080,2172,2065,2146,763.5
6254,2025/06/02,2135,2184,2116,2172,683.200012207031
6254,2025/06/03,2146,2180,2129,2137,547.700012207031
6254,2025/06/04,2178,2276,2160,2250,1253.80004882813
6254,2025/06/05,2231,2288,2230,2253,719.200012207031
6254,2025/06/06,2240,2284,2226,2275,470.300018310547
6254,2025/06/09,2290,2474,2287,2439,2569.90014648438
6254,2025/06/10,2430,2440,2371,2385,1302.30004882813
6254,2025/06/11,2410,2443,2378,2426,873.900024414063
6254,2025/06/12,2415,2441,2365,2434,777.600036621094
6254,2025/06/13,2403,2432,2335,2335,812.299987792969
6254,2025/06/16,2360,2372,2298,2329,646.299987792969
6254,2025/06/17,2366,2440,2351,2434,1099.09997558594
6254,2025/06/18,2410,2443,2377,2432,729.700012207031
6254,2025/06/19,2404,2424,2341,2348,597
6254,2025/06/20,2353,2498,2353,2433,2496.69995117188
6254,2025/06/23,2394,2439,2343,2410,759.900024414063
6254,2025/06/24,2460,2472,2414,2437,680.200012207031
6254,2025/06/25,2486,2551,2449,2508,1423
6254,2025/06/26,2546,2675,2534,2585,2582.69995117188
6254,2025/06/27,2629,2656,2578,2600,1618.70007324219
6254,2025/06/30,2650,2752,2555,2575,2289.90014648438
6254,2025/07/01,2550,2590,2523,2531,964.900024414063
6254,2025/07/02,2455,2508,2440,2464,844
6254,2025/07/03,2502,2517,2469,2482,652
6254,2025/07/04,2500,2519,2381,2417,1332.30004882813
6254,2025/07/07,2401,2522,2389,2494,1088.70007324219
6254,2025/07/08,2464,2595,2463,2492,1070.20007324219
6254,2025/07/09,2499,2516,2401,2408,1063.90002441406
6254,2025/07/10,2427,2431,2376,2384,656.200012207031
6254,2025/07/11,2397,2514,2385,2455,1121.20007324219
6254,2025/07/14,2417,2431,2368,2396,673.299987792969
6254,2025/07/15,2390,2394,2335,2368,913.200012207031
6254,2025/07/16,2381,2425,2356,2372,669
6254,2025/07/17,2371,2376,2320,2357,611.100036621094
6254,2025/07/18,2350,2390,2328,2334,649.100036621094
6254,2025/07/22,2332,2366,2295,2310,634.200012207031
6254,2025/07/23,2351,2455,2331,2441,1275.09997558594
6254,2025/07/24,2465,2491,2433,2456,864.5
6254,2025/07/25,2430,2473,2421,2440,516.100036621094
6254,2025/07/28,2445,2628,2438,2628,2153.69995117188
6254,2025/07/29,2566,2885,2562,2832,7287
6254,2025/07/30,2800,2845,2726,2752,1919.70007324219
6254,2025/07/31,2760,2823,2744,2774,1191
6254,2025/08/01,2739,2763,2643,2677,1223.59997558594
6254,2025/08/04,2600,2636,2552,2612,1147
6254,2025/08/05,2662,2738,2655,2729,1888.59997558594
6254,2025/08/06,2710,2813,2633,2793,1787.20007324219
6254,2025/08/07,2743,2839,2704,2735,1370.40002441406
6254,2025/08/08,2687,2735,2662,2662,1144
6254,2025/08/12,2812,2870,2705,2716,3843.19995117188
6254,2025/08/13,2735,2870,2729,2853,2371.10009765625
6254,2025/08/14,2853,3055,2833,2934,2899.5
6254,2025/08/15,2950,3040,2895,3035,1930.30004882813
6254,2025/08/18,3275,3435,3170,3330,3202.60009765625
6254,2025/08/19,3325,3325,3150,3205,1332.09997558594
6254,2025/08/20,3150,3155,3005,3020,1311.80004882813
6254,2025/08/21,3020,3045,2875,2889,1375.09997558594
6254,2025/08/22,2979,2991,2885,2902,1165.90002441406
6254,2025/08/25,3005,3015,2902,2943,948.900024414063
6254,2025/08/26,2915,3030,2887,2995,1073.80004882813
6254,2025/08/27,3010,3075,2970,3050,887.400024414063
6254,2025/08/28,3060,3250,3045,3225,1544.59997558594
6254,2025/08/29,3225,3285,3180,3230,1014.90002441406
6254,2025/09/01,3250,3255,3060,3065,1197
6254,2025/09/02,3120,3225,3050,3170,1080.80004882813
6254,2025/09/03,3135,3200,3110,3135,659
6254,2025/09/04,3110,3195,3095,3180,455.700012207031
6254,2025/09/05,3205,3330,3205,3280,864.400024414063
6254,2025/09/08,3315,3355,3290,3350,676.299987792969
6254,2025/09/09,3345,3345,3255,3295,689.299987792969
6254,2025/09/10,3320,3330,3255,3290,442.899993896484
6254,2025/09/11,3320,3380,3240,3280,827.200012207031
6254,2025/09/12,3320,3355,3280,3280,533.5
6254,2025/09/16,3325,3470,3285,3465,1266.80004882813
6254,2025/09/17,3410,3410,3305,3355,871.400024414063
6254,2025/09/18,3340,3445,3330,3385,793
6254,2025/09/19,3485,3485,3230,3300,1451.90002441406
6254,2025/09/22,3360,3385,3285,3285,635.200012207031
6254,2025/09/24,3280,3480,3260,3435,1285.70007324219
6254,2025/09/25,3465,3510,3375,3435,812.200012207031
6254,2025/09/26,3400,3400,3220,3245,1071.09997558594
6254,2025/09/29,3230,3360,3215,3350,616.600036621094
6254,2025/09/30,3365,3400,3290,3295,534
6254,2025/10/01,3305,3315,3185,3215,620.5
6254,2025/10/02,3320,3410,3300,3380,956
6254,2025/10/03,3430,3435,3345,3380,629.100036621094
6254,2025/10/06,3515,3570,3430,3480,804.299987792969
6254,2025/10/07,3585,3670,3500,3525,1282.90002441406
6254,2025/10/08,3485,3510,3430,3460,573.200012207031
6254,2025/10/09,3530,3610,3495,3545,804
6254,2025/10/10,3525,3530,3370,3375,635.900024414063
6254,2025/10/14,3340,3410,3210,3245,751.5
6254,2025/10/15,3240,3450,3235,3430,666.700012207031
6254,2025/10/16,3500,3715,3485,3700,1506.59997558594
6254,2025/10/17,3700,3735,3600,3660,931.900024414063
6254,2025/10/20,3800,3810,3695,3795,745
6254,2025/10/21,3845,3860,3660,3715,720.400024414063
6254,2025/10/22,3750,3755,3640,3700,526.5
6254,2025/10/23,3675,3810,3665,3765,914.400024414063
6254,2025/10/24,3780,3920,3780,3815,1018.20001220703
6254,2025/10/27,3885,3925,3830,3875,764.799987792969
6254,2025/10/28,3915,3915,3815,3840,488.700012207031
6254,2025/10/29,3890,3930,3855,3890,564.100036621094
6254,2025/10/30,3915,4060,3860,3915,1241.09997558594
6254,2025/10/31,3865,3950,3845,3945,695.200012207031
6254,2025/11/04,3945,4155,3915,4100,1150.09997558594
6254,2025/11/05,3905,3930,3645,3805,1180.40002441406
6254,2025/11/06,3945,3960,3770,3900,954.900024414063
6254,2025/11/07,3730,3760,3670,3740,695.600036621094
6254,2025/11/10,3810,3990,3785,3925,942.299987792969
6254,2025/11/11,3930,3975,3800,3835,526.100036621094
6254,2025/11/12,3720,3820,3700,3820,535.200012207031
6254,2025/11/13,3750,3785,3705,3715,441.899993896484
6254,2025/11/14,3585,3650,3520,3555,800.900024414063
6254,2025/11/17,3625,3665,3400,3440,1048
6254,2025/11/18,3380,3390,3125,3135,940.400024414063
6254,2025/11/19,3100,3135,2980,3005,1107.59997558594
6254,2025/11/20,3250,3270,3140,3170,902.700012207031
6254,2025/11/21,3015,3075,2955,2998,852.600036621094
6254,2025/11/25,3075,3075,2920,2931,889
6254,2025/11/26,2969,3040,2960,3015,452.200012207031
6254,2025/11/27,3040,3175,3025,3150,600.5
6254,2025/11/28,3135,3155,3065,3120,478.899993896484
6254,2025/12/01,3090,3100,2984,3000,469.800018310547
6254,2025/12/02,3005,3020,2901,2901,539.400024414063
6254,2025/12/03,2922,2975,2913,2927,495.300018310547
6254,2025/12/04,2938,2968,2923,2946,455.600006103516
6254,2025/12/05,2921,2988,2921,2975,439.600006103516
6254,2025/12/08,2975,2999,2935,2984,420
6254,2025/12/09,2966,2966,2858,2886,1012.79998779297
6254,2025/12/10,2860,2875,2741,2757,1005.20001220703
6254,2025/12/11,2738,2757,2662,2670,748.900024414063
6254,2025/12/12,2712,2715,2659,2689,507.899993896484
6254,2025/12/15,2589,2657,2556,2636,781.5
6254,2025/12/16,2600,2635,2564,2587,638.5
6254,2025/12/17,2570,2597,2539,2543,618.299987792969
6254,2025/12/18,2519,2639,2518,2568,847.200012207031
6254,2025/12/19,2604,2647,2604,2609,621.200012207031
6254,2025/12/22,2809,2864,2748,2792,2054.40014648438
6254,2025/12/23,2810,2840,2767,2795,991.200012207031
6254,2025/12/24,2828,2987,2813,2921,2001.5
6254,2025/12/25,2971,3200,2956,3200,3105.5
6254,2025/12/26,3250,3300,3080,3105,3174.30004882813
6254,2025/12/29,3120,3165,3025,3055,1156
6254,2025/12/30,2985,3025,2941,2979,1035.20007324219
