6526,2022/10/12,767,840,738,840,63629
6526,2022/10/13,837,865,795,839,27940.5
6526,2022/10/14,867,884,840,884,14195.5
6526,2022/10/17,884,957,877,886,23079.5
6526,2022/10/18,914,962,858,955,24935.5
6526,2022/10/19,954,968,930,940,9900.5
6526,2022/10/20,926,982,924,949,12434.5009765625
6526,2022/10/21,960,1024,946,993,16527.5
6526,2022/10/24,1024,1052,978,988,12315
6526,2022/10/25,1002,1006,945,996,10470
6526,2022/10/26,1000,1008,964,973,7025.5
6526,2022/10/27,978,1052,972,1034,8313.5
6526,2022/10/28,1028,1048,993,1022,8212
6526,2022/10/31,1002,1076,1000,1060,14111.5
6526,2022/11/01,1076,1150,1066,1130,11094
6526,2022/11/02,1140,1178,1110,1154,7812.5
6526,2022/11/04,1160,1208,1144,1204,8745.5
6526,2022/11/07,1258,1260,1170,1180,9437.5
6526,2022/11/08,1180,1190,1102,1136,9432
6526,2022/11/09,1152,1164,1100,1102,5326.00048828125
6526,2022/11/10,1080,1196,1076,1180,8851
6526,2022/11/11,1228,1230,1146,1146,6970.5
6526,2022/11/14,1200,1234,1154,1210,8815.5
6526,2022/11/15,1226,1288,1216,1288,11741
6526,2022/11/16,1306,1380,1292,1366,16676
6526,2022/11/17,1330,1386,1328,1354,10632.5
6526,2022/11/18,1372,1420,1346,1374,11282.0009765625
6526,2022/11/21,1406,1408,1348,1380,5393
6526,2022/11/22,1368,1380,1314,1334,5839.5
6526,2022/11/24,1348,1436,1346,1416,9439
6526,2022/11/25,1410,1420,1374,1396,5968
6526,2022/11/28,1414,1414,1344,1362,5181.00048828125
6526,2022/11/29,1340,1386,1334,1374,19092
6526,2022/11/30,1360,1366,1302,1334,6448.50048828125
6526,2022/12/01,1378,1408,1362,1390,7285
6526,2022/12/02,1370,1380,1338,1344,3866.5
6526,2022/12/05,1332,1362,1294,1300,4312
6526,2022/12/06,1288,1316,1270,1300,4984
6526,2022/12/07,1280,1286,1212,1248,7397
6526,2022/12/08,1230,1254,1216,1236,3470
6526,2022/12/09,1254,1310,1250,1290,4321.5
6526,2022/12/12,1280,1282,1246,1276,2923.00024414063
6526,2022/12/13,1288,1290,1242,1248,3903.00024414063
6526,2022/12/14,1266,1330,1264,1330,5595
6526,2022/12/15,1304,1346,1304,1332,4114.5
6526,2022/12/16,1298,1330,1286,1320,4999
6526,2022/12/19,1308,1316,1270,1278,2293.5
6526,2022/12/20,1260,1306,1216,1240,4805.5
6526,2022/12/21,1212,1242,1180,1214,4532
6526,2022/12/22,1224,1228,1182,1192,2832
6526,2022/12/23,1132,1166,1106,1140,5327.5
6526,2022/12/26,1130,1150,1110,1124,2506
6526,2022/12/27,1138,1150,1096,1132,3734
6526,2022/12/28,1110,1124,1072,1116,4015.50024414063
6526,2022/12/29,1106,1160,1102,1144,3871.5
6526,2022/12/30,1160,1192,1140,1160,4178.5
6526,2023/01/04,1150,1214,1144,1200,4457
6526,2023/01/05,1218,1252,1208,1228,5013.5
6526,2023/01/06,1208,1256,1190,1256,4645
6526,2023/01/10,1320,1378,1318,1366,10203.5
6526,2023/01/11,1380,1398,1362,1376,6614.5
6526,2023/01/12,1384,1396,1356,1358,3506.5
6526,2023/01/13,1360,1412,1336,1360,7150
6526,2023/01/16,1340,1364,1326,1332,3849.5
6526,2023/01/17,1352,1412,1346,1372,5889.5
6526,2023/01/18,1370,1416,1352,1406,5211.5
6526,2023/01/19,1406,1452,1394,1444,7326.00048828125
6526,2023/01/20,1448,1494,1426,1490,7651.5
6526,2023/01/23,1510,1528,1482,1502,6404
6526,2023/01/24,1520,1552,1504,1506,7251.5
6526,2023/01/25,1490,1604,1476,1588,9675
6526,2023/01/26,1602,1620,1556,1574,7979.5
6526,2023/01/27,1584,1592,1534,1544,5844.5
6526,2023/01/30,1546,1584,1536,1580,7476.5
6526,2023/01/31,1598,1698,1540,1660,18656
6526,2023/02/01,1684,1728,1684,1714,8213.5
6526,2023/02/02,1746,1752,1676,1702,6488.50048828125
6526,2023/02/03,1706,1706,1656,1684,4571.5
6526,2023/02/06,1670,1696,1636,1652,5505
6526,2023/02/07,1636,1704,1624,1666,4493.5
6526,2023/02/08,1700,1776,1690,1772,8643
6526,2023/02/09,1746,1764,1714,1756,6154.5
6526,2023/02/10,1772,1776,1678,1690,7103
6526,2023/02/13,1678,1706,1664,1676,3195.50024414063
6526,2023/02/14,1700,1724,1680,1686,3178.00024414063
6526,2023/02/15,1722,1748,1678,1688,4288
6526,2023/02/16,1688,1730,1676,1684,3472
6526,2023/02/17,1670,1674,1636,1652,3404.5
6526,2023/02/20,1642,1678,1642,1658,2315.5
6526,2023/02/21,1676,1684,1644,1648,2182
6526,2023/02/22,1630,1664,1628,1658,2359
6526,2023/02/24,1682,1714,1680,1694,4023.00024414063
6526,2023/02/27,1690,1774,1664,1774,5626.00048828125
6526,2023/02/28,1798,1924,1798,1922,16705.5
6526,2023/03/01,1960,1966,1898,1960,9290.5
6526,2023/03/02,1950,1974,1876,1884,7474.5
6526,2023/03/03,1944,1954,1904,1906,6065.5
6526,2023/03/06,1920,1920,1872,1896,4457
6526,2023/03/07,1900,1944,1876,1928,3656.5
6526,2023/03/08,1930,1994,1902,1922,7042.5
6526,2023/03/09,1970,2018,1956,1978,8141.5
6526,2023/03/10,2000,2036,1986,2008,6927
6526,2023/03/13,2016,2052,1978,2050,6229.5
6526,2023/03/14,2040,2048,1978,1988,7176.00048828125
6526,2023/03/15,2018,2022,1942,1956,4807
6526,2023/03/16,1928,1980,1882,1960,4832
6526,2023/03/17,1990,2078,1984,2078,6471.00048828125
6526,2023/03/20,2100,2104,1966,1976,5910.5
6526,2023/03/22,1996,2022,1984,2000,3043.5
6526,2023/03/23,1998,2074,1984,2064,4724.5
6526,2023/03/24,2054,2060,1962,1972,6680.5
6526,2023/03/27,1942,1966,1906,1956,5171.00048828125
6526,2023/03/28,1940,1950,1912,1938,2876.5
6526,2023/03/29,1914,1956,1896,1956,3140
6526,2023/03/30,1936,1994,1914,1922,4864.5
6526,2023/03/31,1960,1974,1920,1946,4004.5
6526,2023/04/03,1956,1980,1936,1976,3290
6526,2023/04/04,1960,1962,1842,1848,8076.5
6526,2023/04/05,1790,1874,1762,1858,5581.00048828125
6526,2023/04/06,1828,1880,1822,1846,3204
6526,2023/04/07,1840,1858,1790,1814,3366
6526,2023/04/10,1828,1870,1818,1862,2959.5
6526,2023/04/11,1904,1934,1884,1934,3835
6526,2023/04/12,1910,1938,1878,1934,3184.5
6526,2023/04/13,1920,1944,1904,1918,2221.5
6526,2023/04/14,1930,1952,1896,1948,2779.5
6526,2023/04/17,1960,1980,1938,1978,3216.5
6526,2023/04/18,2022,2136,2018,2096,13382.5
6526,2023/04/19,2100,2218,2098,2194,10100
6526,2023/04/20,2208,2338,2176,2314,10999
6526,2023/04/21,2300,2324,2230,2276,7309
6526,2023/04/24,2310,2324,2234,2246,4108.5
6526,2023/04/25,2250,2286,2182,2194,5303
6526,2023/04/26,2160,2198,2134,2174,3814.5
6526,2023/04/27,2170,2256,2130,2244,8421
6526,2023/04/28,2280,2288,2202,2252,6070
6526,2023/05/01,2262,2346,2094,2168,10426.5
6526,2023/05/02,2172,2264,2144,2258,6008.50048828125
6526,2023/05/08,2280,2416,2280,2414,10492.5
6526,2023/05/09,2420,2428,2354,2364,4897.5
6526,2023/05/10,2410,2418,2310,2330,4397.5
6526,2023/05/11,2344,2362,2276,2296,4221.5
6526,2023/05/12,2276,2328,2250,2288,4348
6526,2023/05/15,2308,2364,2294,2362,3580.50024414063
6526,2023/05/16,2398,2426,2372,2408,4905.5
6526,2023/05/17,2348,2464,2342,2418,8078
6526,2023/05/18,2494,2538,2432,2500,8732
6526,2023/05/19,2536,2540,2480,2526,5304.5
6526,2023/05/22,2526,2656,2514,2652,7310.5
6526,2023/05/23,2698,2706,2624,2632,9001.5
6526,2023/05/24,2596,2820,2586,2780,12980
6526,2023/05/25,2862,2936,2850,2906,11452.5
6526,2023/05/26,2980,3008,2916,2928,9379.5
6526,2023/05/29,3076,3224,3072,3110,13453
6526,2023/05/30,3100,3424,3056,3416,16631
6526,2023/05/31,3384,3520,3204,3352,37003
6526,2023/06/01,3272,3668,3262,3638,27496
6526,2023/06/02,3700,3742,3504,3544,23337.5
6526,2023/06/05,3600,3796,3550,3746,19736
6526,2023/06/06,3734,3854,3684,3780,19337.5
6526,2023/06/07,3810,3818,3560,3618,17473.5
6526,2023/06/08,3556,3672,3516,3574,14351.5
6526,2023/06/09,3686,3998,3662,3998,23886.501953125
6526,2023/06/12,4026,4184,3994,4176,25479.001953125
6526,2023/06/13,4410,4768,4382,4724,30107
6526,2023/06/14,5000,5008,4420,4708,38728.5
6526,2023/06/15,4646,5164,4626,5082,38071
6526,2023/06/16,5140,5184,4744,4840,36825
6526,2023/06/19,4620,4960,4590,4848,23841.501953125
6526,2023/06/20,4812,5396,4810,5366,40057.5
6526,2023/06/21,5358,5666,5356,5544,29481
6526,2023/06/22,5360,5470,4544,4544,32685.5
6526,2023/06/23,4444,4864,4044,4498,50737.5
6526,2023/06/26,4410,4412,3766,4038,40493.5
6526,2023/06/27,4040,4188,3822,3892,27485.5
6526,2023/06/28,4084,4234,4006,4060,31823.5
6526,2023/06/29,4160,4326,4092,4224,26454.5
6526,2023/06/30,4208,4210,4040,4174,18470.5
6526,2023/07/03,4328,4524,4308,4360,21927
6526,2023/07/04,4294,4440,4262,4440,14812.5
6526,2023/07/05,4432,4486,4340,4390,13224.5009765625
6526,2023/07/06,3390,3390,3390,3390,689
6526,2023/07/07,3000,3648,2928,3496,64433.00390625
6526,2023/07/10,3492,3648,3202,3294,31478
6526,2023/07/11,3374,3400,3050,3056,32059.001953125
6526,2023/07/12,3000,3188,2994,3000,45560
6526,2023/07/13,3060,3324,3026,3202,48173.5
6526,2023/07/14,3320,3374,3104,3104,45021
6526,2023/07/18,3200,3234,2956,3018,31272.5
6526,2023/07/19,3046,3090,2970,3018,14997.5
6526,2023/07/20,2982,2998,2872,2958,19944.5
6526,2023/07/21,2876,2906,2822,2848,12900
6526,2023/07/24,2888,2964,2828,2920,13130
6526,2023/07/25,2946,3132,2892,3104,18844.5
6526,2023/07/26,3136,3190,3072,3134,18660
6526,2023/07/27,3054,3140,3036,3140,10673.5
6526,2023/07/28,3110,3214,2994,3074,17733.5
6526,2023/07/31,3262,3546,3226,3364,46962
6526,2023/08/01,3468,3868,3356,3812,60596.5
6526,2023/08/02,3810,3872,3640,3726,38656
6526,2023/08/03,3624,3804,3546,3732,32751.501953125
6526,2023/08/04,3750,3896,3634,3660,33029.5
6526,2023/08/07,3624,3672,3570,3630,16860
6526,2023/08/08,3674,3700,3458,3482,19766.5
6526,2023/08/09,3402,3574,3386,3550,14848
6526,2023/08/10,3442,3466,3366,3420,15327.5
6526,2023/08/14,3390,3434,3312,3334,9379
6526,2023/08/15,3436,3516,3322,3324,16289.5009765625
6526,2023/08/16,3288,3344,3236,3314,10939
6526,2023/08/17,3262,3270,3196,3224,10459
6526,2023/08/18,3160,3324,3136,3274,13706.5
6526,2023/08/21,3272,3388,3236,3358,10533.5
6526,2023/08/22,3464,3498,3392,3460,14038.5
6526,2023/08/23,3404,3538,3384,3500,10365
6526,2023/08/24,3614,3638,3412,3418,17712
6526,2023/08/25,3338,3368,3210,3236,13113.5
6526,2023/08/28,3278,3438,3244,3400,13466
6526,2023/08/29,3424,3448,3360,3386,9080
6526,2023/08/30,3466,3504,3408,3492,11413.5
6526,2023/08/31,3470,3626,3460,3610,14397.5
6526,2023/09/01,3592,3596,3504,3514,10280
6526,2023/09/04,3530,3534,3468,3472,6962
6526,2023/09/05,3342,3346,3228,3274,17257
6526,2023/09/06,3338,3380,3256,3262,12463.5
6526,2023/09/07,3240,3248,3136,3156,11142.0009765625
6526,2023/09/08,3142,3186,3128,3156,7103.50048828125
6526,2023/09/11,3132,3172,3074,3098,7011.00048828125
6526,2023/09/12,3142,3150,3032,3058,7312.5
6526,2023/09/13,3020,3144,3016,3080,6452
6526,2023/09/14,3160,3214,3138,3182,7207.5
6526,2023/09/15,3202,3202,3080,3102,9780
6526,2023/09/19,3044,3070,2940,2966,9278.5
6526,2023/09/20,2960,3026,2952,3022,6717
6526,2023/09/21,2952,2978,2926,2938,5201.5
6526,2023/09/22,2886,2952,2846,2920,7267.5
6526,2023/09/25,2938,2960,2884,2944,5602.5
6526,2023/09/26,2940,2958,2860,2876,4812.5
6526,2023/09/27,2850,2902,2834,2872,4091
6526,2023/09/28,2884,2956,2866,2928,5477.5
6526,2023/09/29,2976,3028,2938,2956,7043
6526,2023/10/02,2974,2998,2910,2918,5764
6526,2023/10/03,2930,2954,2850,2860,4604.5
6526,2023/10/04,2780,2780,2696,2696,9026.5
6526,2023/10/05,2750,2828,2722,2804,6334.5
6526,2023/10/06,2792,2814,2722,2726,5425.5
6526,2023/10/10,2752,2830,2738,2808,4517.5
6526,2023/10/11,2852,2870,2802,2806,3731
6526,2023/10/12,2866,3036,2840,3018,9684
6526,2023/10/13,2982,2998,2900,2904,6409.5
6526,2023/10/16,2784,2806,2724,2766,6580.5
6526,2023/10/17,2870,2882,2810,2822,4306.5
6526,2023/10/18,2782,3260,2776,3182,32586.501953125
6526,2023/10/19,3060,3080,2948,2976,19597.5
6526,2023/10/20,2898,2990,2894,2966,9030
6526,2023/10/23,2946,2980,2846,2862,7068.50048828125
6526,2023/10/24,2960,3008,2860,2954,11980
6526,2023/10/25,3024,3108,3006,3016,12618
6526,2023/10/26,2900,3036,2900,2940,8786.5
6526,2023/10/27,2964,2990,2902,2978,6936.5
6526,2023/10/30,2950,3016,2926,2946,5015.5
6526,2023/10/31,2943,2964,2843,2884,10251.5
6526,2023/11/01,2791,2954,2687,2696,27070.5
6526,2023/11/02,2742,2896,2706,2878,22058
6526,2023/11/06,2964,2984,2846,2863,14108.5
6526,2023/11/07,2848,2874,2796,2804,7648.50048828125
6526,2023/11/08,2850,2884,2770,2778,7740
6526,2023/11/09,2800,2859,2764,2764,7474
6526,2023/11/10,2736,2778,2677,2767,9586.5
6526,2023/11/13,2836,2863,2772,2798,8232
6526,2023/11/14,2796,2812,2746,2748,6533
6526,2023/11/15,2805,2880,2804,2837,10079
6526,2023/11/16,2824,2868,2799,2811,4784.5
6526,2023/11/17,2810,2971,2788,2961,12455
6526,2023/11/20,2990,2991,2886,2918,8327.5
6526,2023/11/21,2949,2969,2872,2965,9292.5
6526,2023/11/22,2916,2924,2852,2855,9991
6526,2023/11/24,2870,2870,2760,2761,10126
6526,2023/11/27,2777,2788,2750,2750,4869
6526,2023/11/28,2756,2756,2678,2680,8287.5
6526,2023/11/29,2655,2689,2626,2638,6984
6526,2023/11/30,2622,2650,2597,2650,6964
6526,2023/12/01,2629,2631,2495,2513,13676
6526,2023/12/04,2482,2540,2444,2477,9943
6526,2023/12/05,2440,2459,2400,2409,8128
6526,2023/12/06,2427,2544,2421,2523,8712.5
6526,2023/12/07,2450,2484,2433,2460,4968
6526,2023/12/08,2442,2494,2409,2444,6935
6526,2023/12/11,2500,2523,2434,2453,4790.5
6526,2023/12/12,2482,2486,2364,2381,8591.5
6526,2023/12/13,2400,2434,2389,2397,8707.5
6526,2023/12/14,2418,2433,2271,2275,12257.0009765625
6526,2023/12/15,2256,2276,2198,2228,13868
6526,2023/12/18,2235,2306,2189,2292,8301
6526,2023/12/19,2300,2347,2267,2328,7218
6526,2023/12/20,2342,2445,2301,2368,11006
6526,2023/12/21,2297,2305,2237,2302,9898
6526,2023/12/22,2321,2333,2241,2241,7372.5
6526,2023/12/25,2266,2312,2242,2276,6673
6526,2023/12/26,2316,2418,2305,2325,9091.5
6526,2023/12/27,2445,2515,2408,2470,16540.5
6526,2023/12/28,2507.5,2508.5,2400,2422,8107.5
6526,2023/12/29,2408,2650,2390,2560,24048.5
6526,2024/01/04,2500,2737,2415,2735,27151.80078125
6526,2024/01/05,2729,2835,2651,2659.5,25680.900390625
6526,2024/01/09,2759.5,2829,2730,2774.5,20219.701171875
6526,2024/01/10,2802.5,2888,2750,2797.5,20710.30078125
6526,2024/01/11,2844.5,2845,2726.5,2759.5,13016.7001953125
6526,2024/01/12,2744.5,2767.5,2663,2734.5,9617.400390625
6526,2024/01/15,2705,2817.5,2668,2817.5,9198
6526,2024/01/16,2820.5,2933,2775,2877,18759.5
6526,2024/01/17,2940,2975,2825,2828,18039.80078125
6526,2024/01/18,2841,2944,2830.5,2930.5,16395.900390625
6526,2024/01/19,2995,3030,2911.5,2954.5,17747.5
6526,2024/01/22,3012,3192,2992,3158,30945.599609375
6526,2024/01/23,3180,3325,3128,3208,39018.80078125
6526,2024/01/24,3238,3385,3169,3381,28396.400390625
6526,2024/01/25,3451,3494,3377,3433,29086.099609375
6526,2024/01/26,3349,3473,3262,3294,23920.599609375
6526,2024/01/29,3300,3353,3188,3204,18374.30078125
6526,2024/01/30,3236,3298,3212,3231,13853.7001953125
6526,2024/01/31,3161,3432,3151,3432,37772.1015625
6526,2024/02/01,3403,3475,3360,3425,19595.5
6526,2024/02/02,3469,3779,3449,3713,43987.80078125
6526,2024/02/05,3826,3883,3640,3698,29192
6526,2024/02/06,3712,3784,3654,3755,19704.5
6526,2024/02/07,3715,3731,3658,3673,12887.1005859375
6526,2024/02/08,3739,3754,3617,3629,17282.900390625
6526,2024/02/09,3600,3648,3470,3577,21727
6526,2024/02/13,3660,3775,3630,3768,22317.201171875
6526,2024/02/14,3698,3909,3668,3900,23324
6526,2024/02/15,3950,4054,3941,3989,27592
6526,2024/02/16,4065,4381,3856,3998,49147.5
6526,2024/02/19,3928,4018,3822,3842,16595.5
6526,2024/02/20,3810,3881,3780,3811,12464.2998046875
6526,2024/02/21,3741,3923,3706,3847,14024
6526,2024/02/22,4127,4137,3851,4056,30400.099609375
6526,2024/02/26,4100,4105,3974,3988,16225.400390625
6526,2024/02/27,3979,4010,3893,3954,10664
6526,2024/02/28,3901,3974,3873,3879,8000.39990234375
6526,2024/02/29,3809,3881,3755,3843,9065.2998046875
6526,2024/03/01,3880,3955,3804,3855,16577.201171875
6526,2024/03/04,3899,4035,3878,3979,18936.5
6526,2024/03/05,4049,4063,3889,4000,24946.201171875
6526,2024/03/06,3913,3962,3885,3942,12321
6526,2024/03/07,3962,4088,3836,3952,21589.400390625
6526,2024/03/08,3964,4159,3836,3836,28413.201171875
6526,2024/03/11,3640,3752,3601,3645,13304.1005859375
6526,2024/03/12,3580,3810,3570,3717,11092.2001953125
6526,2024/03/13,3810,3855,3711,3715,10074.2998046875
6526,2024/03/14,3677,3690,3501,3613,13634.400390625
6526,2024/03/15,3576,3659,3528,3611,8086.60009765625
6526,2024/03/18,3629,3909,3582,3905,13108.2001953125
6526,2024/03/19,3835,3957,3811,3937,11576.900390625
6526,2024/03/21,4000,4036,3930,3995,16457.099609375
6526,2024/03/22,4000,4147,3950,4034,19055.5
6526,2024/03/25,4085,4250,4065,4184,24263.900390625
6526,2024/03/26,4130,4409,4080,4401,19402.80078125
6526,2024/03/27,4380,4525,4242,4277,23259.099609375
6526,2024/03/28,4233,4277,4082,4102,13875.6005859375
6526,2024/03/29,4172,4312,4115,4240,38905.80078125
6526,2024/04/01,4282,4293,4040,4092,16215.2998046875
6526,2024/04/02,4108,4140,4047,4097,8300.7998046875
6526,2024/04/03,3957,4071,3881,3989,12261.900390625
6526,2024/04/04,4270,4689,4235,4689,48919.80078125
6526,2024/04/05,4669,4684,4302,4620,49522.5
6526,2024/04/08,4840,5034,4739,4952,54668.30078125
6526,2024/04/09,4883,5059,4812,4968,40058
6526,2024/04/10,4948,5141,4909,4960,37394.40234375
6526,2024/04/11,4910,5174,4823,5165,39410.5
6526,2024/04/12,5250,5250,5077,5126,26442.400390625
6526,2024/04/15,5050,5109,4878,4927,26376.599609375
6526,2024/04/16,4797,4870,4610,4612,31190.099609375
6526,2024/04/17,4682,4729,4506,4511,24338.400390625
6526,2024/04/18,4371,4613,4351,4513,34246.90234375
6526,2024/04/19,4373,4410,4023,4214,41955.5
6526,2024/04/22,4090,4146,3935,4108,33076.40234375
6526,2024/04/23,4223,4249,3864,3955,44782.69921875
6526,2024/04/24,4094,4143,3973,4125,31866.5
6526,2024/04/25,4050,4051,3946,3994,18320.201171875
6526,2024/04/26,4064,4349,4030,4307,37913.1015625
6526,2024/04/30,4242,4699,4077,4691,76935.8984375
6526,2024/05/01,4621,4795,4542,4682,50659.6015625
6526,2024/05/02,4616,4769,4558,4707,38226.90234375
6526,2024/05/07,4794,4797,4615,4709,33250.19921875
6526,2024/05/08,4690,4849,4675,4700,32610.80078125
6526,2024/05/09,4662,4703,4477,4483,27280.701171875
6526,2024/05/10,4495,4546,4391,4440,24209.5
6526,2024/05/13,4406,4529,4390,4512,19651.701171875
6526,2024/05/14,4486,4570,4360,4409,21821.201171875
6526,2024/05/15,4469,4546,4440,4478,19114.599609375
6526,2024/05/16,4572,4573,4430,4430,20738.599609375
6526,2024/05/17,4411,4461,4303,4314,15939
6526,2024/05/20,4310,4700,4308,4600,41301.40234375
6526,2024/05/21,4576,4620,4428,4432,23736.701171875
6526,2024/05/22,4405,4421,4256,4414,23319.400390625
6526,2024/05/23,4554,4614,4442,4580,35744.40234375
6526,2024/05/24,4475,4481,4275,4294,25998.80078125
6526,2024/05/27,4322,4571,4298,4553,31955.599609375
6526,2024/05/28,4524,4677,4515,4645,29482.900390625
6526,2024/05/29,4685,4737,4470,4473,27046.900390625
6526,2024/05/30,4401,4473,4278,4425,28724.099609375
6526,2024/05/31,4381,4587,4348,4578,26773.599609375
6526,2024/06/03,4535,4546,4320,4345,24773.701171875
6526,2024/06/04,4340,4391,4303,4313,14439.1005859375
6526,2024/06/05,4292,4334,4203,4205,16972.30078125
6526,2024/06/06,4345,4386,4110,4131,20962.599609375
6526,2024/06/07,4112,4159,4051,4122,15326.2998046875
6526,2024/06/10,4126,4331,4116,4257,18605.099609375
6526,2024/06/11,4268,4315,4227,4238,11748.2998046875
6526,2024/06/12,4200,4310,4193,4216,11190
6526,2024/06/13,4245,4270,4111,4114,13305.2998046875
6526,2024/06/14,4126,4216,4100,4167,10467.2001953125
6526,2024/06/17,4123,4140,4005,4030,10523
6526,2024/06/18,4066,4084,3927,3933,12242
6526,2024/06/19,3963,3964,3818,3818,13325.900390625
6526,2024/06/20,3807,3867,3784,3861,14126.7998046875
6526,2024/06/21,3805,3889,3775,3816,10541.2998046875
6526,2024/06/24,3810,3925,3788,3851,11922.2998046875
6526,2024/06/25,3815,3871,3788,3871,8358.6005859375
6526,2024/06/26,3930,3947,3791,3850,14871.5
6526,2024/06/27,3820,3900,3791,3803,10796.6005859375
6526,2024/06/28,3827,3885,3795,3809,8724.400390625
6526,2024/07/01,3848,3959,3840,3849,13925.7001953125
6526,2024/07/02,3825,3839,3703,3780,15044.6005859375
6526,2024/07/03,3800,3837,3743,3837,9708
6526,2024/07/04,3890,3973,3861,3861,11183.1005859375
6526,2024/07/05,3840,3964,3837,3921,10891.5
6526,2024/07/08,3948,3949,3877,3914,7364.5
6526,2024/07/09,3914,3925,3814,3852,11361.7001953125
6526,2024/07/10,3827,3850,3721,3811,9240.900390625
6526,2024/07/11,3862,4049,3833,4024,19397.30078125
6526,2024/07/12,3901,3986,3870,3886,12959.900390625
6526,2024/07/16,3890,3928,3812,3907,8371.1005859375
6526,2024/07/17,3898,3914,3800,3811,9914.7998046875
6526,2024/07/18,3600,3664,3505,3509,12231
6526,2024/07/19,3501,3553,3429,3435,10156.2998046875
6526,2024/07/22,3369,3410,3236,3241,11208
6526,2024/07/23,3337,3348,3210,3252,9040.7001953125
6526,2024/07/24,3212,3251,3168,3207,9617.2998046875
6526,2024/07/25,3080,3135,2998.5,3072,15122
6526,2024/07/26,3072,3082,3003,3005,7872.80029296875
6526,2024/07/29,3070,3095,3032,3091,6913.60009765625
6526,2024/07/30,3060,3062,2962,3026,10421.7001953125
6526,2024/07/31,2920,3111,2913.5,3078,11660.7998046875
6526,2024/08/01,3218,3349,3071,3222,25418.099609375
6526,2024/08/02,2981.5,2983.5,2773,2810.5,12804.1005859375
6526,2024/08/05,2460.5,2595,2310.5,2310.5,18295.099609375
6526,2024/08/06,2610.5,2658.5,2466.5,2561,18930.099609375
6526,2024/08/07,2477,2834,2462.5,2766,19565.201171875
6526,2024/08/08,2666,2718.5,2607.5,2626,12644.400390625
6526,2024/08/09,2693,2730,2520.5,2590,14923.7998046875
6526,2024/08/13,2669.5,2775.5,2664,2749,10260.900390625
6526,2024/08/14,2828,2947.5,2791.5,2922,18259.701171875
6526,2024/08/15,2911.5,3170,2892,3152,18859.5
6526,2024/08/16,3244,3314,3148,3301,18736.900390625
6526,2024/08/19,3247,3288,3146,3186,11737.900390625
6526,2024/08/20,3239,3282,3208,3252,8061.5
6526,2024/08/21,3177,3262,3164,3223,7562.2001953125
6526,2024/08/22,3242,3309,3202,3214,8001.80029296875
6526,2024/08/23,3169,3194,3110,3157,6422.30029296875
6526,2024/08/26,3119,3135,3081,3110,4604
6526,2024/08/27,3073,3162,3073,3147,4905
6526,2024/08/28,3147,3187,3128,3178,4400.10009765625
6526,2024/08/29,3080,3174,3055,3142,5053.39990234375
6526,2024/08/30,3148,3238,3137,3233,6499.39990234375
6526,2024/09/02,3310,3338,3185,3185,5569.2001953125
6526,2024/09/03,3198,3203,3073,3122,5798.5
6526,2024/09/04,2920,2923,2812,2837.5,13333.2001953125
6526,2024/09/05,2807,2869,2771.5,2797.5,8664.2001953125
6526,2024/09/06,2839,2872,2770.5,2802,6678.30029296875
6526,2024/09/09,2602,2735.5,2592,2727.5,9332.900390625
6526,2024/09/10,2738.5,2814.5,2690,2755,7775.39990234375
6526,2024/09/11,2735,2826.5,2697,2740,8892.2998046875
6526,2024/09/12,2864,2925.5,2822,2883,8047.60009765625
6526,2024/09/13,2884.5,2998.5,2874.5,2883.5,10451
6526,2024/09/17,2833.5,2868.5,2743.5,2781,7030.30029296875
6526,2024/09/18,2830,2830,2732,2738.5,7274
6526,2024/09/19,2780,2839,2758,2805,8373.6005859375
6526,2024/09/20,2881.5,2982,2879,2956,9351.1005859375
6526,2024/09/24,2980,3004,2853,2888.5,8152.89990234375
6526,2024/09/25,2880,2915,2825,2879,7294.30029296875
6526,2024/09/26,2929,3027,2917.5,3017,7815.39990234375
6526,2024/09/27,3069,3108,2985,3098,9295.7998046875
6526,2024/09/30,2911,2985,2835,2836,9011.1005859375
6526,2024/10/01,2883.5,2961.5,2876,2913,7449.60009765625
6526,2024/10/02,2820,2844.5,2771,2787.5,6379.89990234375
6526,2024/10/03,2871,2918.5,2860,2903.5,5886.30029296875
6526,2024/10/04,2908,2923,2866,2884,3867.10009765625
6526,2024/10/07,2969,3000,2867.5,2868,5369.60009765625
6526,2024/10/08,2856,2863,2791.5,2828,4438.2001953125
6526,2024/10/09,2870,2880.5,2832.5,2868,5178.60009765625
6526,2024/10/10,2916,2916,2827.5,2830.5,4926.2001953125
6526,2024/10/11,2834,2849.5,2792.5,2803.5,3943.80004882813
6526,2024/10/15,2850,3017,2850,2976,9322.7001953125
6526,2024/10/16,2826,2874.5,2792,2868.5,7015
6526,2024/10/17,2839.5,2880,2800.5,2826,5567.39990234375
6526,2024/10/18,2880,2918,2828.5,2882,7820.39990234375
6526,2024/10/21,2932,2980,2853.5,2962,7213.10009765625
6526,2024/10/22,2921,2956,2858,2874,6587.7001953125
6526,2024/10/23,2844,2890.5,2760.5,2769,7968.30029296875
6526,2024/10/24,2721.5,2788.5,2715,2751.5,5566.80029296875
6526,2024/10/25,2724,2745,2697,2731,4710.39990234375
6526,2024/10/28,2731,2872.5,2714.5,2854,6275.89990234375
6526,2024/10/29,2816,2885,2816,2858,4141.10009765625
6526,2024/10/30,2890.5,2963,2877,2949.5,11442.7001953125
6526,2024/10/31,2946.5,2961,2877,2922,6705.39990234375
6526,2024/11/01,2630,2670.5,2462,2485.5,19619.599609375
6526,2024/11/05,2486,2529,2441.5,2480.5,8212.900390625
6526,2024/11/06,2490,2605,2470,2602,10046.1005859375
6526,2024/11/07,2638,2705,2552,2656,10151.7998046875
6526,2024/11/08,2700,2721.5,2650.5,2699.5,6543.30029296875
6526,2024/11/11,2649.5,2677.5,2526.5,2560,8804
6526,2024/11/12,2571,2637,2552,2577,7702.10009765625
6526,2024/11/13,2580,2585,2518,2544.5,4400.80029296875
6526,2024/11/14,2535,2554,2439,2447,5566.10009765625
6526,2024/11/15,2448.5,2484.5,2414.5,2414.5,5483.7001953125
6526,2024/11/18,2370,2467,2335.5,2346,7184.30029296875
6526,2024/11/19,2380,2422,2358.5,2403,6518.39990234375
6526,2024/11/20,2403,2457.5,2403,2426.5,4678.39990234375
6526,2024/11/21,2397,2425,2329,2358,5591.5
6526,2024/11/22,2363,2395,2346.5,2360,4427.39990234375
6526,2024/11/25,2382,2416.5,2368,2393.5,4229.7001953125
6526,2024/11/26,2384.5,2395,2295,2339.5,4849.89990234375
6526,2024/11/27,2315.5,2352.5,2284,2343,4309.2001953125
6526,2024/11/28,2310,2494.5,2294,2450,10984.2001953125
6526,2024/11/29,2419,2458,2366,2414.5,5178
6526,2024/12/02,2437.5,2488,2406.5,2479,5615.2001953125
6526,2024/12/03,2500,2520,2435.5,2451,7485.60009765625
6526,2024/12/04,2462,2489,2404.5,2429,4267
6526,2024/12/05,2479,2504,2423,2448,4323.89990234375
6526,2024/12/06,2425,2488.5,2373,2470,6482.7001953125
6526,2024/12/09,2489.5,2502,2439,2490,4523.10009765625
6526,2024/12/10,2497.5,2537.5,2476,2520,5317
6526,2024/12/11,2493,2565.5,2468.5,2556,4372.5
6526,2024/12/12,2638.5,2665,2561.5,2561.5,6643.5
6526,2024/12/13,2575,2628,2565,2606,6253.60009765625
6526,2024/12/16,2634.5,2870,2603.5,2817,21673.099609375
6526,2024/12/17,2850,2943,2840.5,2905,17263.80078125
6526,2024/12/18,2848.5,2924.5,2808.5,2860.5,10563.5
6526,2024/12/19,2710.5,2794.5,2710,2762.5,8333.900390625
6526,2024/12/20,2789,2798,2643.5,2643.5,8501.2001953125
6526,2024/12/23,2694,2723.5,2668.5,2697,5588.80029296875
6526,2024/12/24,2718.5,2722,2628,2630,4951.10009765625
6526,2024/12/25,2653,2675.5,2573.5,2594,3413.69995117188
6526,2024/12/26,2570,2588,2537,2537,4787.30029296875
6526,2024/12/27,2587,2728.5,2581,2654,10928.2998046875
6526,2024/12/30,2612.5,2627.5,2513,2530.5,7327.89990234375
6526,2025/01/06,2580.5,2626,2554,2573.5,6532.5
6526,2025/01/07,2670,2788.5,2635,2716.5,9858.2001953125
6526,2025/01/08,2675,2799,2653,2796.5,7671.80029296875
6526,2025/01/09,2781,2810,2718,2766,7268.5
6526,2025/01/10,2761.5,2818,2724,2734,6463
6526,2025/01/14,2699,2700,2563,2606,6427.5
6526,2025/01/15,2620.5,2626.5,2515,2519.5,4604.39990234375
6526,2025/01/16,2570,2591,2515.5,2555,4382
6526,2025/01/17,2523.5,2553,2467.5,2502,5001.10009765625
6526,2025/01/20,2521,2582.5,2490.5,2577,4699.80029296875
6526,2025/01/21,2600,2664,2551.5,2651.5,5297.2001953125
6526,2025/01/22,2687.5,2710,2637.5,2710,6247.2001953125
6526,2025/01/23,2750,2772.5,2689,2708.5,5765.89990234375
6526,2025/01/24,2720,2754.5,2623.5,2623.5,6288.30029296875
6526,2025/01/27,2621,2632.5,2565,2584.5,3904.5
6526,2025/01/28,2434.5,2492,2402.5,2411.5,7698.30029296875
6526,2025/01/29,2457,2457,2376,2427,4805.5
6526,2025/01/30,2423,2465.5,2405,2447,4309.7001953125
6526,2025/01/31,2465,2468,2408.5,2435.5,4639.60009765625
6526,2025/02/03,2185.5,2186,2045,2051,15876.6005859375
6526,2025/02/04,2057,2256.5,2056.5,2154,16242.1005859375
6526,2025/02/05,2170,2179.5,2053,2078,9805.2998046875
6526,2025/02/06,2100,2138,2074,2106,6825.60009765625
6526,2025/02/07,2081,2140,2079.5,2122.5,4867.30029296875
6526,2025/02/10,2102,2136.5,2074.5,2125.5,4272.80029296875
6526,2025/02/12,2097,2108.5,2028,2055.5,6448.89990234375
6526,2025/02/13,2072.5,2109.5,2060.5,2064,4966
6526,2025/02/14,2064,2087,2035,2041.5,4101.80029296875
6526,2025/02/17,2045,2049,1997,1997,3350.5
6526,2025/02/18,1997,2054.5,1993.5,2020,3730.60009765625
6526,2025/02/19,2015,2027,1981,2025,3923.80004882813
6526,2025/02/20,2010,2096.5,2010,2088.5,5784.7001953125
6526,2025/02/21,2083,2105.5,2066,2069,3679.40014648438
6526,2025/02/25,2004,2068,1984,2024,3921.80004882813
6526,2025/02/26,2000,2059,1995.5,2041,4207.2001953125
6526,2025/02/27,2080,2323,2077.5,2300,22536.900390625
6526,2025/02/28,2200,2241.5,2115.5,2154,15424.400390625
6526,2025/03/03,2207.5,2212,2082,2082.5,8350.7998046875
6526,2025/03/04,2032.5,2046.5,1922.5,1992,11462.7001953125
6526,2025/03/05,2007.5,2153.5,2007,2109,11742.7998046875
6526,2025/03/06,2135,2153,2078.5,2103,6416.89990234375
6526,2025/03/07,2063,2107,2025.5,2035.5,6030.5
6526,2025/03/10,2046.5,2115,2034.5,2081.5,6143.2001953125
6526,2025/03/11,2025,2071,1979,2066.5,7397.7001953125
6526,2025/03/12,2065,2079.5,2007.5,2014,5781.7001953125
6526,2025/03/13,2061.5,2099,2007,2007,6683.39990234375
6526,2025/03/14,2015,2047,1998,2035,4805.10009765625
6526,2025/03/17,2085,2105,2060.5,2068.5,4009.40014648438
6526,2025/03/18,2101.5,2198,2100,2179.5,7174.2001953125
6526,2025/03/19,2164,2179,2108.5,2111,4279
6526,2025/03/21,2092,2092,2052.5,2068,3768.60009765625
6526,2025/03/24,2070.5,2075,2043.5,2054,2299
6526,2025/03/25,2091,2091.5,2033,2038.5,2953.90014648438
6526,2025/03/26,2062,2090,2028,2039.5,4015.80004882813
6526,2025/03/27,2015,2050,2005.5,2020,4357.60009765625
6526,2025/03/28,1996.5,2018,1938,1957.5,5246.60009765625
6526,2025/03/31,1878.5,1882.5,1782,1784.5,8447.7001953125
6526,2025/04/01,1776,1786.5,1756,1768,4004
6526,2025/04/02,1783,1787.5,1748,1768.5,3375.10009765625
6526,2025/04/03,1618,1704.5,1618,1673.5,5305.10009765625
6526,2025/04/04,1616,1625.5,1516.5,1555.5,6462.39990234375
6526,2025/04/07,1235.5,1385.5,1233.5,1316,6365.80029296875
6526,2025/04/08,1431,1514,1430,1469.5,5865.10009765625
6526,2025/04/09,1398.5,1414,1358.5,1393,5859.5
6526,2025/04/10,1593,1598.5,1546,1586.5,5947.80029296875
6526,2025/04/11,1472,1555.5,1461.5,1536,5917.80029296875
6526,2025/04/14,1594.5,1601.5,1535,1535,3924.80004882813
6526,2025/04/15,1543,1554.5,1513.5,1522,3546.10009765625
6526,2025/04/16,1490,1504,1402.5,1428.5,5773.10009765625
6526,2025/04/17,1430,1452,1415,1449.5,4303.60009765625
6526,2025/04/18,1450,1464,1429,1443,2647.30004882813
6526,2025/04/21,1428,1435,1406.5,1426.5,2620.90014648438
6526,2025/04/22,1422,1429,1403.5,1405,2176.19995117188
6526,2025/04/23,1450,1450,1407,1415.5,3950.90014648438
6526,2025/04/24,1470,1476,1438.5,1438.5,5153.39990234375
6526,2025/04/25,1485.5,1527,1471.5,1511,5834
6526,2025/04/28,1526,1535,1472.5,1485.5,5194.10009765625
6526,2025/04/30,1533,1600,1490.5,1532.5,15075.900390625
6526,2025/05/01,1546.5,1639.5,1540.5,1615,11643.900390625
6526,2025/05/02,1646.5,1691.5,1605,1607,11581.5
6526,2025/05/07,1598,1651,1591.5,1626,5952.80029296875
6526,2025/05/08,1660,1699,1629,1647,6161.10009765625
6526,2025/05/09,1687,1736,1659.5,1710,8136.2001953125
6526,2025/05/12,1747,1773.5,1720.5,1773.5,4524.80029296875
6526,2025/05/13,1862,1928,1850.5,1860,10642.7001953125
6526,2025/05/14,1900,1961.5,1896,1911.5,7762
6526,2025/05/15,1871.5,1937,1871,1873,4888.39990234375
6526,2025/05/16,1848,1851.5,1819,1829,4533.39990234375
6526,2025/05/19,1800.5,1839.5,1796.5,1808.5,3449.19995117188
6526,2025/05/20,1848.5,1898,1822,1822,5156
6526,2025/05/21,1890,1960,1890,1918,12262.5
6526,2025/05/22,1870,2066.5,1864,2029.5,19143.701171875
6526,2025/05/23,2000,2044,1959,1987.5,11555
6526,2025/05/26,2027.5,2081,1994.5,2061.5,9566.6005859375
6526,2025/05/27,2052.5,2070,2017,2064,6417.60009765625
6526,2025/05/28,2097.5,2190.5,2062,2161,12931.7001953125
6526,2025/05/29,2211,2226,2142.5,2163.5,10014.2998046875
6526,2025/05/30,2132,2177.5,2117,2143,7560
6526,2025/06/02,2100,2105,2050,2075,4890.30029296875
6526,2025/06/03,2101.5,2336,2100,2230.5,23616.900390625
6526,2025/06/04,2230,2236.5,2177,2230,12036.5
6526,2025/06/05,2262,2306,2226,2234,10328.2998046875
6526,2025/06/06,2235,2248,2165.5,2172.5,7442.60009765625
6526,2025/06/09,2205,2357,2197,2332,16000
6526,2025/06/10,2365,2379,2307,2318.5,13526.7998046875
6526,2025/06/11,2352,2463.5,2337,2463.5,16113.2998046875
6526,2025/06/12,2447.5,2572.5,2445.5,2502,25731.599609375
6526,2025/06/13,2504,2551.5,2415.5,2440.5,14991.5
6526,2025/06/16,2425,2557,2425,2492.5,16732.30078125
6526,2025/06/17,2519,2624.5,2502,2604.5,21696.80078125
6526,2025/06/18,2566.5,2621.5,2534.5,2593.5,14341.5
6526,2025/06/19,2603.5,2715,2588,2671.5,19057.201171875
6526,2025/06/20,2673,2849.5,2647.5,2683,30735.400390625
6526,2025/06/23,2601,2782,2559,2778,22562.400390625
6526,2025/06/24,2815,2818.5,2655,2744,28012.80078125
6526,2025/06/25,2785,2809,2703,2747.5,20095.701171875
6526,2025/06/26,2780,2861.5,2767,2795.5,23658.599609375
6526,2025/06/27,2828,2854,2755,2779.5,19185.099609375
6526,2025/06/30,2806,2889.5,2722.5,2776,29754.099609375
6526,2025/07/01,2722,2801.5,2661,2744.5,21879.599609375
6526,2025/07/02,2631,2723.5,2598,2672,21714.80078125
6526,2025/07/03,2709,2793,2687,2758,18255.599609375
6526,2025/07/04,2793.5,2796.5,2670,2678,15922
6526,2025/07/07,2678,2713,2616,2637,12926.400390625
6526,2025/07/08,2640.5,2705,2620,2640.5,15241.400390625
6526,2025/07/09,2669.5,2672,2526.5,2579,17994.701171875
6526,2025/07/10,2592.5,2679,2564.5,2669.5,18454.30078125
6526,2025/07/11,2694.5,2698.5,2591,2602.5,11887.400390625
6526,2025/07/14,2597,2614.5,2545,2575,11197.7001953125
6526,2025/07/15,2563.5,2605,2537,2600,11318.7001953125
6526,2025/07/16,2615,2631,2562.5,2564,11972.2001953125
6526,2025/07/17,2555,2793.5,2533,2728.5,23951.599609375
6526,2025/07/18,2698,2739,2659,2720.5,15516.900390625
6526,2025/07/22,2735,2767.5,2694,2755.5,11823.5
6526,2025/07/23,2800,2808.5,2673.5,2772.5,14128.5
6526,2025/07/24,2810,2899.5,2785,2851.5,19815
6526,2025/07/25,2856.5,2894,2813.5,2865.5,15018.900390625
6526,2025/07/28,2847.5,2918,2822.5,2909,12849.7998046875
6526,2025/07/29,2900,2909.5,2787,2808.5,15825.7001953125
6526,2025/07/30,2830,2876.5,2813,2850,10217.6005859375
6526,2025/07/31,2892,2946.5,2876,2905,15520.900390625
6526,2025/08/01,2680,2799,2513,2785.5,48251.1015625
6526,2025/08/04,2730.5,2941.5,2712,2919.5,39378.80078125
6526,2025/08/05,2930,3008,2828,2929.5,40064.1015625
6526,2025/08/06,2879.5,2916.5,2775.5,2775.5,22221.599609375
6526,2025/08/07,2725.5,2935,2718,2884,29563.5
6526,2025/08/08,2911,2924,2853.5,2911.5,17629.400390625
6526,2025/08/12,2950,3114,2927,3026,23027.701171875
6526,2025/08/13,3100,3228,3078,3217,20003.400390625
6526,2025/08/14,3131,3132,2940.5,2947,17751.900390625
6526,2025/08/15,2986,3035,2957,2969,16613.400390625
6526,2025/08/18,2982.5,2993,2903,2927,11119.7998046875
6526,2025/08/19,2940,3042,2924,3015,14964.400390625
6526,2025/08/20,2915,2920,2764,2794.5,15439.7998046875
6526,2025/08/21,2793,2814,2688,2690,14303.5
6526,2025/08/22,2700,2747,2640.5,2721,15645.2001953125
6526,2025/08/25,2786,2849.5,2766,2801,17999
6526,2025/08/26,2797.5,2881,2773,2843,18218.80078125
6526,2025/08/27,2859,2878,2825,2834,12252.2998046875
6526,2025/08/28,2804.5,2894.5,2778,2894,14410.2998046875
6526,2025/08/29,2919,3005,2870,2870,17476.400390625
6526,2025/09/01,2820,2820.5,2654,2688.5,17046
6526,2025/09/02,2706,2742,2650,2673,13569.1005859375
6526,2025/09/03,2630.5,2764,2628,2712,19036.5
6526,2025/09/04,2721,2735,2635.5,2680,16252.400390625
6526,2025/09/05,2730,2788,2601,2603,16052.7998046875
6526,2025/09/08,2653,2838,2641,2810.5,23674.599609375
6526,2025/09/09,2805,2833,2768,2786,16986.701171875
6526,2025/09/10,2811,2811,2745,2776,9755.400390625
6526,2025/09/11,2804,2813.5,2725.5,2786,14704.5
6526,2025/09/12,2836,2939,2801.5,2926,19585.5
6526,2025/09/16,3038,3134,2908,2987.5,25595.900390625
6526,2025/09/17,2987.5,3010,2822.5,2842.5,15383.900390625
6526,2025/09/18,2870,2870,2795,2836.5,16585.900390625
6526,2025/09/19,2897.5,2916,2692,2753.5,16981.900390625
6526,2025/09/22,2795,2986.5,2775,2957.5,21744.80078125
6526,2025/09/24,2969,3002,2810,2849.5,22953.599609375
6526,2025/09/25,2800,2919.5,2791,2890,13525.5
6526,2025/09/26,2875,2914.5,2803,2816,14501.400390625
6526,2025/09/29,2769,2840,2726,2804,12287.7001953125
6526,2025/09/30,2837,2914,2786,2790,17400.400390625
6526,2025/10/01,2840,2845,2720,2733,11893.5
6526,2025/10/02,2783,2825,2651.5,2671,14261.7001953125
6526,2025/10/03,2721,2778.5,2677,2699.5,15368.900390625
6526,2025/10/06,2818.5,2967.5,2802,2912,21066.599609375
6526,2025/10/07,2995,3012,2816,2834,14108.6005859375
6526,2025/10/08,2796.5,2936.5,2754,2880,13849.6005859375
6526,2025/10/09,2915,2959,2858,2886,10807.1005859375
6526,2025/10/10,2908,3024,2828.5,2873.5,19011
6526,2025/10/14,2823.5,2847,2692.5,2703.5,13857.6005859375
6526,2025/10/15,2693,2759.5,2667,2749.5,9739.1005859375
6526,2025/10/16,2815,3009,2807.5,2970,21803.5
6526,2025/10/17,2941,2975,2867,2905,13749.5
6526,2025/10/20,2951,2960,2879,2910,11464
6526,2025/10/21,2945,2989.5,2898,2917.5,12704.7998046875
6526,2025/10/22,2856,2954.5,2837,2954.5,9323.7001953125
6526,2025/10/23,2884,3038,2875,2883,14213.900390625
6526,2025/10/24,2920,2924,2826.5,2845,12478.400390625
6526,2025/10/27,2886,2952,2860,2925.5,12950
6526,2025/10/28,2923,2923,2828,2897.5,10683.2998046875
6526,2025/10/29,2937.5,2953,2888,2909,11162.2998046875
6526,2025/10/30,2920,3035,2914,2991,18221.701171875
6526,2025/10/31,3251,3491,3191,3491,32817.30078125
6526,2025/11/04,3071,3188,2791,2791,26881.201171875
6526,2025/11/05,2681,2681.5,2425,2445.5,29126
6526,2025/11/06,2461,2480,2311,2344.5,19969.701171875
6526,2025/11/07,2300,2386.5,2250,2375.5,18988.701171875
6526,2025/11/10,2369,2370,2300.5,2342,10399.1005859375
6526,2025/11/11,2368,2371.5,2301.5,2327,9119.2001953125
6526,2025/11/12,2305,2328.5,2271,2325,7727.89990234375
6526,2025/11/13,2311.5,2358,2287,2329.5,6812.2001953125
6526,2025/11/14,2241.5,2307.5,2228.5,2275,6569.5
6526,2025/11/17,2253,2275.5,2183,2205.5,8423.6005859375
6526,2025/11/18,2181,2204,2129,2129,7433.7001953125
6526,2025/11/19,2126,2133.5,2034,2126.5,8390.7001953125
6526,2025/11/20,2200,2218,2152,2184.5,8394.1005859375
6526,2025/11/21,2093,2132,2055,2073,7766.7001953125
6526,2025/11/25,2124.5,2124.5,2031,2053,6194.10009765625
6526,2025/11/26,2076,2217.5,2044.5,2208.5,9548
6526,2025/11/27,2245,2292.5,2220,2236.5,6943.10009765625
6526,2025/11/28,2255,2264.5,2204.5,2226,4961.60009765625
6526,2025/12/01,2280,2312,2188,2230,5577.2001953125
6526,2025/12/02,2239,2239,2138,2143,5759.39990234375
6526,2025/12/03,2184,2241,2170.5,2222.5,5515.7001953125
6526,2025/12/04,2239,2328,2198,2319,6823.30029296875
6526,2025/12/05,2300.5,2326.5,2281,2324.5,4243.7001953125
6526,2025/12/08,2320,2358.5,2285,2357.5,4271.89990234375
6526,2025/12/09,2344,2373.5,2327,2348,5331.89990234375
6526,2025/12/10,2353.5,2387.5,2310,2317.5,4604.2001953125
6526,2025/12/11,2365,2371,2281,2321.5,4199
6526,2025/12/12,2344,2344,2255.5,2290,5422.2001953125
6526,2025/12/15,2240,2249,2157.5,2200.5,6347.89990234375
6526,2025/12/16,2180,2216.5,2145,2149,4534.10009765625
6526,2025/12/17,2150,2164,2124.5,2160,3057.19995117188
6526,2025/12/18,2115.5,2150,2111.5,2132,2960.69995117188
6526,2025/12/19,2138.5,2144,2121,2137.5,3348.69995117188
6526,2025/12/22,2185,2207,2146,2193.5,4076.10009765625
6526,2025/12/23,2170,2187,2147.5,2187,3501.40014648438
6526,2025/12/24,2189,2218,2168,2199,5217.5
6526,2025/12/25,2200,2227.5,2196,2210,3052.30004882813
6526,2025/12/26,2219,2223,2191.5,2200.5,3485.60009765625
6526,2025/12/29,2205,2205,2169,2182.5,2983.60009765625
6526,2025/12/30,2162.5,2198.5,2159,2189.5,2571.5
