7337,2020/10/02,690,700,650,650,1645.80004882813
7337,2020/10/05,660,663,627,631,773.700012207031
7337,2020/10/06,621,624,603,605,1001.20001220703
7337,2020/10/07,602,608,584,599,827.200012207031
7337,2020/10/08,603,614,601,609,599.100036621094
7337,2020/10/09,612,617,605,613,328.600006103516
7337,2020/10/12,608,613,603,612,216.400009155273
7337,2020/10/13,610,612,598,612,369.300018310547
7337,2020/10/14,612,613,597,605,368.399993896484
7337,2020/10/15,601,603,596,598,383.5
7337,2020/10/16,602,602,594,598,299.600006103516
7337,2020/10/19,601,604,596,597,269.100006103516
7337,2020/10/20,594,595,584,585,308.700012207031
7337,2020/10/21,590,597,588,592,251.100006103516
7337,2020/10/22,592,592,579,579,309
7337,2020/10/23,579,588,571,585,323.899993896484
7337,2020/10/26,584,593,581,586,227.100006103516
7337,2020/10/27,584,584,573,579,287.5
7337,2020/10/28,574,575,560,569,356.5
7337,2020/10/29,564,575,563,571,183.300003051758
7337,2020/10/30,576,576,562,566,373.5
7337,2020/11/02,571,585,569,584,389.5
7337,2020/11/04,575,600,575,587,682.200012207031
7337,2020/11/05,587,587,559,564,1000.29998779297
7337,2020/11/06,570,579,565,576,397.600006103516
7337,2020/11/09,583,594,577,585,520.600036621094
7337,2020/11/10,603,603,583,588,728.5
7337,2020/11/11,603,612,591,606,793.900024414063
7337,2020/11/12,608,608,597,602,325.399993896484
7337,2020/11/13,601,602,593,598,294.700012207031
7337,2020/11/16,609,619,596,601,674
7337,2020/11/17,597,600,580,590,684.100036621094
7337,2020/11/18,589,592,580,580,498.700012207031
7337,2020/11/19,580,586,578,586,357.200012207031
7337,2020/11/20,582,591,581,589,272.5
7337,2020/11/24,614,614,599,600,609.600036621094
7337,2020/11/25,611,611,596,597,347.700012207031
7337,2020/11/26,600,603,596,600,558.299987792969
7337,2020/11/27,603,603,596,599,784.799987792969
7337,2020/11/30,599,603,581,581,956.600036621094
7337,2020/12/01,584,593,583,590,403.899993896484
7337,2020/12/02,598,604,593,600,750.799987792969
7337,2020/12/03,605,609,599,602,293.600006103516
7337,2020/12/04,600,602,595,597,332.600006103516
7337,2020/12/07,605,608,600,601,244.400009155273
7337,2020/12/08,600,605,598,599,241.900009155273
7337,2020/12/09,601,607,599,606,297.700012207031
7337,2020/12/10,606,611,596,596,350.700012207031
7337,2020/12/11,596,608,596,608,426.600006103516
7337,2020/12/14,610,615,607,610,422.700012207031
7337,2020/12/15,611,615,609,613,354.100006103516
7337,2020/12/16,615,619,610,610,289.5
7337,2020/12/17,613,613,609,611,251.199996948242
7337,2020/12/18,610,611,593,593,932.700012207031
7337,2020/12/21,598,602,594,597,329.700012207031
7337,2020/12/22,597,597,589,589,424.600006103516
7337,2020/12/23,588,588,576,578,761
7337,2020/12/24,584,589,578,581,549.5
7337,2020/12/25,583,589,582,585,262.899993896484
7337,2020/12/28,593,595,582,587,514
7337,2020/12/29,590,590,583,587,412.700012207031
7337,2020/12/30,585,589,580,580,450.700012207031
7337,2021/01/04,583,583,571,575,631.200012207031
7337,2021/01/05,571,573,566,567,547.200012207031
7337,2021/01/06,567,581,567,580,387.5
7337,2021/01/07,593,600,589,594,656.799987792969
7337,2021/01/08,594,612,592,611,767.5
7337,2021/01/12,611,613,607,612,411.200012207031
7337,2021/01/13,610,618,610,616,328.100006103516
7337,2021/01/14,616,627,615,622,480.700012207031
7337,2021/01/15,627,630,615,616,411.800018310547
7337,2021/01/18,616,626,614,624,224.900009155273
7337,2021/01/19,626,636,625,631,325
7337,2021/01/20,630,631,617,623,472.800018310547
7337,2021/01/21,619,627,612,613,423
7337,2021/01/22,609,611,605,607,332.899993896484
7337,2021/01/25,607,622,607,622,393.899993896484
7337,2021/01/26,617,624,616,616,284.899993896484
7337,2021/01/27,620,622,615,619,221.800003051758
7337,2021/01/28,612,615,609,609,658.400024414063
7337,2021/01/29,614,616,608,608,360.200012207031
7337,2021/02/01,609,617,608,612,217.699996948242
7337,2021/02/02,610,614,608,611,237.900009155273
7337,2021/02/03,614,618,610,613,221.900009155273
7337,2021/02/04,616,624,615,617,334.700012207031
7337,2021/02/05,617,630,615,628,454
7337,2021/02/08,630,642,628,641,558.799987792969
7337,2021/02/09,640,641,633,636,290.600006103516
7337,2021/02/10,639,640,627,627,281.700012207031
7337,2021/02/12,630,639,629,631,345.300018310547
7337,2021/02/15,642,647,638,647,381.5
7337,2021/02/16,652,671,649,652,655.700012207031
7337,2021/02/17,658,662,652,652,288.100006103516
7337,2021/02/18,652,653,638,647,440.800018310547
7337,2021/02/19,641,648,639,642,471.5
7337,2021/02/22,654,659,647,650,239.300003051758
7337,2021/02/24,654,657,646,649,482.5
7337,2021/02/25,657,657,645,645,482.899993896484
7337,2021/02/26,640,645,626,626,764.900024414063
7337,2021/03/01,629,639,629,635,555.5
7337,2021/03/02,637,640,625,625,937.799987792969
7337,2021/03/03,630,638,624,636,680.700012207031
7337,2021/03/04,632,646,627,637,609.799987792969
7337,2021/03/05,641,647,635,646,782.700012207031
7337,2021/03/08,656,667,651,663,797.299987792969
7337,2021/03/09,670,694,670,692,923.799987792969
7337,2021/03/10,688,688,671,684,611.200012207031
7337,2021/03/11,687,693,685,693,413.700012207031
7337,2021/03/12,692,696,679,696,881.799987792969
7337,2021/03/15,701,716,701,715,728.299987792969
7337,2021/03/16,715,719,703,708,777.299987792969
7337,2021/03/17,709,725,704,725,660.700012207031
7337,2021/03/18,724,738,720,737,937.5
7337,2021/03/19,744,774,734,743,2388.80004882813
7337,2021/03/22,745,763,741,753,1298.80004882813
7337,2021/03/23,751,755,740,740,1115
7337,2021/03/24,721,733,702,710,1131.70007324219
7337,2021/03/25,715,738,715,727,610.600036621094
7337,2021/03/26,739,740,726,728,800.5
7337,2021/03/29,730,734,709,721,1489.80004882813
7337,2021/03/30,698,715,687,710,1162.20007324219
7337,2021/03/31,702,703,677,677,549.900024414063
7337,2021/04/01,675,677,658,662,660.799987792969
7337,2021/04/02,672,679,656,665,304.200012207031
7337,2021/04/05,667,677,665,672,431.300018310547
7337,2021/04/06,666,667,645,651,488.399993896484
7337,2021/04/07,648,657,645,655,346.5
7337,2021/04/08,654,654,630,633,550.299987792969
7337,2021/04/09,626,635,620,620,607.799987792969
7337,2021/04/12,629,636,627,633,560.5
7337,2021/04/13,627,642,627,631,294.399993896484
7337,2021/04/14,627,628,619,623,349.200012207031
7337,2021/04/15,628,637,628,628,235.5
7337,2021/04/16,630,631,621,625,171.400009155273
7337,2021/04/19,627,632,621,622,283.700012207031
7337,2021/04/20,621,624,614,616,465.100006103516
7337,2021/04/21,607,613,602,608,527.299987792969
7337,2021/04/22,617,621,607,611,243.100006103516
7337,2021/04/23,608,614,607,612,245.5
7337,2021/04/26,611,616,601,603,368.5
7337,2021/04/27,603,609,601,602,348
7337,2021/04/28,605,613,600,601,504.5
7337,2021/04/30,607,613,602,603,473.800018310547
7337,2021/05/06,612,619,606,609,460.5
7337,2021/05/07,619,622,612,617,336.800018310547
7337,2021/05/10,616,623,615,620,238.400009155273
7337,2021/05/11,624,625,612,612,528.200012207031
7337,2021/05/12,605,613,602,606,389.5
7337,2021/05/13,609,616,601,601,449.800018310547
7337,2021/05/14,610,618,607,614,387.399993896484
7337,2021/05/17,615,622,604,613,322.200012207031
7337,2021/05/18,613,620,611,615,346.5
7337,2021/05/19,606,612,604,605,456.5
7337,2021/05/20,604,611,604,605,289.899993896484
7337,2021/05/21,604,607,602,604,302.899993896484
7337,2021/05/24,607,614,607,610,287.899993896484
7337,2021/05/25,609,615,606,610,355.300018310547
7337,2021/05/26,604,606,600,600,518.900024414063
7337,2021/05/27,600,601,586,586,1173
7337,2021/05/28,596,603,595,603,627.799987792969
7337,2021/05/31,598,598,586,586,653.100036621094
7337,2021/06/01,590,591,581,588,562.100036621094
7337,2021/06/02,586,594,584,588,498.399993896484
7337,2021/06/03,589,594,586,593,524.799987792969
7337,2021/06/04,596,596,591,592,308.200012207031
7337,2021/06/07,593,593,586,586,445.899993896484
7337,2021/06/08,586,591,586,590,352.200012207031
7337,2021/06/09,591,593,582,582,463.700012207031
7337,2021/06/10,582,584,576,578,816
7337,2021/06/11,574,575,570,571,1108.80004882813
7337,2021/06/14,578,578,573,574,405.300018310547
7337,2021/06/15,575,578,573,574,482.600006103516
7337,2021/06/16,573,580,572,577,520.100036621094
7337,2021/06/17,581,586,577,577,480.200012207031
7337,2021/06/18,576,577,571,571,849.400024414063
7337,2021/06/21,568,568,565,566,782.900024414063
7337,2021/06/22,576,583,574,581,574.200012207031
7337,2021/06/23,575,580,573,580,316.5
7337,2021/06/24,575,582,575,582,379.800018310547
7337,2021/06/25,582,584,580,582,363.100006103516
7337,2021/06/28,591,593,587,590,487.399993896484
7337,2021/06/29,587,589,584,585,518.600036621094
7337,2021/06/30,587,591,585,585,532.700012207031
7337,2021/07/01,590,590,583,585,438.700012207031
7337,2021/07/02,587,593,587,593,367.399993896484
7337,2021/07/05,591,592,588,590,272.899993896484
7337,2021/07/06,593,593,590,592,230.800003051758
7337,2021/07/07,584,589,582,582,540.5
7337,2021/07/08,581,583,573,573,768.299987792969
7337,2021/07/09,568,580,567,578,776.200012207031
7337,2021/07/12,590,591,585,588,606.100036621094
7337,2021/07/13,592,596,591,596,456.200012207031
7337,2021/07/14,588,594,587,592,357.300018310547
7337,2021/07/15,593,594,584,585,448.300018310547
7337,2021/07/16,587,588,585,585,273.200012207031
7337,2021/07/19,582,584,577,577,505
7337,2021/07/20,574,576,571,571,588.299987792969
7337,2021/07/21,579,582,575,575,369.899993896484
7337,2021/07/26,585,587,581,587,574.799987792969
7337,2021/07/27,590,594,588,594,421.800018310547
7337,2021/07/28,591,599,591,599,436.700012207031
7337,2021/07/29,598,600,589,593,393.200012207031
7337,2021/07/30,589,591,586,589,438.200012207031
7337,2021/08/02,596,608,594,608,529.299987792969
7337,2021/08/03,605,606,598,600,336.800018310547
7337,2021/08/04,600,602,595,595,345.800018310547
7337,2021/08/05,589,597,587,597,460.600006103516
7337,2021/08/06,599,601,596,599,273
7337,2021/08/10,603,605,598,602,422.800018310547
7337,2021/08/11,605,609,603,607,568.700012207031
7337,2021/08/12,610,610,605,609,393.600006103516
7337,2021/08/13,609,615,607,615,377.5
7337,2021/08/16,612,612,603,608,510.800018310547
7337,2021/08/17,608,611,604,606,287.200012207031
7337,2021/08/18,610,624,609,619,558.100036621094
7337,2021/08/19,614,618,609,610,444
7337,2021/08/20,610,618,610,616,369.700012207031
7337,2021/08/23,623,627,622,625,325
7337,2021/08/24,623,626,621,624,336.5
7337,2021/08/25,627,628,621,623,285.899993896484
7337,2021/08/26,625,633,624,633,359.200012207031
7337,2021/08/27,633,635,630,634,375.100006103516
7337,2021/08/30,639,645,639,643,378.899993896484
7337,2021/08/31,637,639,632,633,579.200012207031
7337,2021/09/01,630,634,625,634,669.100036621094
7337,2021/09/02,634,634,627,630,367.899993896484
7337,2021/09/03,629,644,626,642,757.400024414063
7337,2021/09/06,647,647,636,637,457.200012207031
7337,2021/09/07,641,645,635,639,562.100036621094
7337,2021/09/08,643,646,640,646,614
7337,2021/09/09,640,643,637,641,508.399993896484
7337,2021/09/10,641,652,641,649,952.700012207031
7337,2021/09/13,650,660,646,660,501.100006103516
7337,2021/09/14,665,667,659,666,574.5
7337,2021/09/15,658,665,653,664,637.299987792969
7337,2021/09/16,669,669,660,667,537.400024414063
7337,2021/09/17,667,672,662,669,915.600036621094
7337,2021/09/21,652,659,648,652,747.600036621094
7337,2021/09/22,645,646,629,629,798.200012207031
7337,2021/09/24,653,659,650,659,805.299987792969
7337,2021/09/27,663,665,655,655,439.800018310547
7337,2021/09/28,663,663,652,662,727.100036621094
7337,2021/09/29,645,649,638,647,944.400024414063
7337,2021/09/30,647,654,639,639,666.200012207031
7337,2021/10/01,634,635,623,627,803.400024414063
7337,2021/10/04,630,637,630,636,360.300018310547
7337,2021/10/05,633,642,630,633,483.899993896484
7337,2021/10/06,633,645,631,645,675.700012207031
7337,2021/10/07,639,643,633,642,359
7337,2021/10/08,650,653,643,645,306.100006103516
7337,2021/10/11,647,654,647,654,351.800018310547
7337,2021/10/12,649,651,645,649,320.800018310547
7337,2021/10/13,647,647,636,636,400.600006103516
7337,2021/10/14,635,635,627,631,496.899993896484
7337,2021/10/15,626,637,625,637,420.100006103516
7337,2021/10/18,647,648,635,639,257.200012207031
7337,2021/10/19,638,639,635,639,197.699996948242
7337,2021/10/20,641,652,640,643,320.300018310547
7337,2021/10/21,642,645,640,640,214.300003051758
7337,2021/10/22,637,639,632,638,292.399993896484
7337,2021/10/25,636,640,634,634,210.5
7337,2021/10/26,632,636,631,633,268.800018310547
7337,2021/10/27,636,637,630,631,273.399993896484
7337,2021/10/28,630,639,626,630,612.799987792969
7337,2021/10/29,628,628,620,627,552.700012207031
7337,2021/11/01,636,644,634,643,439.200012207031
7337,2021/11/02,645,649,640,645,375
7337,2021/11/04,648,653,645,653,401.200012207031
7337,2021/11/05,646,652,644,650,333.5
7337,2021/11/08,660,660,651,651,378.800018310547
7337,2021/11/09,646,657,646,648,503.200012207031
7337,2021/11/10,656,660,649,651,320.600006103516
7337,2021/11/11,652,656,651,651,216.900009155273
7337,2021/11/12,655,663,655,659,357.5
7337,2021/11/15,664,666,654,655,309.200012207031
7337,2021/11/16,660,660,650,650,279.200012207031
7337,2021/11/17,653,653,645,646,237.900009155273
7337,2021/11/18,645,646,636,639,361.200012207031
7337,2021/11/19,635,638,626,636,425.100006103516
7337,2021/11/22,630,636,627,634,332.899993896484
7337,2021/11/24,638,640,630,630,334.600006103516
7337,2021/11/25,635,640,632,638,198.900009155273
7337,2021/11/26,635,635,628,632,483
7337,2021/11/29,626,630,621,622,590.299987792969
7337,2021/11/30,622,635,621,622,1042.09997558594
7337,2021/12/01,620,629,616,627,636.200012207031
7337,2021/12/02,622,634,622,630,501.399993896484
7337,2021/12/03,637,642,634,641,371.600006103516
7337,2021/12/06,653,653,642,647,434.800018310547
7337,2021/12/07,650,660,647,660,390.899993896484
7337,2021/12/08,660,669,654,663,812.799987792969
7337,2021/12/09,659,663,654,661,485.800018310547
7337,2021/12/10,670,671,662,664,706.200012207031
7337,2021/12/13,670,672,654,657,309
7337,2021/12/14,658,664,657,662,521.799987792969
7337,2021/12/15,661,669,657,668,555.900024414063
7337,2021/12/16,672,689,669,687,672.200012207031
7337,2021/12/17,690,697,687,688,849.799987792969
7337,2021/12/20,679,679,659,659,476.899993896484
7337,2021/12/21,669,672,664,665,402.5
7337,2021/12/22,671,673,662,665,274.200012207031
7337,2021/12/23,669,669,663,666,239.100006103516
7337,2021/12/24,666,669,664,667,226.100006103516
7337,2021/12/27,667,672,666,671,252.400009155273
7337,2021/12/28,682,689,680,689,534.700012207031
7337,2021/12/29,689,697,688,694,374.600006103516
7337,2021/12/30,688,691,686,689,304.700012207031
7337,2022/01/04,707,712,701,703,907.799987792969
7337,2022/01/05,716,717,710,713,730.5
7337,2022/01/06,710,712,698,701,805.299987792969
7337,2022/01/07,706,717,703,713,696.400024414063
7337,2022/01/11,725,736,718,736,905.700012207031
7337,2022/01/12,746,755,740,742,882.900024414063
7337,2022/01/13,744,744,727,742,574.200012207031
7337,2022/01/14,738,740,725,735,664.200012207031
7337,2022/01/17,735,744,731,733,338.800018310547
7337,2022/01/18,739,743,718,725,586.700012207031
7337,2022/01/19,707,712,700,703,681.299987792969
7337,2022/01/20,696,707,691,691,678.600036621094
7337,2022/01/21,681,690,668,687,738.400024414063
7337,2022/01/24,687,701,685,700,512.5
7337,2022/01/25,699,703,690,702,561.5
7337,2022/01/26,704,706,694,694,291.100006103516
7337,2022/01/27,701,705,688,691,610.100036621094
7337,2022/01/28,700,707,700,705,443.5
7337,2022/01/31,645,666,644,666,3295.19995117188
7337,2022/02/01,656,667,652,661,1038.20007324219
7337,2022/02/02,665,683,662,682,855
7337,2022/02/03,681,686,676,681,650.799987792969
7337,2022/02/04,681,695,680,691,712
7337,2022/02/07,690,707,686,703,959.200012207031
7337,2022/02/08,701,719,700,717,745.799987792969
7337,2022/02/09,725,729,712,718,702.900024414063
7337,2022/02/10,724,725,711,720,595.400024414063
7337,2022/02/14,717,722,712,720,577.299987792969
7337,2022/02/15,722,726,704,708,676.200012207031
7337,2022/02/16,723,724,717,719,473.399993896484
7337,2022/02/17,712,713,700,705,486
7337,2022/02/18,696,701,689,691,650.299987792969
7337,2022/02/21,681,688,678,685,420.200012207031
7337,2022/02/22,676,681,672,680,407.399993896484
7337,2022/02/24,673,681,672,679,598.5
7337,2022/02/25,674,675,655,662,1003.70001220703
7337,2022/02/28,665,679,660,679,882.5
7337,2022/03/01,680,683,670,671,668.200012207031
7337,2022/03/02,657,667,653,655,803.799987792969
7337,2022/03/03,672,677,663,671,650.700012207031
7337,2022/03/04,668,676,664,664,618
7337,2022/03/07,656,657,647,653,767
7337,2022/03/08,641,643,632,634,948.299987792969
7337,2022/03/09,634,652,633,645,669.400024414063
7337,2022/03/10,651,671,651,665,672
7337,2022/03/11,656,678,655,672,1265.30004882813
7337,2022/03/14,679,685,670,679,565.200012207031
7337,2022/03/15,684,691,678,687,504.5
7337,2022/03/16,682,684,676,676,679.799987792969
7337,2022/03/17,682,691,677,687,836.799987792969
7337,2022/03/18,685,687,671,680,1485.09997558594
7337,2022/03/22,685,700,684,700,705.200012207031
7337,2022/03/23,704,705,697,702,711.400024414063
7337,2022/03/24,697,697,688,694,631.900024414063
7337,2022/03/25,697,698,692,696,747.700012207031
7337,2022/03/28,702,703,695,696,679.900024414063
7337,2022/03/29,691,692,685,692,1359.5
7337,2022/03/30,676,677,656,662,926.299987792969
7337,2022/03/31,652,663,648,648,730.299987792969
7337,2022/04/01,641,648,634,645,556.600036621094
7337,2022/04/04,640,653,639,653,472.700012207031
7337,2022/04/05,653,654,644,645,556.100036621094
7337,2022/04/06,642,646,633,633,676.900024414063
7337,2022/04/07,628,631,621,629,664.700012207031
7337,2022/04/08,631,634,626,630,449.300018310547
7337,2022/04/11,630,643,630,639,450.800018310547
7337,2022/04/12,643,647,638,642,528.600036621094
7337,2022/04/13,633,638,631,638,663.299987792969
7337,2022/04/14,638,641,634,638,278.700012207031
7337,2022/04/15,634,640,633,640,289.200012207031
7337,2022/04/18,635,642,630,641,360.399993896484
7337,2022/04/19,647,648,638,645,313.800018310547
7337,2022/04/20,649,655,644,655,714.700012207031
7337,2022/04/21,660,665,650,651,696.600036621094
7337,2022/04/22,649,650,637,644,493.300018310547
7337,2022/04/25,635,638,631,637,332.600006103516
7337,2022/04/26,634,639,633,635,378
7337,2022/04/27,628,631,615,616,1679.59997558594
7337,2022/04/28,620,642,620,642,640.5
7337,2022/05/02,632,643,631,638,310.5
7337,2022/05/06,640,647,638,644,651
7337,2022/05/09,640,642,633,633,409.700012207031
7337,2022/05/10,631,637,625,633,343.100006103516
7337,2022/05/11,620,622,613,613,742.200012207031
7337,2022/05/12,610,615,603,604,790.600036621094
7337,2022/05/13,600,610,594,607,1027.40002441406
7337,2022/05/16,615,615,595,596,921.900024414063
7337,2022/05/17,600,603,592,592,793.400024414063
7337,2022/05/18,592,599,589,599,704.600036621094
7337,2022/05/19,589,600,588,598,920.600036621094
7337,2022/05/20,593,599,591,598,649.200012207031
7337,2022/05/23,604,610,600,604,516.5
7337,2022/05/24,609,609,599,600,514.799987792969
7337,2022/05/25,601,604,597,597,658.799987792969
7337,2022/05/26,598,608,598,603,596.799987792969
7337,2022/05/27,607,609,601,605,665.5
7337,2022/05/30,602,614,602,610,1550.5
7337,2022/05/31,614,614,604,605,1684.90002441406
7337,2022/06/01,615,623,612,622,784.799987792969
7337,2022/06/02,616,618,612,617,414.800018310547
7337,2022/06/03,614,617,612,614,320.700012207031
7337,2022/06/06,610,617,610,617,349.200012207031
7337,2022/06/07,620,626,618,624,430.700012207031
7337,2022/06/08,616,623,616,616,587.200012207031
7337,2022/06/09,614,622,613,616,554.900024414063
7337,2022/06/10,610,615,608,608,669.900024414063
7337,2022/06/13,605,617,603,613,838
7337,2022/06/14,613,614,606,608,805.400024414063
7337,2022/06/15,608,611,604,605,647.100036621094
7337,2022/06/16,603,614,603,608,1089.5
7337,2022/06/17,602,609,600,600,1282.80004882813
7337,2022/06/20,604,614,600,602,666.400024414063
7337,2022/06/21,601,611,601,605,849.600036621094
7337,2022/06/22,608,608,603,606,473.899993896484
7337,2022/06/23,606,612,606,610,455.600006103516
7337,2022/06/24,605,610,604,608,598.5
7337,2022/06/27,618,620,609,615,663.100036621094
7337,2022/06/28,619,626,616,626,909.200012207031
7337,2022/06/29,627,631,623,626,1548.59997558594
7337,2022/06/30,625,634,623,632,919.799987792969
7337,2022/07/01,631,634,619,622,839.5
7337,2022/07/04,630,636,626,635,725.799987792969
7337,2022/07/05,635,638,633,638,670
7337,2022/07/06,629,635,616,616,930.200012207031
7337,2022/07/07,616,623,613,618,831.900024414063
7337,2022/07/08,619,623,615,617,842
7337,2022/07/11,622,631,620,629,643.600036621094
7337,2022/07/12,625,627,616,617,533
7337,2022/07/13,615,619,613,613,558.400024414063
7337,2022/07/14,613,613,607,611,532.200012207031
7337,2022/07/15,608,610,601,602,581.600036621094
7337,2022/07/19,609,611,606,609,535.299987792969
7337,2022/07/20,616,620,615,619,618.200012207031
7337,2022/07/21,614,620,613,617,375.100006103516
7337,2022/07/22,616,616,612,613,494.899993896484
7337,2022/07/25,612,618,612,614,361.700012207031
7337,2022/07/26,619,623,618,619,416.600006103516
7337,2022/07/27,618,621,615,616,481.5
7337,2022/07/28,615,620,612,619,867.600036621094
7337,2022/07/29,615,616,611,613,591.100036621094
7337,2022/08/01,618,622,614,621,514.600036621094
7337,2022/08/02,618,620,609,609,770.900024414063
7337,2022/08/03,607,610,604,608,677
7337,2022/08/04,610,614,607,609,632.299987792969
7337,2022/08/05,608,613,608,613,660.200012207031
7337,2022/08/08,611,617,611,612,407.800018310547
7337,2022/08/09,612,614,606,607,663.200012207031
7337,2022/08/10,608,610,606,608,323.800018310547
7337,2022/08/12,613,622,612,616,931.299987792969
7337,2022/08/15,616,617,612,613,317.100006103516
7337,2022/08/16,616,616,612,612,399.200012207031
7337,2022/08/17,614,620,614,620,678.100036621094
7337,2022/08/18,621,622,614,616,407
7337,2022/08/19,618,619,614,618,326.600006103516
7337,2022/08/22,614,621,614,621,326.300018310547
7337,2022/08/23,620,620,613,614,382.899993896484
7337,2022/08/24,615,618,613,616,451
7337,2022/08/25,618,622,616,622,341
7337,2022/08/26,622,625,621,621,370.700012207031
7337,2022/08/29,616,620,614,618,588.200012207031
7337,2022/08/30,619,621,615,618,445.5
7337,2022/08/31,614,617,612,613,867.700012207031
7337,2022/09/01,612,617,609,613,692.299987792969
7337,2022/09/02,612,613,609,611,577.5
7337,2022/09/05,612,613,608,608,547
7337,2022/09/06,608,610,607,609,401.399993896484
7337,2022/09/07,605,609,601,602,1402.20007324219
7337,2022/09/08,605,611,605,607,1540
7337,2022/09/09,611,617,609,617,1054.40002441406
7337,2022/09/12,619,619,613,614,642.700012207031
7337,2022/09/13,612,615,610,613,594.799987792969
7337,2022/09/14,608,612,607,608,700.700012207031
7337,2022/09/15,610,613,607,612,484.600006103516
7337,2022/09/16,614,621,612,620,947.700012207031
7337,2022/09/20,626,628,622,628,1130.30004882813
7337,2022/09/21,621,625,619,622,789.600036621094
7337,2022/09/22,618,620,615,619,657.299987792969
7337,2022/09/26,614,616,606,608,1234.20007324219
7337,2022/09/27,609,612,606,608,881.100036621094
7337,2022/09/28,605,613,604,613,1077.30004882813
7337,2022/09/29,606,614,604,613,771.799987792969
7337,2022/09/30,612,614,606,608,587.299987792969
7337,2022/10/03,604,606,600,602,955.5
7337,2022/10/04,608,616,608,614,880.200012207031
7337,2022/10/05,616,619,614,617,917.799987792969
7337,2022/10/06,617,623,616,618,702.5
7337,2022/10/07,611,618,610,615,650.200012207031
7337,2022/10/11,611,616,609,612,940.700012207031
7337,2022/10/12,612,617,609,613,792.799987792969
7337,2022/10/13,611,615,609,611,553.700012207031
7337,2022/10/14,620,630,617,625,1338.59997558594
7337,2022/10/17,626,628,612,612,608.700012207031
7337,2022/10/18,615,620,613,618,564.299987792969
7337,2022/10/19,616,622,616,620,456.100006103516
7337,2022/10/20,617,622,616,622,379.300018310547
7337,2022/10/21,618,622,615,621,364.600006103516
7337,2022/10/24,625,628,621,626,672.900024414063
7337,2022/10/25,628,632,624,627,809.700012207031
7337,2022/10/26,627,636,625,633,996.299987792969
7337,2022/10/27,630,630,612,612,1041.40002441406
7337,2022/10/28,612,617,610,612,3219.19995117188
7337,2022/10/31,618,620,610,613,780.900024414063
7337,2022/11/01,616,617,609,609,631.799987792969
7337,2022/11/02,610,615,610,612,888
7337,2022/11/04,611,615,609,612,879.100036621094
7337,2022/11/07,614,616,611,611,604
7337,2022/11/08,613,614,609,613,641.700012207031
7337,2022/11/09,614,619,613,618,437.200012207031
7337,2022/11/10,616,622,615,620,553.600036621094
7337,2022/11/11,624,627,618,626,1038.20007324219
7337,2022/11/14,621,623,608,608,1142.90002441406
7337,2022/11/15,607,612,607,608,672.5
7337,2022/11/16,606,607,603,605,791.799987792969
7337,2022/11/17,604,609,604,609,550.900024414063
7337,2022/11/18,612,616,606,606,928.100036621094
7337,2022/11/21,610,614,609,614,593.200012207031
7337,2022/11/22,614,621,614,621,964.600036621094
7337,2022/11/24,623,630,620,630,920.700012207031
7337,2022/11/25,630,645,626,645,1249.80004882813
7337,2022/11/28,653,654,635,638,987.299987792969
7337,2022/11/29,633,639,627,635,898.400024414063
7337,2022/11/30,636,636,630,632,980.799987792969
7337,2022/12/01,635,635,620,622,581.900024414063
7337,2022/12/02,620,620,609,614,854.100036621094
7337,2022/12/05,613,617,611,617,990.5
7337,2022/12/06,615,624,615,623,572.700012207031
7337,2022/12/07,621,632,621,627,735
7337,2022/12/08,621,623,613,622,602.299987792969
7337,2022/12/09,618,626,618,621,444.899993896484
7337,2022/12/12,621,626,617,618,337.600006103516
7337,2022/12/13,625,625,619,620,331.5
7337,2022/12/14,617,621,617,618,427.899993896484
7337,2022/12/15,617,622,617,621,190.199996948242
7337,2022/12/16,624,629,617,617,951.600036621094
7337,2022/12/19,616,625,616,623,580.900024414063
7337,2022/12/20,625,654,622,642,1743.30004882813
7337,2022/12/21,652,667,627,630,2047.09997558594
7337,2022/12/22,636,648,632,648,1037
7337,2022/12/23,648,655,645,655,773.700012207031
7337,2022/12/26,658,658,645,652,658.5
7337,2022/12/27,658,664,654,664,714.700012207031
7337,2022/12/28,664,668,655,662,737.299987792969
7337,2022/12/29,661,661,648,655,872.799987792969
7337,2022/12/30,659,667,655,661,696.5
7337,2023/01/04,664,666,652,666,1175.59997558594
7337,2023/01/05,662,665,651,655,817.299987792969
7337,2023/01/06,650,663,644,657,935.600036621094
7337,2023/01/10,654,661,650,652,501.700012207031
7337,2023/01/11,645,650,643,647,748.200012207031
7337,2023/01/12,650,668,647,663,929.200012207031
7337,2023/01/13,659,692,659,683,2383
7337,2023/01/16,684,687,660,661,1401.30004882813
7337,2023/01/17,665,665,649,654,1045.40002441406
7337,2023/01/18,654,659,635,657,1455.20007324219
7337,2023/01/19,657,661,645,645,913.799987792969
7337,2023/01/20,645,652,643,651,330.399993896484
7337,2023/01/23,657,660,650,651,676.299987792969
7337,2023/01/24,659,667,654,665,676.400024414063
7337,2023/01/25,660,664,655,660,432.399993896484
7337,2023/01/26,666,666,659,662,506.5
7337,2023/01/27,663,677,662,676,799
7337,2023/01/30,676,686,674,683,957.600036621094
7337,2023/01/31,687,687,673,676,822.600036621094
7337,2023/02/01,677,685,668,668,502.600006103516
7337,2023/02/02,665,668,658,659,651
7337,2023/02/03,659,667,652,667,695.400024414063
7337,2023/02/06,669,670,655,663,842.100036621094
7337,2023/02/07,660,671,655,666,914.600036621094
7337,2023/02/08,668,674,664,672,607.299987792969
7337,2023/02/09,672,673,666,670,440.5
7337,2023/02/10,668,679,668,675,683.299987792969
7337,2023/02/13,675,682,671,673,662.799987792969
7337,2023/02/14,680,688,677,686,901.299987792969
7337,2023/02/15,686,691,684,687,435
7337,2023/02/16,691,693,682,683,477.200012207031
7337,2023/02/17,684,690,683,686,365.899993896484
7337,2023/02/20,690,695,688,693,496.5
7337,2023/02/21,693,698,691,698,815.700012207031
7337,2023/02/22,694,698,688,696,691.100036621094
7337,2023/02/24,699,705,689,692,921.5
7337,2023/02/27,695,699,692,697,438.100006103516
7337,2023/02/28,695,697,687,689,944.700012207031
7337,2023/03/01,690,701,689,698,1057.59997558594
7337,2023/03/02,701,703,689,690,745.900024414063
7337,2023/03/03,691,697,688,695,968.200012207031
7337,2023/03/06,698,698,690,696,765.700012207031
7337,2023/03/07,700,710,698,710,886.200012207031
7337,2023/03/08,709,715,708,714,769.400024414063
7337,2023/03/09,716,729,716,726,796.400024414063
7337,2023/03/10,713,718,698,698,1485.90002441406
7337,2023/03/13,685,686,662,670,1553.30004882813
7337,2023/03/14,650,651,629,633,2466.90014648438
7337,2023/03/15,651,659,644,650,1347
7337,2023/03/16,630,639,625,637,1409
7337,2023/03/17,646,650,640,648,1364.30004882813
7337,2023/03/20,638,650,637,640,1368.59997558594
7337,2023/03/22,658,660,646,646,1393.70007324219
7337,2023/03/23,633,633,626,627,1552.90002441406
7337,2023/03/24,621,631,620,630,1352.90002441406
7337,2023/03/27,634,634,625,627,1188.40002441406
7337,2023/03/28,637,637,624,627,1777.20007324219
7337,2023/03/29,633,642,633,641,2151.80004882813
7337,2023/03/30,626,628,620,626,1413.30004882813
7337,2023/03/31,625,628,619,626,1371.40002441406
7337,2023/04/03,634,648,632,648,1792.90002441406
7337,2023/04/04,645,646,640,646,921.299987792969
7337,2023/04/05,634,638,631,633,750.200012207031
7337,2023/04/06,630,634,627,630,733.799987792969
7337,2023/04/07,625,635,624,632,606.200012207031
7337,2023/04/10,634,640,634,636,526.799987792969
7337,2023/04/11,641,641,634,635,622.900024414063
7337,2023/04/12,638,640,634,634,456.399993896484
7337,2023/04/13,634,638,632,636,649.900024414063
7337,2023/04/14,643,645,637,642,852
7337,2023/04/17,650,655,648,652,1231.09997558594
7337,2023/04/18,660,675,658,669,1240.80004882813
7337,2023/04/19,663,672,659,671,889.100036621094
7337,2023/04/20,674,684,673,680,1059.70007324219
7337,2023/04/21,674,681,671,675,736.400024414063
7337,2023/04/24,677,677,666,666,502.800018310547
7337,2023/04/25,668,674,667,673,532.200012207031
7337,2023/04/26,664,665,655,657,869.600036621094
7337,2023/04/27,658,664,653,661,724.700012207031
7337,2023/04/28,669,679,662,671,870.900024414063
7337,2023/05/01,673,675,667,673,472.600006103516
7337,2023/05/02,675,675,666,674,590
7337,2023/05/08,673,678,668,668,910.799987792969
7337,2023/05/09,671,680,665,680,837.299987792969
7337,2023/05/10,684,685,678,679,570.100036621094
7337,2023/05/11,675,682,674,682,455.100006103516
7337,2023/05/12,684,688,677,688,1217.59997558594
7337,2023/05/15,720,734,712,734,2636.19995117188
7337,2023/05/16,731,744,729,743,1461.20007324219
7337,2023/05/17,737,757,737,754,1284.40002441406
7337,2023/05/18,756,769,756,766,1396.90002441406
7337,2023/05/19,770,784,767,771,1853.30004882813
7337,2023/05/22,764,768,746,747,903.600036621094
7337,2023/05/23,750,752,744,748,857.400024414063
7337,2023/05/24,748,759,748,753,652.799987792969
7337,2023/05/25,747,758,743,755,767.900024414063
7337,2023/05/26,759,765,756,757,811.600036621094
7337,2023/05/29,763,767,758,762,814.299987792969
7337,2023/05/30,762,768,758,766,511.899993896484
7337,2023/05/31,760,765,758,759,1280.59997558594
7337,2023/06/01,748,764,745,763,1542.59997558594
7337,2023/06/02,760,769,758,766,907.5
7337,2023/06/05,776.100036621094,778.400024414063,760.200012207031,770.200012207031,1474.20007324219
7337,2023/06/06,763,770,757.5,769.5,745.700012207031
7337,2023/06/07,775.100036621094,780.100036621094,764.299987792969,767.600036621094,1063.5
7337,2023/06/08,775.900024414063,784.5,770.900024414063,775.400024414063,940.900024414063
7337,2023/06/09,776.600036621094,785.700012207031,775.5,783.100036621094,1292.09997558594
7337,2023/06/12,786,789.600036621094,781.400024414063,783.900024414063,664.299987792969
7337,2023/06/13,784.299987792969,796.799987792969,783.600036621094,788.100036621094,956.400024414063
7337,2023/06/14,796.799987792969,802.5,790.200012207031,793,909.799987792969
7337,2023/06/15,793.5,799.799987792969,788.200012207031,790.900024414063,961.900024414063
7337,2023/06/16,788.5,793.400024414063,784.600036621094,790.200012207031,1241.80004882813
7337,2023/06/19,792.600036621094,795.700012207031,787.600036621094,793.600036621094,853
7337,2023/06/20,794.799987792969,796.200012207031,789.799987792969,792.299987792969,731.5
7337,2023/06/21,791.299987792969,797.400024414063,787,796.400024414063,702.400024414063
7337,2023/06/22,800,812.600036621094,798.100036621094,808.299987792969,909.799987792969
7337,2023/06/23,809.600036621094,812.900024414063,791.100036621094,796.400024414063,844.200012207031
7337,2023/06/26,796,797,783.299987792969,789.299987792969,671.900024414063
7337,2023/06/27,792.299987792969,796.799987792969,781.299987792969,788.200012207031,514.400024414063
7337,2023/06/28,790.900024414063,804.600036621094,789.100036621094,804.299987792969,832.600036621094
7337,2023/06/29,805,811.700012207031,798.700012207031,806,735.700012207031
7337,2023/06/30,812,818.600036621094,808.700012207031,816,973.200012207031
7337,2023/07/03,816,823.5,814.100036621094,821.5,1172.80004882813
7337,2023/07/04,821.700012207031,839.100036621094,820.5,838.600036621094,1304
7337,2023/07/05,841,849.400024414063,831.100036621094,843,923.299987792969
7337,2023/07/06,847,851.799987792969,838.200012207031,838.200012207031,1070
7337,2023/07/07,835.700012207031,857.100036621094,830.299987792969,849.900024414063,933.799987792969
7337,2023/07/10,855.5,861.5,843,849.5,1006.40002441406
7337,2023/07/11,848,851.100036621094,838.400024414063,840.700012207031,787.700012207031
7337,2023/07/12,847.299987792969,851,838.600036621094,845.900024414063,475.399993896484
7337,2023/07/13,847.100036621094,852.700012207031,844.200012207031,846.5,662.200012207031
7337,2023/07/14,850.400024414063,852,836,842.5,563.799987792969
7337,2023/07/18,842.5,865,842.5,856.200012207031,778.799987792969
7337,2023/07/19,866.100036621094,868.200012207031,851.600036621094,857.400024414063,765
7337,2023/07/20,862.5,864.700012207031,852,852.600036621094,449.200012207031
7337,2023/07/21,855,857.799987792969,843.5,845.900024414063,494
7337,2023/07/24,843.5,848.700012207031,835,837.799987792969,1101.20007324219
7337,2023/07/25,837.799987792969,837.799987792969,829,833.5,1206.40002441406
7337,2023/07/26,833.5,837.700012207031,826.5,833.200012207031,663.5
7337,2023/07/27,836,844,828.400024414063,842.100036621094,894.900024414063
7337,2023/07/28,845,866.900024414063,839.100036621094,860.400024414063,1696.80004882813
7337,2023/07/31,875.400024414063,888.400024414063,869.200012207031,878.600036621094,1251.59997558594
7337,2023/08/01,877.600036621094,883.900024414063,870.700012207031,874,1017.5
7337,2023/08/02,870,873.100036621094,862.200012207031,864.200012207031,846
7337,2023/08/03,859.299987792969,861.299987792969,847.100036621094,847.5,1081.80004882813
7337,2023/08/04,870,887,866.900024414063,876.299987792969,1207.59997558594
7337,2023/08/07,861.299987792969,871.400024414063,852,861,1145.90002441406
7337,2023/08/08,862.600036621094,863,851.799987792969,854.400024414063,908.5
7337,2023/08/09,853.5,856.100036621094,835.299987792969,840.200012207031,959.700012207031
7337,2023/08/10,837.100036621094,839.400024414063,831.200012207031,838.299987792969,686.900024414063
7337,2023/08/14,851.100036621094,861.700012207031,844.400024414063,849.299987792969,755.400024414063
7337,2023/08/15,849.299987792969,850.100036621094,840.299987792969,847.100036621094,542.299987792969
7337,2023/08/16,824.799987792969,828.100036621094,816.100036621094,822.600036621094,1445.80004882813
7337,2023/08/17,822.600036621094,845,820.799987792969,845,888.100036621094
7337,2023/08/18,849.900024414063,850,831.200012207031,834.600036621094,623.100036621094
7337,2023/08/21,840.400024414063,844.400024414063,833,836.799987792969,880.900024414063
7337,2023/08/22,839.100036621094,854.5,837.299987792969,854.5,679.100036621094
7337,2023/08/23,847.200012207031,861,845,860.900024414063,503.899993896484
7337,2023/08/24,859.200012207031,877.799987792969,858.299987792969,874.799987792969,675.400024414063
7337,2023/08/25,877.200012207031,877.200012207031,864,868.900024414063,462
7337,2023/08/28,876.299987792969,882.700012207031,874.600036621094,875.700012207031,453.800018310547
7337,2023/08/29,880.700012207031,887.5,873,877.400024414063,626.700012207031
7337,2023/08/30,889,917.400024414063,889,910.400024414063,1465.80004882813
7337,2023/08/31,907,917.5,903.700012207031,910.299987792969,769.400024414063
7337,2023/09/01,913,922,910.600036621094,914.400024414063,663.700012207031
7337,2023/09/04,915,922.600036621094,912.299987792969,922.600036621094,706.100036621094
7337,2023/09/05,930,939.600036621094,914.200012207031,922.200012207031,1003.79998779297
7337,2023/09/06,925,945.100036621094,922.600036621094,938.299987792969,903
7337,2023/09/07,935.299987792969,946.5,933.400024414063,940.600036621094,753.100036621094
7337,2023/09/08,923,935,921,924.900024414063,1272.90002441406
7337,2023/09/11,934,959.900024414063,932.5,958.400024414063,833.100036621094
7337,2023/09/12,963,969,946.200012207031,961.100036621094,818
7337,2023/09/13,970,979.700012207031,961.5,970.400024414063,1303.70007324219
7337,2023/09/14,974.900024414063,978.900024414063,964.900024414063,972,1397.5
7337,2023/09/15,985,1007,972,976.100036621094,2250.40014648438
7337,2023/09/19,975.799987792969,989.900024414063,973.100036621094,986.5,1188.09997558594
7337,2023/09/20,985,987.700012207031,961.400024414063,967.299987792969,1271.59997558594
7337,2023/09/21,971,979.900024414063,964.700012207031,965.400024414063,839.900024414063
7337,2023/09/22,963,979.299987792969,953,973,796.700012207031
7337,2023/09/25,974.900024414063,974.900024414063,956.200012207031,957.200012207031,830.100036621094
7337,2023/09/26,964,970.900024414063,957.299987792969,963.200012207031,689.700012207031
7337,2023/09/27,957,967.100036621094,949.5,966.700012207031,778.900024414063
7337,2023/09/28,950,960.600036621094,945,949.299987792969,786.299987792969
7337,2023/09/29,937,940,912.100036621094,917.200012207031,1229.59997558594
7337,2023/10/02,929.900024414063,955,927.600036621094,936.400024414063,1006.20001220703
7337,2023/10/03,930,930.299987792969,905.799987792969,908.799987792969,746.600036621094
7337,2023/10/04,896,896.700012207031,876.5,878.900024414063,1127.70007324219
7337,2023/10/05,893.5,925.799987792969,891,925.700012207031,846.900024414063
7337,2023/10/06,926,938,921.299987792969,929.299987792969,635
7337,2023/10/10,940,951.700012207031,934.5,951.700012207031,886.299987792969
7337,2023/10/11,950,957.5,941.600036621094,949.5,543.100036621094
7337,2023/10/12,953,959.900024414063,949,959.400024414063,493.100006103516
7337,2023/10/13,948.700012207031,963.600036621094,934.799987792969,937.700012207031,669.600036621094
7337,2023/10/16,929,941,923.700012207031,938.5,687.700012207031
7337,2023/10/17,949.5,953.600036621094,928.200012207031,940.799987792969,549.400024414063
7337,2023/10/18,950.100036621094,963.700012207031,947.299987792969,959.5,863
7337,2023/10/19,949.5,961.400024414063,948.100036621094,957.200012207031,579.700012207031
7337,2023/10/20,960.799987792969,967,939.400024414063,942.700012207031,615.900024414063
7337,2023/10/23,942.5,957.799987792969,940.900024414063,943.100036621094,682.5
7337,2023/10/24,940.5,942,908.600036621094,928.600036621094,827.5
7337,2023/10/25,930.299987792969,952.100036621094,922.5,941.400024414063,874.200012207031
7337,2023/10/26,944,951.299987792969,929.299987792969,937.700012207031,664.900024414063
7337,2023/10/27,939.600036621094,952.200012207031,936.700012207031,950.100036621094,784.799987792969
7337,2023/10/30,947.900024414063,958.799987792969,930.799987792969,933.799987792969,3122.69995117188
7337,2023/10/31,953.200012207031,965.5,930.600036621094,954.100036621094,1380.80004882813
7337,2023/11/01,968,986.100036621094,962,986,1343.70007324219
7337,2023/11/02,994,999.900024414063,966.299987792969,981.900024414063,1251.90002441406
7337,2023/11/06,995.200012207031,995.200012207031,970.400024414063,972.100036621094,823.600036621094
7337,2023/11/07,968,973.799987792969,954.200012207031,958.900024414063,884.100036621094
7337,2023/11/08,963,964.600036621094,895.5,911,1527.20007324219
7337,2023/11/09,903.5,925.299987792969,895.600036621094,920.900024414063,789.299987792969
7337,2023/11/10,920.900024414063,936.200012207031,915.400024414063,935.900024414063,661.400024414063
7337,2023/11/13,949.900024414063,965.100036621094,942.5,956.400024414063,938.299987792969
7337,2023/11/14,969.400024414063,969.799987792969,941,948.900024414063,973.799987792969
7337,2023/11/15,956,960,932.200012207031,934.600036621094,988.5
7337,2023/11/16,930.799987792969,941.700012207031,915.100036621094,916.799987792969,839.600036621094
7337,2023/11/17,910,929.5,906,927.600036621094,907.400024414063
7337,2023/11/20,927.700012207031,947.600036621094,927,929.600036621094,591.700012207031
7337,2023/11/21,919,937,916.700012207031,932.299987792969,597.299987792969
7337,2023/11/22,937,949.799987792969,929.799987792969,936.900024414063,815.799987792969
7337,2023/11/24,944,944.900024414063,936.400024414063,941.5,579.700012207031
7337,2023/11/27,945,954.700012207031,942.400024414063,952.100036621094,527.299987792969
7337,2023/11/28,956,965.400024414063,946.600036621094,949.100036621094,541.700012207031
7337,2023/11/29,942,952.799987792969,928.100036621094,929.200012207031,714.600036621094
7337,2023/11/30,925,929.700012207031,918.5,927,941
7337,2023/12/01,939,948.700012207031,936.200012207031,946.900024414063,698.200012207031
7337,2023/12/04,938.5,949.799987792969,930.400024414063,939.700012207031,764
7337,2023/12/05,938.400024414063,946.700012207031,925,930.299987792969,789.400024414063
7337,2023/12/06,930.400024414063,949.900024414063,930,948.5,848.200012207031
7337,2023/12/07,935,955.100036621094,935,952.900024414063,729.700012207031
7337,2023/12/08,946,972.299987792969,945.400024414063,949.799987792969,1137
7337,2023/12/11,961,968.5,949.100036621094,958.5,777
7337,2023/12/12,957.700012207031,958.200012207031,945.299987792969,946.600036621094,525.700012207031
7337,2023/12/13,955,967.400024414063,955,959.5,515.299987792969
7337,2023/12/14,953.700012207031,959.299987792969,922,922.900024414063,1007.10003662109
7337,2023/12/15,919.299987792969,922,905.100036621094,910,970.100036621094
7337,2023/12/18,906,906,880.700012207031,895.700012207031,1151.90002441406
7337,2023/12/19,898,904.400024414063,889,894.200012207031,686.900024414063
7337,2023/12/20,883.200012207031,894.5,882,886.400024414063,780.100036621094
7337,2023/12/21,878,883.200012207031,875.100036621094,877,755.5
7337,2023/12/22,884.5,893.299987792969,882.100036621094,893.299987792969,671.600036621094
7337,2023/12/25,901,903.299987792969,892.5,899.200012207031,449.300018310547
7337,2023/12/26,896,898.5,886.5,894.400024414063,765
7337,2023/12/27,897.700012207031,900,890.600036621094,898.5,774.100036621094
7337,2023/12/28,895.299987792969,899.900024414063,891.600036621094,899.200012207031,449.300018310547
7337,2023/12/29,902.900024414063,907,897.200012207031,902.700012207031,482.600006103516
7337,2024/01/04,905.600036621094,913.200012207031,892.200012207031,913.200012207031,734.799987792969
7337,2024/01/05,921.5,938,920.5,938,654.799987792969
7337,2024/01/09,942,946.600036621094,931.200012207031,933.400024414063,559.600036621094
7337,2024/01/10,931,940.200012207031,930.100036621094,931.100036621094,581.5
7337,2024/01/11,943,973.900024414063,943,953,1338.30004882813
7337,2024/01/12,954.100036621094,956.100036621094,935.200012207031,935.600036621094,704.799987792969
7337,2024/01/15,936.100036621094,955.700012207031,936.100036621094,948.200012207031,533.700012207031
7337,2024/01/16,952.400024414063,952.900024414063,936.799987792969,938.200012207031,631.700012207031
7337,2024/01/17,940.700012207031,947.200012207031,935.299987792969,935.900024414063,516.299987792969
7337,2024/01/18,937.799987792969,942.5,932.700012207031,940.5,421
7337,2024/01/19,944.400024414063,944.400024414063,936,939.900024414063,444.600006103516
7337,2024/01/22,948,959.600036621094,946.5,956.600036621094,514.400024414063
7337,2024/01/23,962,964.799987792969,950,952.600036621094,532.299987792969
7337,2024/01/24,947.900024414063,978.400024414063,947.100036621094,978,844.5
7337,2024/01/25,980.299987792969,1003,979.700012207031,989.799987792969,1172.90002441406
7337,2024/01/26,982,1000,975,979.100036621094,989.700012207031
7337,2024/01/29,984.100036621094,998,982,994,539.900024414063
7337,2024/01/30,992.5,992.5,983.5,984.600036621094,397.800018310547
7337,2024/01/31,984.600036621094,997,981.100036621094,996.400024414063,525.799987792969
7337,2024/02/01,990,1002.5,983.299987792969,1001,813.5
7337,2024/02/02,999.600036621094,999.600036621094,986.200012207031,990.900024414063,588.100036621094
7337,2024/02/05,1004.5,1022.5,1001,1013,1400.5
7337,2024/02/06,1010,1010.5,982.5,983,1253.80004882813
7337,2024/02/07,978.400024414063,985.799987792969,972.200012207031,983,670.100036621094
7337,2024/02/08,981,998.799987792969,978.400024414063,987.400024414063,769.100036621094
7337,2024/02/09,987.400024414063,987.5,966.299987792969,980.900024414063,746.700012207031
7337,2024/02/13,987,1001,981.700012207031,999.600036621094,769.400024414063
7337,2024/02/14,1003,1009,990.400024414063,994.5,553.700012207031
7337,2024/02/15,1006,1014.5,988.400024414063,990,653.5
7337,2024/02/16,1000,1024.5,998.799987792969,1012.5,1112.20007324219
7337,2024/02/19,1015,1040.5,1013,1040.5,653.299987792969
7337,2024/02/20,1038.5,1045.5,1031,1037,628.900024414063
7337,2024/02/21,1040,1045.5,1033,1039.5,531.200012207031
7337,2024/02/22,1045,1056,1044,1051.5,592.5
7337,2024/02/26,1053.5,1060,1033,1043.5,742.100036621094
7337,2024/02/27,1047.5,1067.5,1040.5,1052,861.799987792969
7337,2024/02/28,1060,1088,1056.5,1064.5,791.5
7337,2024/02/29,1066,1074.5,1062,1068.5,850.200012207031
7337,2024/03/01,1068.5,1084.5,1060.5,1084.5,1027
7337,2024/03/04,1084,1084,1035,1045,2017.20007324219
7337,2024/03/05,1044.5,1054.5,1033,1053.5,1075.30004882813
7337,2024/03/06,1048,1054,1039,1051.5,1469.80004882813
7337,2024/03/07,1046,1070,1043.5,1070,2242.5
7337,2024/03/08,1060,1103.5,1049.5,1096.5,1923.20007324219
7337,2024/03/11,1097.5,1098,1033.5,1045,1445
7337,2024/03/12,1030,1041,1012,1039.5,1097.09997558594
7337,2024/03/13,1062,1065,1031.5,1044,891.299987792969
7337,2024/03/14,1057,1058,1031.5,1036.5,717.600036621094
7337,2024/03/15,1033,1051.5,1031.5,1039.5,1638.70007324219
7337,2024/03/18,1055.5,1063.5,1046,1056,994.900024414063
7337,2024/03/19,1050.5,1071.5,1047,1060.5,1186.20007324219
7337,2024/03/21,1080,1109,1067,1100,1525.20007324219
7337,2024/03/22,1114,1160,1099,1152.5,1707.80004882813
7337,2024/03/25,1132,1132,1106.5,1112,1864.59997558594
7337,2024/03/26,1121.5,1126.5,1101,1116.5,1017.79998779297
7337,2024/03/27,1117,1135,1117,1119.5,1643.59997558594
7337,2024/03/28,1101,1104,1081.5,1083,950.299987792969
7337,2024/03/29,1088.5,1097,1083,1091,476.600006103516
7337,2024/04/01,1094,1097,1055,1057.5,692.5
7337,2024/04/02,1058,1063.5,1032.5,1040,874.299987792969
7337,2024/04/03,1033,1068,1029,1056,845.700012207031
7337,2024/04/04,1061.5,1074,1056,1062,613.299987792969
7337,2024/04/05,1040.5,1058,1034,1058,610.799987792969
7337,2024/04/08,1060,1067.5,1054.5,1062.5,425
7337,2024/04/09,1060,1068.5,1054.5,1065.5,510.399993896484
7337,2024/04/10,1060.5,1073,1058.5,1068.5,380.700012207031
7337,2024/04/11,1063,1096,1061.5,1094.5,716
7337,2024/04/12,1100,1119,1097,1116,1044.09997558594
7337,2024/04/15,1104,1119,1088,1119,566
7337,2024/04/16,1112.5,1124,1072.5,1077,951.799987792969
7337,2024/04/17,1078.5,1080,1052,1057,614.299987792969
7337,2024/04/18,1064,1101,1059,1094,707.400024414063
7337,2024/04/19,1088.5,1098.5,1067.5,1081,738.799987792969
7337,2024/04/22,1098,1108.5,1081.5,1101,733.799987792969
7337,2024/04/23,1108,1117,1099.5,1110,475.100006103516
7337,2024/04/24,1111.5,1119.5,1100.5,1115,571.100036621094
7337,2024/04/25,1106,1114,1095.5,1099,440.200012207031
7337,2024/04/26,1096,1122.5,1092,1117.5,875.100036621094
7337,2024/04/30,1125,1137.5,1120,1136.5,943.100036621094
7337,2024/05/01,1134.5,1134.5,1108,1122,792.799987792969
7337,2024/05/02,1121.5,1129,1114,1128.5,641.700012207031
7337,2024/05/07,1130,1130,1115.5,1117.5,732.900024414063
7337,2024/05/08,1113.5,1120.5,1100.5,1109.5,551.100036621094
7337,2024/05/09,1119.5,1134.5,1115.5,1127,615.900024414063
7337,2024/05/10,1136,1161.5,1131,1161.5,923.299987792969
7337,2024/05/13,1170,1214,1160.5,1205.5,1511
7337,2024/05/14,1138,1191,1130,1188.5,1336.70007324219
7337,2024/05/15,1190.5,1199,1165,1171,1061.5
7337,2024/05/16,1172.5,1172.5,1133,1146.5,829.200012207031
7337,2024/05/17,1141,1159,1132,1156.5,481.300018310547
7337,2024/05/20,1162.5,1172.5,1150.5,1172.5,796.5
7337,2024/05/21,1173,1188.5,1165,1169,656.700012207031
7337,2024/05/22,1174,1197.5,1168.5,1186.5,737
7337,2024/05/23,1190,1190.5,1170.5,1182.5,605.200012207031
7337,2024/05/24,1181,1202,1181,1194.5,776.100036621094
7337,2024/05/27,1200,1223,1197.5,1222.5,598
7337,2024/05/28,1228,1238,1211.5,1231,678.600036621094
7337,2024/05/29,1240,1255.5,1232,1234,942.700012207031
7337,2024/05/30,1223,1248.5,1209,1243.5,734.799987792969
7337,2024/05/31,1253,1280,1252,1277,1949.70007324219
7337,2024/06/03,1299,1299,1280.5,1285,699.799987792969
7337,2024/06/04,1269,1278,1231,1238,1026
7337,2024/06/05,1223,1225.5,1190,1215.5,876.299987792969
7337,2024/06/06,1211.5,1220,1199.5,1205.5,750.900024414063
7337,2024/06/07,1206,1218.5,1197,1210,462.899993896484
7337,2024/06/10,1217,1233,1216,1230.5,520.799987792969
7337,2024/06/11,1235,1243,1222,1222,432.300018310547
7337,2024/06/12,1217.5,1220,1202.5,1210.5,674.900024414063
7337,2024/06/13,1220,1222.5,1174,1179.5,667.299987792969
7337,2024/06/14,1175,1190.5,1168,1186,874
7337,2024/06/17,1185,1192.5,1170,1182.5,526.799987792969
7337,2024/06/18,1195,1196.5,1175.5,1182,390.5
7337,2024/06/19,1193.5,1213,1193,1197.5,555.299987792969
7337,2024/06/20,1190.5,1198.5,1176,1186,392.700012207031
7337,2024/06/21,1199,1204.5,1181.5,1181.5,905.200012207031
7337,2024/06/24,1181.5,1207,1181.5,1196.5,536.900024414063
7337,2024/06/25,1209.5,1228,1203,1219.5,491.600006103516
7337,2024/06/26,1217.5,1230,1216.5,1227,760.600036621094
7337,2024/06/27,1224.5,1234.5,1219,1229.5,494.700012207031
7337,2024/06/28,1235.5,1254.5,1233.5,1243,508.300018310547
7337,2024/07/01,1254.5,1264.5,1237.5,1260,594
7337,2024/07/02,1259.5,1278.5,1257,1269.5,715.600036621094
7337,2024/07/03,1268,1269.5,1245.5,1246.5,650
7337,2024/07/04,1248,1251.5,1233.5,1246.5,433.899993896484
7337,2024/07/05,1245,1245.5,1214.5,1222,606.700012207031
7337,2024/07/08,1221.5,1225.5,1200.5,1203,603.900024414063
7337,2024/07/09,1208.5,1214,1199.5,1207.5,445.600006103516
7337,2024/07/10,1208,1218.5,1199,1207.5,626.600036621094
7337,2024/07/11,1225,1228.5,1208.5,1211,374.600006103516
7337,2024/07/12,1204,1206.5,1194,1202,524.5
7337,2024/07/16,1195,1219,1194.5,1212.5,352.800018310547
7337,2024/07/17,1223.5,1225.5,1211.5,1218,342
7337,2024/07/18,1206,1223,1200.5,1212.5,385.600006103516
7337,2024/07/19,1210.5,1214,1196,1210,364.899993896484
7337,2024/07/22,1210,1212.5,1200,1200,257.399993896484
7337,2024/07/23,1206.5,1225,1205,1220,390.899993896484
7337,2024/07/24,1221,1226,1202.5,1202.5,357.300018310547
7337,2024/07/25,1195,1198,1168.5,1168.5,845.299987792969
7337,2024/07/26,1166.5,1176.5,1150,1162,656.5
7337,2024/07/29,1169,1201.5,1163.5,1199,405.200012207031
7337,2024/07/30,1190,1195,1174,1176.5,500.300018310547
7337,2024/07/31,1190,1235.5,1178,1233,1020.79998779297
7337,2024/08/01,1221,1253,1210,1233,1070.80004882813
7337,2024/08/02,1113,1146.5,1080,1080.5,1477.20007324219
7337,2024/08/05,995,995.400024414063,862.100036621094,882.100036621094,2231.19995117188
7337,2024/08/06,954,1014.5,932.5,961.799987792969,1949
7337,2024/08/07,946.799987792969,1048,935,1029.5,1328.40002441406
7337,2024/08/08,1010,1041,1003.5,1008,1040.80004882813
7337,2024/08/09,1060.5,1084.5,1042.5,1054,1322.20007324219
7337,2024/08/13,1061,1083,1052.5,1079,649.400024414063
7337,2024/08/14,1088,1124,1087,1101,713.600036621094
7337,2024/08/15,1101,1132,1101,1116.5,641.900024414063
7337,2024/08/16,1159.5,1179,1150,1162.5,1083.90002441406
7337,2024/08/19,1162.5,1171.5,1151.5,1157,712.400024414063
7337,2024/08/20,1180.5,1183.5,1156,1162.5,879
7337,2024/08/21,1155,1170,1154,1164,619.700012207031
7337,2024/08/22,1157,1163.5,1128.5,1135,940.299987792969
7337,2024/08/23,1140,1146,1126.5,1139.5,370.800018310547
7337,2024/08/26,1139,1147.5,1111,1112,448.5
7337,2024/08/27,1117.5,1134.5,1114,1127.5,577.700012207031
7337,2024/08/28,1127.5,1147,1119,1146.5,561.900024414063
7337,2024/08/29,1144.5,1148,1132.5,1142,603.900024414063
7337,2024/08/30,1150,1150,1132,1140,712.200012207031
7337,2024/09/02,1154,1155.5,1135.5,1144,561
7337,2024/09/03,1159,1164.5,1149.5,1162,569
7337,2024/09/04,1123.5,1136.5,1119,1122,674.5
7337,2024/09/05,1100,1131.5,1091.5,1109.5,642.5
7337,2024/09/06,1119,1134.5,1113,1116.5,638.700012207031
7337,2024/09/09,1069,1099,1057,1089,621.700012207031
7337,2024/09/10,1090.5,1118,1090,1105,686.700012207031
7337,2024/09/11,1088,1095,1059,1065.5,798.700012207031
7337,2024/09/12,1080,1098.5,1075.5,1088.5,697.100036621094
7337,2024/09/13,1090,1102,1083,1083.5,1021.90002441406
7337,2024/09/17,1089,1092,1045.5,1065.5,756.900024414063
7337,2024/09/18,1075,1080.5,1067,1079.5,575.299987792969
7337,2024/09/19,1094,1110.5,1089,1101.5,706
7337,2024/09/20,1117.5,1120.5,1096,1097,1101.70007324219
7337,2024/09/24,1103.5,1107.5,1083,1083,701
7337,2024/09/25,1085,1094.5,1053.5,1071,1395.20007324219
7337,2024/09/26,1082,1124.5,1071,1121,1986.09997558594
7337,2024/09/27,1103.5,1104,1089,1094.5,1726
7337,2024/09/30,1090,1120,1085.5,1106,1174.90002441406
7337,2024/10/01,1117,1131,1106,1111,789.600036621094
7337,2024/10/02,1095,1113.5,1087.5,1102.5,1143.59997558594
7337,2024/10/03,1128,1128,1091.5,1101.5,723.600036621094
7337,2024/10/04,1110,1133,1107,1131,1114.30004882813
7337,2024/10/07,1159,1189.5,1149.5,1172,1427.5
7337,2024/10/08,1163,1163.5,1127,1141.5,619.799987792969
7337,2024/10/09,1157.5,1165.5,1137,1140.5,461.300018310547
7337,2024/10/10,1149.5,1151.5,1139,1140.5,427.5
7337,2024/10/11,1147.5,1156,1141.5,1144,540
7337,2024/10/15,1159,1164,1152,1159.5,862.100036621094
7337,2024/10/16,1147,1173.5,1141,1155,546.200012207031
7337,2024/10/17,1163.5,1184,1159.5,1170,758.200012207031
7337,2024/10/18,1180,1188.5,1169.5,1180.5,647.200012207031
7337,2024/10/21,1178.5,1178.5,1154.5,1157.5,624.5
7337,2024/10/22,1150,1156.5,1137.5,1150.5,589
7337,2024/10/23,1146.5,1148,1126.5,1129,528.5
7337,2024/10/24,1125.5,1129.5,1109,1118.5,823.600036621094
7337,2024/10/25,1113,1120,1090,1104.5,955.799987792969
7337,2024/10/28,1090,1118.5,1086.5,1109,649.400024414063
7337,2024/10/29,1111.5,1130.5,1110,1121.5,523.400024414063
7337,2024/10/30,1122,1128.5,1116.5,1122.5,1209.40002441406
7337,2024/10/31,1122.5,1133.5,1115.5,1128,805.100036621094
7337,2024/11/01,1116.5,1130,1111.5,1116.5,483.100006103516
7337,2024/11/05,1115,1120,1107,1117,527.299987792969
7337,2024/11/06,1125,1180,1121,1180,960.900024414063
7337,2024/11/07,1211,1233,1185,1190,1332.20007324219
7337,2024/11/08,1196,1212.5,1185,1198,878.600036621094
7337,2024/11/11,1188.5,1197,1138.5,1156.5,1186.59997558594
7337,2024/11/12,1170,1175,1136.5,1144,1205.40002441406
7337,2024/11/13,1145.5,1155,1129,1134.5,958.5
7337,2024/11/14,1136.5,1155.5,1135.5,1148,869.100036621094
7337,2024/11/15,1150,1152,1122.5,1134,1657.40002441406
7337,2024/11/18,1134,1137.5,1126,1130,853.299987792969
7337,2024/11/19,1130,1156,1129.5,1153.5,1016.5
7337,2024/11/20,1141.5,1154.5,1132,1139.5,710.400024414063
7337,2024/11/21,1133.5,1153,1133,1139,541.200012207031
7337,2024/11/22,1139,1153,1136.5,1148.5,581.700012207031
7337,2024/11/25,1158,1163.5,1138,1140,818
7337,2024/11/26,1136,1140.5,1107,1117,1035.30004882813
7337,2024/11/27,1110,1122,1105.5,1109,635.400024414063
7337,2024/11/28,1100,1120.5,1097.5,1114,484.100006103516
7337,2024/11/29,1118,1130,1113,1124,498.899993896484
7337,2024/12/02,1131,1166.5,1129.5,1163,771.299987792969
7337,2024/12/03,1172,1189,1161,1177.5,925.5
7337,2024/12/04,1174,1180,1152,1153,526.5
7337,2024/12/05,1158.5,1163,1143,1156,453.300018310547
7337,2024/12/06,1163,1171,1155,1166,532.400024414063
7337,2024/12/09,1171.5,1174.5,1148.5,1159.5,649.600036621094
7337,2024/12/10,1169.5,1173,1161.5,1162.5,370.600006103516
7337,2024/12/11,1169.5,1177,1160,1177,444.800018310547
7337,2024/12/12,1180,1196.5,1179.5,1182,647.400024414063
7337,2024/12/13,1170.5,1179.5,1158,1164,777.400024414063
7337,2024/12/16,1170.5,1176,1156.5,1170,488.5
7337,2024/12/17,1171,1179,1150.5,1150.5,422.5
7337,2024/12/18,1149.5,1165.5,1145,1160,486
7337,2024/12/19,1143.5,1164.5,1141,1155,537
7337,2024/12/20,1150.5,1151,1139.5,1140.5,733.799987792969
7337,2024/12/23,1135.5,1160,1135.5,1156,706.700012207031
7337,2024/12/24,1166,1174.5,1163,1172.5,485.100006103516
7337,2024/12/25,1168,1168.5,1141,1152,498.399993896484
7337,2024/12/26,1150,1157,1142.5,1157,470.200012207031
7337,2024/12/27,1168.5,1172,1162,1171.5,402.100006103516
7337,2024/12/30,1178,1186,1161,1163.5,569.700012207031
7337,2025/01/06,1168.5,1171.5,1158.5,1164.5,681
7337,2025/01/07,1166.5,1173.5,1157,1166,445
7337,2025/01/08,1160,1179,1159,1170,581.200012207031
7337,2025/01/09,1169,1169,1152,1152,587.900024414063
7337,2025/01/10,1151,1153,1130,1131.5,579.700012207031
7337,2025/01/14,1131,1141,1117,1120.5,808.600036621094
7337,2025/01/15,1129.5,1140.5,1122.5,1140.5,539.700012207031
7337,2025/01/16,1140,1151,1137,1143,685.799987792969
7337,2025/01/17,1132.5,1145,1119.5,1145,570.900024414063
7337,2025/01/20,1155,1167,1151,1166,605.900024414063
7337,2025/01/21,1175,1182,1153,1160,591.5
7337,2025/01/22,1170,1171,1160.5,1164,491.899993896484
7337,2025/01/23,1160,1168.5,1151,1166,503.200012207031
7337,2025/01/24,1166,1175,1150,1163,607.400024414063
7337,2025/01/27,1175,1189,1171,1183.5,626.299987792969
7337,2025/01/28,1178,1201,1175.5,1198,645.400024414063
7337,2025/01/29,1203,1213,1191,1207.5,603.400024414063
7337,2025/01/30,1214.5,1230,1208.5,1230,709.600036621094
7337,2025/01/31,1246,1246,1224.5,1239.5,692.700012207031
7337,2025/02/03,1224,1226.5,1188,1192.5,1272.09997558594
7337,2025/02/04,1210,1218,1198,1204.5,813.299987792969
7337,2025/02/05,1215,1216.5,1187,1190,800.299987792969
7337,2025/02/06,1200,1203,1185.5,1186,508.800018310547
7337,2025/02/07,1186,1193,1172.5,1187,552.299987792969
7337,2025/02/10,1187,1192,1175,1185.5,413.399993896484
7337,2025/02/12,1197,1197,1182,1191,347.100006103516
7337,2025/02/13,1198,1208,1197.5,1201,572.900024414063
7337,2025/02/14,1191,1203,1188,1198.5,411.600006103516
7337,2025/02/17,1204,1211,1198,1208,370.5
7337,2025/02/18,1212,1224,1194,1221.5,517.100036621094
7337,2025/02/19,1220,1239,1200,1200,567.5
7337,2025/02/20,1200,1207,1178,1195,663.200012207031
7337,2025/02/21,1185.5,1208,1179,1201.5,681.600036621094
7337,2025/02/25,1188,1209,1187.5,1204,607.700012207031
7337,2025/02/26,1202,1202,1184,1196,588.900024414063
7337,2025/02/27,1199.5,1199.5,1187,1198,477.600006103516
7337,2025/02/28,1195,1195,1175,1176.5,1096.5
7337,2025/03/03,1195,1200,1176.5,1190,828.100036621094
7337,2025/03/04,1194,1196.5,1181,1191,550.200012207031
7337,2025/03/05,1186,1197,1184,1192.5,535.799987792969
7337,2025/03/06,1197.5,1211.5,1197.5,1211.5,612.700012207031
7337,2025/03/07,1200,1211,1184.5,1211,844.799987792969
7337,2025/03/10,1220,1220.5,1193,1193,823.299987792969
7337,2025/03/11,1178,1178,1151,1169.5,1339.20007324219
7337,2025/03/12,1171.5,1187.5,1171,1184.5,976.299987792969
7337,2025/03/13,1195,1207,1189,1203,813.600036621094
7337,2025/03/14,1208,1232,1204,1232,1081.40002441406
7337,2025/03/17,1248,1248.5,1235.5,1237.5,690.400024414063
7337,2025/03/18,1255,1278,1248,1265.5,1048.30004882813
7337,2025/03/19,1262,1271.5,1259.5,1267,601.299987792969
7337,2025/03/21,1263,1298.5,1263,1293,1074.80004882813
7337,2025/03/24,1290,1291.5,1268,1269,746.200012207031
7337,2025/03/25,1280,1280,1247.5,1252,778.799987792969
7337,2025/03/26,1259,1268.5,1247,1262,1138
7337,2025/03/27,1258,1295.5,1254.5,1294,1811.70007324219
7337,2025/03/28,1274,1285,1245,1248.5,1070.70007324219
7337,2025/03/31,1218.5,1220.5,1191,1211.5,1135.30004882813
7337,2025/04/01,1233,1235,1197,1202.5,811.100036621094
7337,2025/04/02,1200.5,1203,1173.5,1183.5,937.299987792969
7337,2025/04/03,1119.5,1124.5,1087,1103,2009.90002441406
7337,2025/04/04,1031.5,1036,987,1017.5,2408.10009765625
7337,2025/04/07,930,952.5,895,921.700012207031,2082.69995117188
7337,2025/04/08,980,1010,977,997.700012207031,1619.20007324219
7337,2025/04/09,970,983.5,938,965.900024414063,1585.90002441406
7337,2025/04/10,1082,1082,1048,1057,1333.80004882813
7337,2025/04/11,999.700012207031,1036,991,1029,1015.29998779297
7337,2025/04/14,1040,1064,1033,1054.5,742.900024414063
7337,2025/04/15,1066,1073.5,1055.5,1068,680.900024414063
7337,2025/04/16,1072,1080.5,1054,1059,585.799987792969
7337,2025/04/17,1070,1104,1063.5,1100.5,755.600036621094
7337,2025/04/18,1118,1126,1106,1122,625.700012207031
7337,2025/04/21,1107.5,1110.5,1096,1104,484.600006103516
7337,2025/04/22,1109.5,1120.5,1102,1114,524.100036621094
7337,2025/04/23,1143.5,1147.5,1124.5,1126.5,695.200012207031
7337,2025/04/24,1147.5,1149,1131.5,1133,492.200012207031
7337,2025/04/25,1140,1149.5,1130,1131.5,690.5
7337,2025/04/28,1145,1149.5,1139,1141.5,575.700012207031
7337,2025/04/30,1158,1183.5,1155,1180,940.100036621094
7337,2025/05/01,1175.5,1185,1154.5,1160,881.100036621094
7337,2025/05/02,1157.5,1159.5,1121.5,1135,983.200012207031
7337,2025/05/07,1133,1166,1129.5,1161,792.400024414063
7337,2025/05/08,1148,1156,1140,1155.5,674.5
7337,2025/05/09,1168,1190,1162,1186,933
7337,2025/05/12,1212,1277,1205,1234,3111.90014648438
7337,2025/05/13,1242.5,1269,1230.5,1230.5,937.900024414063
7337,2025/05/14,1250,1272.5,1234,1264.5,1015.60003662109
7337,2025/05/15,1255.5,1260,1221,1224.5,795.799987792969
7337,2025/05/16,1225,1227,1183.5,1206,639.900024414063
7337,2025/05/19,1189.5,1208.5,1186,1206.5,567.600036621094
7337,2025/05/20,1207,1218.5,1198,1204,722.700012207031
7337,2025/05/21,1215,1239,1214,1221,855.299987792969
7337,2025/05/22,1208.5,1229.5,1200.5,1217.5,804.900024414063
7337,2025/05/23,1223,1238.5,1222.5,1225.5,789.5
7337,2025/05/26,1240,1242,1225,1225,888
7337,2025/05/27,1217.5,1229.5,1209,1228.5,483.600006103516
7337,2025/05/28,1240,1240,1223.5,1232.5,523.200012207031
7337,2025/05/29,1237,1251,1236,1247,582.900024414063
7337,2025/05/30,1232,1252,1230,1249.5,531.799987792969
7337,2025/06/02,1240.5,1270,1240,1265.5,678.100036621094
7337,2025/06/03,1266,1273.5,1254.5,1254.5,830.900024414063
7337,2025/06/04,1261.5,1285.5,1261.5,1277,954.100036621094
7337,2025/06/05,1263.5,1270.5,1248.5,1248.5,633.400024414063
7337,2025/06/06,1253,1262.5,1243.5,1244.5,479.200012207031
7337,2025/06/09,1257.5,1264.5,1252.5,1261,581.299987792969
7337,2025/06/10,1261,1264,1233.5,1237.5,558.900024414063
7337,2025/06/11,1231.5,1234.5,1220,1222,481.899993896484
7337,2025/06/12,1227,1231,1220.5,1227,364.200012207031
7337,2025/06/13,1228,1228,1210,1220,602.799987792969
7337,2025/06/16,1230,1236,1222,1231.5,393
7337,2025/06/17,1232,1232,1224,1230,271.100006103516
7337,2025/06/18,1224,1229.5,1217.5,1228,474.700012207031
7337,2025/06/19,1233,1236,1222.5,1224.5,336.800018310547
7337,2025/06/20,1217,1224,1206.5,1214.5,814.400024414063
7337,2025/06/23,1210,1214,1195,1210.5,561.100036621094
7337,2025/06/24,1223.5,1223.5,1204,1208.5,536.299987792969
7337,2025/06/25,1210,1211,1200,1205.5,384.600006103516
7337,2025/06/26,1200.5,1211,1200.5,1211,468.800018310547
7337,2025/06/27,1213.5,1226.5,1208.5,1216.5,781.799987792969
7337,2025/06/30,1221,1221.5,1207,1207,806.100036621094
7337,2025/07/01,1153,1179.5,1153,1163,3507.10009765625
7337,2025/07/02,1155,1166,1149,1155,1923.30004882813
7337,2025/07/03,1151,1161.5,1148,1157.5,1575.90002441406
7337,2025/07/04,1167.5,1176,1159,1173,1139.5
7337,2025/07/07,1169,1171,1159,1164,1044
7337,2025/07/08,1164,1181,1161.5,1174,2632.60009765625
7337,2025/07/09,1174,1201.5,1170,1196,4085.40014648438
7337,2025/07/10,1194,1215,1190.5,1210.5,1526.30004882813
7337,2025/07/11,1220,1244.5,1220,1235,1433.30004882813
7337,2025/07/14,1225.5,1235,1211.5,1227,827.400024414063
7337,2025/07/15,1227,1248,1220,1229,6676
7337,2025/07/16,1218,1230,1215,1226,1343
7337,2025/07/17,1226,1244,1220.5,1244,1048.20007324219
7337,2025/07/18,1260,1262.5,1242,1251,1200.5
7337,2025/07/22,1250,1254,1234.5,1247,657.200012207031
7337,2025/07/23,1261,1292,1253.5,1283.5,1484.09997558594
7337,2025/07/24,1290,1315,1289,1315,1455.30004882813
7337,2025/07/25,1302,1319.5,1294,1318,696.5
7337,2025/07/28,1318,1318,1279,1279,907.200012207031
7337,2025/07/29,1268,1292,1264,1287,580.5
7337,2025/07/30,1285,1303.5,1278,1299,698
7337,2025/07/31,1300.5,1330,1300.5,1325.5,1051.59997558594
7337,2025/08/01,1327.5,1347,1318.5,1346.5,1246.09997558594
7337,2025/08/04,1299.5,1322.5,1291,1306.5,1648.30004882813
7337,2025/08/05,1309,1324,1303,1310.5,1057.80004882813
7337,2025/08/06,1313.5,1322,1308.5,1320,1033.20007324219
7337,2025/08/07,1326,1347.5,1325.5,1347.5,965.5
7337,2025/08/08,1358,1370,1347,1354,1181.20007324219
7337,2025/08/12,1365,1375,1352,1357,1337.30004882813
7337,2025/08/13,1365,1376,1348,1364,1048.5
7337,2025/08/14,1352.5,1373,1345.5,1373,910.900024414063
7337,2025/08/15,1375.5,1417,1375.5,1412.5,1409.80004882813
7337,2025/08/18,1407,1407.5,1385,1386,987.799987792969
7337,2025/08/19,1393,1394.5,1367.5,1372,713.5
7337,2025/08/20,1372,1384,1365,1373,555.100036621094
7337,2025/08/21,1373,1379,1362.5,1374.5,585.799987792969
7337,2025/08/22,1392,1411,1388.5,1411,825.200012207031
7337,2025/08/25,1421,1428.5,1407,1417.5,758.400024414063
7337,2025/08/26,1416,1423.5,1392.5,1408.5,928.200012207031
7337,2025/08/27,1408.5,1411.5,1398,1404,610.5
7337,2025/08/28,1404,1423,1398.5,1420,574.5
7337,2025/08/29,1415,1421,1406,1414.5,490.700012207031
7337,2025/09/01,1401.5,1422,1398,1410.5,708.5
7337,2025/09/02,1407,1437.5,1405,1433,769.600036621094
7337,2025/09/03,1434.5,1436,1391,1402.5,993.200012207031
7337,2025/09/04,1403,1417,1401.5,1410.5,587.799987792969
7337,2025/09/05,1415,1420,1405,1413,597.5
7337,2025/09/08,1419,1419,1403.5,1418,632.299987792969
7337,2025/09/09,1423,1427,1403.5,1410.5,570.299987792969
7337,2025/09/10,1404,1432,1401.5,1429.5,720.5
7337,2025/09/11,1430,1435.5,1411,1426.5,610.700012207031
7337,2025/09/12,1432,1432,1421,1424.5,941.200012207031
7337,2025/09/16,1422,1424.5,1406.5,1415,548.200012207031
7337,2025/09/17,1407,1410.5,1390,1401,739.600036621094
7337,2025/09/18,1410,1410,1395,1401.5,561.900024414063
7337,2025/09/19,1401,1414,1390,1401,1392.80004882813
7337,2025/09/22,1401,1425,1400,1418,821.600036621094
7337,2025/09/24,1425,1426,1411.5,1420.5,729.900024414063
7337,2025/09/25,1425,1442.5,1421,1438.5,928.900024414063
7337,2025/09/26,1439,1478,1435.5,1465.5,1190.40002441406
7337,2025/09/29,1438.5,1442.5,1419,1424.5,699.799987792969
7337,2025/09/30,1424,1455,1415,1446,754.299987792969
7337,2025/10/01,1422.5,1431.5,1391.5,1400.5,849.299987792969
7337,2025/10/02,1400,1407,1383.5,1394,699.5
7337,2025/10/03,1394,1413.5,1394,1405,575.700012207031
7337,2025/10/06,1407,1414,1377.5,1406.5,1155.90002441406
7337,2025/10/07,1411,1422,1398,1399.5,550
7337,2025/10/08,1406,1427,1405,1416.5,590.600036621094
7337,2025/10/09,1414,1425,1407.5,1423.5,528.5
7337,2025/10/10,1406,1407.5,1384.5,1384.5,666.799987792969
7337,2025/10/14,1354.5,1371.5,1347,1358,1156.5
7337,2025/10/15,1371.5,1383.5,1364,1380,519.799987792969
7337,2025/10/16,1389.5,1395.5,1378.5,1390,540.100036621094
7337,2025/10/17,1357.5,1366.5,1354,1361,653.200012207031
7337,2025/10/20,1387.5,1397,1370.5,1397,623
7337,2025/10/21,1398,1403,1377.5,1377.5,661.600036621094
7337,2025/10/22,1377.5,1390.5,1375.5,1389.5,680.400024414063
7337,2025/10/23,1387,1401,1383.5,1392,958.5
7337,2025/10/24,1388,1395,1382,1393.5,500.100006103516
7337,2025/10/27,1408,1435.5,1401,1424,901
7337,2025/10/28,1435,1463,1417,1435.5,1630.80004882813
7337,2025/10/29,1435,1440,1414,1426,787.5
7337,2025/10/30,1427.5,1447,1421.5,1444,795.400024414063
7337,2025/10/31,1451.5,1462,1434.5,1440,558.100036621094
7337,2025/11/04,1434,1463.5,1423,1458.5,569.799987792969
7337,2025/11/05,1445,1455.5,1406,1454.5,838
7337,2025/11/06,1460,1490.5,1457,1480.5,580.200012207031
7337,2025/11/07,1474,1479.5,1447.5,1456,584.900024414063
7337,2025/11/10,1480,1499,1436,1449.5,1545.40002441406
7337,2025/11/11,1446.5,1450.5,1425,1449,928.799987792969
7337,2025/11/12,1455,1466.5,1443,1456,727.900024414063
7337,2025/11/13,1468,1486.5,1460,1482.5,587.200012207031
7337,2025/11/14,1471.5,1490.5,1465.5,1478,744.400024414063
7337,2025/11/17,1478.5,1494.5,1467.5,1478,628.700012207031
7337,2025/11/18,1466,1472,1443.5,1446,782.299987792969
7337,2025/11/19,1461,1474,1445.5,1454.5,645.600036621094
7337,2025/11/20,1480,1483,1463.5,1475,769.600036621094
7337,2025/11/21,1464.5,1496,1463.5,1488.5,1180.5
7337,2025/11/25,1509,1509.5,1483,1505,1003.79998779297
7337,2025/11/26,1513.5,1526.5,1505.5,1524,1106.59997558594
7337,2025/11/27,1537,1559.5,1528,1543.5,598.600036621094
7337,2025/11/28,1542,1556,1536.5,1548.5,844.200012207031
7337,2025/12/01,1573,1586.5,1544,1555,1932.90002441406
7337,2025/12/02,1560,1572,1536,1538,1052.40002441406
7337,2025/12/03,1525.5,1527,1501,1515,986.900024414063
7337,2025/12/04,1522,1546,1512,1545,691.400024414063
7337,2025/12/05,1543.5,1553,1534,1546,647.700012207031
7337,2025/12/08,1555.5,1562.5,1530,1542.5,632.100036621094
7337,2025/12/09,1546.5,1551.5,1536.5,1542,573
7337,2025/12/10,1545,1553,1534,1549.5,650.400024414063
7337,2025/12/11,1558,1563.5,1531,1531.5,679
7337,2025/12/12,1553.5,1576.5,1539,1573.5,1001.60003662109
7337,2025/12/15,1576,1607.5,1572,1602,1125
7337,2025/12/16,1599.5,1601,1566,1573,884.700012207031
7337,2025/12/17,1575,1587,1552,1575,618.100036621094
7337,2025/12/18,1575,1583,1566,1581.5,672.5
7337,2025/12/19,1581.5,1617,1581.5,1608,904.299987792969
7337,2025/12/22,1630,1630,1605,1607.5,595.600036621094
7337,2025/12/23,1605,1637.5,1602,1606.5,722.100036621094
7337,2025/12/24,1607.5,1614,1580.5,1586.5,729.799987792969
7337,2025/12/25,1595.5,1595.5,1572.5,1574.5,456.899993896484
7337,2025/12/26,1576,1585.5,1561.5,1568,505.700012207031
7337,2025/12/29,1568,1585,1561,1585,497
7337,2025/12/30,1583.5,1602,1576,1581.5,476.300018310547
