9023,2024/10/23,1630,1768,1621,1739,173716.796875
9023,2024/10/24,1745,1780,1700,1702,62156.19921875
9023,2024/10/25,1678,1685,1605,1609,37035
9023,2024/10/28,1619,1670,1613,1665,16117.6005859375
9023,2024/10/29,1670,1714,1665,1672,10454
9023,2024/10/30,1681,1709,1656,1672,8460
9023,2024/10/31,1676,1686,1658,1661,5523.60009765625
9023,2024/11/01,1660,1685,1656,1672,6172.7001953125
9023,2024/11/05,1685,1687,1662,1663,3311.60009765625
9023,2024/11/06,1667,1670,1630,1650,6372.7001953125
9023,2024/11/07,1659,1661,1632,1647,6035.89990234375
9023,2024/11/08,1640,1655,1618,1631,6396.89990234375
9023,2024/11/11,1639,1652,1631,1644,5747.89990234375
9023,2024/11/12,1649,1686,1646,1681,7481.89990234375
9023,2024/11/13,1670,1709,1667,1686,7378.10009765625
9023,2024/11/14,1675,1717,1658,1706,7129.30029296875
9023,2024/11/15,1710,1718,1696,1698,4087.69995117188
9023,2024/11/18,1709,1746,1705,1715,6161.7001953125
9023,2024/11/19,1720,1738,1716,1724,4062.80004882813
9023,2024/11/20,1718,1732,1695,1716,5344.89990234375
9023,2024/11/21,1729,1732,1700,1700,4247.39990234375
9023,2024/11/22,1720,1738,1698,1737,4932.80029296875
9023,2024/11/25,1758,1823,1738,1795,13810.400390625
9023,2024/11/26,1797,1830,1776,1800,8539.2001953125
9023,2024/11/27,1793,1817,1762,1770,6466.60009765625
9023,2024/11/28,1774,1796,1713,1717,41117.80078125
9023,2024/11/29,1700,1708.5,1660,1660,10241.6005859375
9023,2024/12/02,1670,1688,1659,1677.5,5409.7001953125
9023,2024/12/03,1684.5,1702.5,1679,1685.5,5017.2001953125
9023,2024/12/04,1700,1713.5,1663.5,1665.5,5142.5
9023,2024/12/05,1667.5,1670.5,1644,1644,5643.5
9023,2024/12/06,1650,1659,1623,1627,4551.39990234375
9023,2024/12/09,1637,1641.5,1626,1632.5,3229
9023,2024/12/10,1640,1641.5,1623,1623,4098.2001953125
9023,2024/12/11,1627,1632.5,1620.5,1629.5,2527.5
9023,2024/12/12,1636,1662,1633.5,1657,4275.10009765625
9023,2024/12/13,1649,1656,1631.5,1639.5,3587.30004882813
9023,2024/12/16,1642,1642,1593.5,1594,8543.400390625
9023,2024/12/17,1593,1595,1553,1553,11562.2001953125
9023,2024/12/18,1551.5,1594.5,1542.5,1583.5,4804.10009765625
9023,2024/12/19,1568,1597,1564,1592,3031.5
9023,2024/12/20,1597,1597,1580,1580,2743.80004882813
9023,2024/12/23,1596,1596.5,1556,1572,3770.90014648438
9023,2024/12/24,1582.5,1582.5,1564,1580,2712.80004882813
9023,2024/12/25,1589.5,1589.5,1532,1538,7284.10009765625
9023,2024/12/26,1540,1579,1540,1578.5,4156.10009765625
9023,2024/12/27,1585,1591.5,1578,1588.5,2489.30004882813
9023,2024/12/30,1596,1614,1587,1611,3735.69995117188
9023,2025/01/06,1613.5,1629,1594.5,1629,3745.30004882813
9023,2025/01/07,1629,1639,1612.5,1636.5,3498.69995117188
9023,2025/01/08,1637.5,1658.5,1635.5,1658.5,4135
9023,2025/01/09,1659,1676,1645,1670,3822.5
9023,2025/01/10,1666,1677,1660,1676,2913.10009765625
9023,2025/01/14,1675,1677,1645.5,1666.5,3475.40014648438
9023,2025/01/15,1667,1691.5,1663,1691.5,4124.7001953125
9023,2025/01/16,1680,1682,1664,1671,2930.60009765625
9023,2025/01/17,1671,1707.5,1659.5,1707,4968
9023,2025/01/20,1707,1747,1703,1728,5077.60009765625
9023,2025/01/21,1749.5,1749.5,1705.5,1717,3635.40014648438
9023,2025/01/22,1730,1739.5,1703.5,1725,3833.60009765625
9023,2025/01/23,1725,1731,1704,1728,5737.30029296875
9023,2025/01/24,1728,1736,1697.5,1700,3006.80004882813
9023,2025/01/27,1700,1704.5,1687.5,1699,2464.40014648438
9023,2025/01/28,1690,1743,1690,1739,4672.7001953125
9023,2025/01/29,1728,1761.5,1723,1755,4260.10009765625
9023,2025/01/30,1750,1766,1737.5,1747,2756.69995117188
9023,2025/01/31,1742,1744.5,1719.5,1736.5,2154.80004882813
9023,2025/02/03,1723,1749.5,1714.5,1719.5,2376.40014648438
9023,2025/02/04,1734,1734.5,1701,1719,2131.5
9023,2025/02/05,1702,1731.5,1701.5,1731.5,2656.10009765625
9023,2025/02/06,1740,1755,1729,1741.5,2726.69995117188
9023,2025/02/07,1727.5,1761,1722.5,1747,4278.5
9023,2025/02/10,1750,1789,1749.5,1768.5,3322.60009765625
9023,2025/02/12,1800,1822.5,1729.5,1752,7617.30029296875
9023,2025/02/13,1758.5,1812,1755.5,1801.5,5981.10009765625
9023,2025/02/14,1790,1815,1786.5,1810,3078.19995117188
9023,2025/02/17,1810,1866.5,1810,1836.5,6908.7001953125
9023,2025/02/18,1836.5,1865.5,1829.5,1837,3458.69995117188
9023,2025/02/19,1818,1823,1794.5,1805,3359.60009765625
9023,2025/02/20,1780,1799,1757.5,1765,4130.39990234375
9023,2025/02/21,1789,1795.5,1759,1778.5,3300.10009765625
9023,2025/02/25,1783.5,1792,1737.5,1792,3815.90014648438
9023,2025/02/26,1822,1839,1797,1821.5,4031.80004882813
9023,2025/02/27,1810,1840,1791,1835,3899.90014648438
9023,2025/02/28,1835,1847,1767,1767,25652.900390625
9023,2025/03/03,1771,1791,1754,1789.5,2738.69995117188
9023,2025/03/04,1770.5,1788.5,1761.5,1781,2118.80004882813
9023,2025/03/05,1776.5,1782,1742,1748,3940.19995117188
9023,2025/03/06,1751.5,1758.5,1740,1755.5,2638.90014648438
9023,2025/03/07,1755,1763,1733.5,1743,2348.10009765625
9023,2025/03/10,1753,1758,1725,1728,2356.5
9023,2025/03/11,1725,1801,1724,1777,5093.80029296875
9023,2025/03/12,1790,1813,1790,1805.5,3722.19995117188
9023,2025/03/13,1800,1828.5,1795.5,1823,2572.30004882813
9023,2025/03/14,1831,1855,1816.5,1839,3137.19995117188
9023,2025/03/17,1848,1916.5,1842.5,1916.5,6682.60009765625
9023,2025/03/18,1916.5,1924,1895,1908,4217.5
9023,2025/03/19,1903,1914.5,1887,1912,3741.19995117188
9023,2025/03/21,1932,1983,1930,1976.5,6012.39990234375
9023,2025/03/24,1997,1997,1940.5,1945.5,3736
9023,2025/03/25,1950,1954.5,1924,1931.5,3417.5
9023,2025/03/26,1930,1930.5,1892,1905.5,3540.5
9023,2025/03/27,1904.5,1916.5,1884.5,1897,3415.19995117188
9023,2025/03/28,1858,1870,1849,1860,3083.60009765625
9023,2025/03/31,1827,1833,1803.5,1816,2565.90014648438
9023,2025/04/01,1818,1824.5,1798.5,1804,2280.30004882813
9023,2025/04/02,1816.5,1817,1784.5,1796,2223.30004882813
9023,2025/04/03,1750,1824,1748.5,1824,3138.60009765625
9023,2025/04/04,1825,1861,1808,1846,4456.2001953125
9023,2025/04/07,1738.5,1790,1726,1743,4732.80029296875
9023,2025/04/08,1800,1838.5,1795,1837,3954.40014648438
9023,2025/04/09,1847,1868,1804,1833,3082.10009765625
9023,2025/04/10,1900.5,1924.5,1876.5,1924.5,4474.5
9023,2025/04/11,1923,1962.5,1892.5,1962,5224.5
9023,2025/04/14,1982,2008,1961.5,1968,3673.10009765625
9023,2025/04/15,2000,2015,1963.5,1975,3331.60009765625
9023,2025/04/16,1978,2004.5,1970.5,2001.5,2213.30004882813
9023,2025/04/17,1986.5,2009,1986.5,2009,2151.60009765625
9023,2025/04/18,2009.5,2024.5,1996,2024.5,2548.5
9023,2025/04/21,2043.5,2087,2032,2086.5,2987.90014648438
9023,2025/04/22,2100,2116.5,2068.5,2089.5,2715.60009765625
9023,2025/04/23,2109,2125,2092,2118,3263.5
9023,2025/04/24,2088,2096.5,1982,1989.5,5652
9023,2025/04/25,1974,1988.5,1955.5,1968,4235
9023,2025/04/28,1995.5,1999,1942.5,1962.5,17638.900390625
9023,2025/04/30,1818.5,1829.5,1791.5,1811,15621.6005859375
9023,2025/05/01,1820,1828,1782,1787,7624.7001953125
9023,2025/05/02,1786.5,1806.5,1777.5,1793.5,4866
9023,2025/05/07,1799,1824,1775.5,1823,5406.5
9023,2025/05/08,1827,1836.5,1803,1821,4582.80029296875
9023,2025/05/09,1820,1821,1795,1795,4692
9023,2025/05/12,1806,1823,1798,1823,3137.60009765625
9023,2025/05/13,1819.5,1857.5,1812,1851,4166.80029296875
9023,2025/05/14,1865,1869,1823,1827.5,3052.69995117188
9023,2025/05/15,1824,1878.5,1810.5,1873,4379.80029296875
9023,2025/05/16,1869.5,1877,1841,1855,2949.19995117188
9023,2025/05/19,1848,1884.5,1846.5,1864.5,3422.90014648438
9023,2025/05/20,1859.5,1859.5,1805,1818,4454.10009765625
9023,2025/05/21,1831.5,1831.5,1806,1825,3516.69995117188
9023,2025/05/22,1831.5,1841.5,1815,1841.5,3026.30004882813
9023,2025/05/23,1855,1855,1833,1837.5,2851.60009765625
9023,2025/05/26,1844.5,1885,1841.5,1885,3535.5
9023,2025/05/27,1885,1901,1872.5,1876,3248.80004882813
9023,2025/05/28,1871,1878.5,1846,1848,2856.10009765625
9023,2025/05/29,1844,1845.5,1824,1830,2754
9023,2025/05/30,1826,1843.5,1818,1818.5,7412
9023,2025/06/02,1813.5,1815.5,1776.5,1781.5,7611.10009765625
9023,2025/06/03,1799.5,1802,1772,1772.5,2787.90014648438
9023,2025/06/04,1750,1764,1714,1722.5,6438.60009765625
9023,2025/06/05,1724,1726,1704,1712.5,3544.69995117188
9023,2025/06/06,1710.5,1721.5,1707.5,1712.5,2122.19995117188
9023,2025/06/09,1712,1726.5,1710,1710,2171.90014648438
9023,2025/06/10,1710,1723.5,1701.5,1706.5,3441.60009765625
9023,2025/06/11,1710,1715.5,1693,1699,3516.30004882813
9023,2025/06/12,1694,1702,1689,1700,2582
9023,2025/06/13,1700,1704,1687,1695.5,2553.80004882813
9023,2025/06/16,1705,1718,1698,1708.5,2325
9023,2025/06/17,1711,1720,1705,1705,2173.5
9023,2025/06/18,1698,1705,1690,1690,2410.80004882813
9023,2025/06/19,1701,1703.5,1694,1695.5,1768.59997558594
9023,2025/06/20,1697.5,1699,1675.5,1695.5,21613.400390625
9023,2025/06/23,1699.5,1703,1669,1687.5,2949.69995117188
9023,2025/06/24,1720,1723,1699,1706,3041.10009765625
9023,2025/06/25,1710,1710,1688.5,1691,2413
9023,2025/06/26,1685,1690.5,1675,1688,2596.40014648438
9023,2025/06/27,1696.5,1700.5,1677,1677,3670.10009765625
9023,2025/06/30,1681,1690,1675,1677.5,3173.90014648438
9023,2025/07/01,1680,1698,1656,1656,4961.30029296875
9023,2025/07/02,1658,1670.5,1648,1652,3637.69995117188
9023,2025/07/03,1652,1665,1638,1659,3063.60009765625
9023,2025/07/04,1661,1666.5,1647,1652,2168.80004882813
9023,2025/07/07,1669,1669,1641,1641,2436.80004882813
9023,2025/07/08,1642,1651,1629.5,1629.5,3449.90014648438
9023,2025/07/09,1635,1646,1629,1639.5,3059.5
9023,2025/07/10,1638,1643,1614,1617,4486.39990234375
9023,2025/07/11,1625,1648.5,1623,1637,3289.10009765625
9023,2025/07/14,1637,1643.5,1621,1624,2179.90014648438
9023,2025/07/15,1624,1628.5,1609,1611.5,2930.80004882813
9023,2025/07/16,1608,1626.5,1602,1618,2893.80004882813
9023,2025/07/17,1617,1633,1615,1630,2201.80004882813
9023,2025/07/18,1631.5,1635,1606.5,1606.5,3061.40014648438
9023,2025/07/22,1617,1624,1601,1611.5,2902.19995117188
9023,2025/07/23,1622,1630,1614.5,1619,3841.90014648438
9023,2025/07/24,1635,1635,1614,1629,3850.40014648438
9023,2025/07/25,1629,1634,1609.5,1612,3706.40014648438
9023,2025/07/28,1610.5,1615.5,1607,1608,2207.40014648438
9023,2025/07/29,1609.5,1612,1600,1600.5,2850.40014648438
9023,2025/07/30,1612,1623,1607,1621.5,4202.2001953125
9023,2025/07/31,1629,1638,1624,1631,5506.7001953125
9023,2025/08/01,1600,1663,1600,1663,6732.80029296875
9023,2025/08/04,1660,1697.5,1642,1689,4229.39990234375
9023,2025/08/05,1681,1700,1675.5,1699.5,2942
9023,2025/08/06,1695,1714.5,1695,1707,3041
9023,2025/08/07,1702,1702.5,1686,1698,2699.80004882813
9023,2025/08/08,1700,1725,1698.5,1721,3762.80004882813
9023,2025/08/12,1721,1725,1709.5,1719.5,2860.60009765625
9023,2025/08/13,1718,1719,1690,1690,3446.5
9023,2025/08/14,1695,1702,1684.5,1698,2187.10009765625
9023,2025/08/15,1695,1714.5,1695,1711,2582.60009765625
9023,2025/08/18,1710,1733,1709.5,1728,3028.60009765625
9023,2025/08/19,1730,1736,1722.5,1728.5,1774.90002441406
9023,2025/08/20,1781,1796,1742.5,1748,5647.60009765625
9023,2025/08/21,1747,1751.5,1736,1746.5,2308.69995117188
9023,2025/08/22,1748,1748.5,1724,1739.5,2234.30004882813
9023,2025/08/25,1755,1755.5,1722.5,1731,2238.19995117188
9023,2025/08/26,1720.5,1722,1693.5,1693.5,4070.90014648438
9023,2025/08/27,1688,1710,1684,1710,1886.80004882813
9023,2025/08/28,1698.5,1724,1698.5,1720,2118.5
9023,2025/08/29,1710,1716,1700.5,1711,1698.40002441406
9023,2025/09/01,1711,1729,1708,1728.5,1894
9023,2025/09/02,1725,1737.5,1717,1737.5,1525.80004882813
9023,2025/09/03,1731,1737,1720,1736.5,1855.90002441406
9023,2025/09/04,1740,1748,1720.5,1730,2211.10009765625
9023,2025/09/05,1725,1732.5,1719,1725.5,1703.70007324219
9023,2025/09/08,1733,1753,1725,1746,3985.5
9023,2025/09/09,1751,1755,1730,1744.5,2070.5
9023,2025/09/10,1738.5,1745,1732,1732,1436.09997558594
9023,2025/09/11,1728,1729.5,1710,1716,2365.40014648438
9023,2025/09/12,1704,1719,1698.5,1717.5,2837.10009765625
9023,2025/09/16,1721.5,1735,1714.5,1733,1908.20007324219
9023,2025/09/17,1738,1750,1728.5,1750,2413
9023,2025/09/18,1755,1761.5,1735,1739.5,1827.30004882813
9023,2025/09/19,1732.5,1760.5,1728,1760.5,4260.39990234375
9023,2025/09/22,1766,1767,1740,1740,2622
9023,2025/09/24,1745,1753,1734,1753,2579.69995117188
9023,2025/09/25,1762,1762,1747.5,1752.5,2284.69995117188
9023,2025/09/26,1750,1762,1746,1754,3024
9023,2025/09/29,1722,1726,1703,1709.5,1995.80004882813
9023,2025/09/30,1705.5,1709.5,1693.5,1694.5,1801.90002441406
9023,2025/10/01,1685,1685.5,1671.5,1677,2276.19995117188
9023,2025/10/02,1674,1679,1655,1662,1935.09997558594
9023,2025/10/03,1657.5,1664,1650.5,1650.5,2125.5
9023,2025/10/06,1674,1674.5,1643,1650,3726
9023,2025/10/07,1648,1655.5,1640.5,1650,2607.40014648438
9023,2025/10/08,1648,1652,1631,1636.5,4889.89990234375
9023,2025/10/09,1625,1629,1613,1615,4554.89990234375
9023,2025/10/10,1615,1623,1606.5,1615,3249.30004882813
9023,2025/10/14,1612.5,1619,1603,1616.5,2912.30004882813
9023,2025/10/15,1630.5,1637,1610,1615,2621.80004882813
9023,2025/10/16,1615,1618.5,1610,1616,2019.59997558594
9023,2025/10/17,1626,1632,1611,1613.5,2087.40014648438
9023,2025/10/20,1624.5,1628,1615.5,1623,1848.09997558594
9023,2025/10/21,1621,1625,1613.5,1625,2577.30004882813
9023,2025/10/22,1634,1639,1626,1630,2544.10009765625
9023,2025/10/23,1644.5,1644.5,1612,1612,2770
9023,2025/10/24,1611,1620.5,1610.5,1614,1817.70007324219
9023,2025/10/27,1619.5,1634.5,1617.5,1634.5,2182.60009765625
9023,2025/10/28,1635,1635,1622.5,1630.5,1828.30004882813
9023,2025/10/29,1626,1636.5,1613.5,1616,2498
9023,2025/10/30,1610,1616,1605,1605.5,11711.6005859375
9023,2025/10/31,1612,1636,1612,1619.5,3043.10009765625
9023,2025/11/04,1620,1621,1600.5,1609.5,4310.30029296875
9023,2025/11/05,1612,1636,1609,1629,4143.30029296875
9023,2025/11/06,1617,1633.5,1604,1604,2777.69995117188
9023,2025/11/07,1612,1627.5,1611,1627.5,3132.90014648438
9023,2025/11/10,1635,1649,1617,1617.5,2588.90014648438
9023,2025/11/11,1616,1619,1608,1615.5,2564.10009765625
9023,2025/11/12,1616,1625,1610,1610,2328.60009765625
9023,2025/11/13,1611.5,1615,1606,1606.5,2390.90014648438
9023,2025/11/14,1606.5,1612,1601.5,1605,3065.30004882813
9023,2025/11/17,1602.5,1605,1577,1580,5376.89990234375
9023,2025/11/18,1575,1585,1564,1564.5,3699.90014648438
9023,2025/11/19,1564.5,1579,1564,1566.5,2436.90014648438
9023,2025/11/20,1565,1585.5,1562.5,1564.5,3197
9023,2025/11/21,1576,1620.5,1571,1620.5,7732.80029296875
9023,2025/11/25,1631,1631,1603.5,1619.5,3544.5
9023,2025/11/26,1629,1629,1606,1606,2705.30004882813
9023,2025/11/27,1601,1608,1594,1605,3040.19995117188
9023,2025/11/28,1607,1610,1598.5,1605.5,2332.90014648438
9023,2025/12/01,1610,1614,1600.5,1603,1957.70007324219
9023,2025/12/02,1606,1614,1602.5,1610,1972.80004882813
9023,2025/12/03,1607,1610,1600,1604.5,2239.10009765625
9023,2025/12/04,1598,1613,1596,1613,2333.19995117188
9023,2025/12/05,1606,1611.5,1598.5,1609,2156.30004882813
9023,2025/12/08,1614.5,1614.5,1605,1605,2107.10009765625
9023,2025/12/09,1602.5,1606,1590,1590,3063.10009765625
9023,2025/12/10,1585,1591,1580.5,1580.5,2573.69995117188
9023,2025/12/11,1583,1586,1571,1571,2233.60009765625
9023,2025/12/12,1575,1581.5,1572.5,1581.5,2382.5
9023,2025/12/15,1581,1593.5,1580.5,1590,2647.19995117188
9023,2025/12/16,1587.5,1588,1574,1576,2649.5
9023,2025/12/17,1573,1575.5,1557,1558.5,4383.7001953125
9023,2025/12/18,1561,1577,1561,1564,3619
9023,2025/12/19,1556,1561,1545,1560,6163.80029296875
9023,2025/12/22,1560,1564,1543,1545,5136.80029296875
9023,2025/12/23,1547.5,1576.5,1547.5,1570,4079.69995117188
9023,2025/12/24,1570,1590,1565.5,1588.5,3606
9023,2025/12/25,1588.5,1595,1584,1595,1971.59997558594
9023,2025/12/26,1595,1608.5,1592,1605,2751.69995117188
9023,2025/12/29,1610,1625,1604,1623.5,2798.19995117188
9023,2025/12/30,1625,1632,1594.5,1594.5,2762
