9147,2022/01/04,2293.33349609375,2403.33349609375,2270,2370,2698.2001953125
9147,2022/01/05,2420,2470,2376.66674804688,2453.33349609375,986.400024414063
9147,2022/01/06,2546.66674804688,2546.66674804688,2393.33349609375,2396.66674804688,1077
9147,2022/01/07,2446.66674804688,2446.66674804688,2386.66674804688,2430,1284.90002441406
9147,2022/01/11,2330,2400,2320,2356.66674804688,898.5
9147,2022/01/12,2373.33349609375,2450,2373.33349609375,2436.66674804688,634.200012207031
9147,2022/01/13,2396.66674804688,2450,2343.33349609375,2423.33349609375,731.099975585938
9147,2022/01/14,2400,2450,2370,2396.66674804688,787.5
9147,2022/01/17,2446.66674804688,2450,2396.66674804688,2433.33349609375,509.400024414063
9147,2022/01/18,2456.66674804688,2466.66674804688,2423.33349609375,2443.33349609375,533.099975585938
9147,2022/01/19,2393.33349609375,2420,2343.33349609375,2346.66674804688,800.699951171875
9147,2022/01/20,2333.33349609375,2373.33349609375,2323.33349609375,2326.66674804688,513.300048828125
9147,2022/01/21,2273.33349609375,2320,2253.33349609375,2303.33349609375,722.700012207031
9147,2022/01/24,2200,2230,2116.66674804688,2226.66674804688,1061.40002441406
9147,2022/01/25,2220,2243.33349609375,2183.33349609375,2236.66674804688,736.5
9147,2022/01/26,2246.66674804688,2290,2226.66674804688,2250,425.700012207031
9147,2022/01/27,2183.33349609375,2226.66674804688,2160,2186.66674804688,770.699951171875
9147,2022/01/28,2220,2220,2156.66674804688,2190,795.900024414063
9147,2022/01/31,2183.33349609375,2273.33349609375,2173.33349609375,2256.66674804688,952.199951171875
9147,2022/02/01,2193.33349609375,2263.33349609375,2193.33349609375,2216.66674804688,518.099975585938
9147,2022/02/02,2233.33349609375,2263.33349609375,2220,2230,518.400024414063
9147,2022/02/03,2216.66674804688,2276.66674804688,2216.66674804688,2256.66674804688,680.400024414063
9147,2022/02/04,2256.66674804688,2293.33349609375,2240,2250,653.700012207031
9147,2022/02/07,2226.66674804688,2256.66674804688,2206.66674804688,2250,426.300018310547
9147,2022/02/08,2243.33349609375,2263.33349609375,2220,2250,402.300018310547
9147,2022/02/09,2253.33349609375,2270,2230,2246.66674804688,465
9147,2022/02/10,2253.33349609375,2266.66674804688,2233.33349609375,2253.33349609375,437.700012207031
9147,2022/02/14,2266.66674804688,2273.33349609375,2220,2246.66674804688,640.800048828125
9147,2022/02/15,2313.33349609375,2470,2313.33349609375,2426.66674804688,1909.20007324219
9147,2022/02/16,2423.33349609375,2483.33349609375,2400,2456.66674804688,888.900024414063
9147,2022/02/17,2500,2526.66674804688,2463.33349609375,2490,1000.80004882813
9147,2022/02/18,2466.66674804688,2486.66674804688,2410,2450,620.700012207031
9147,2022/02/21,2423.33349609375,2446.66674804688,2403.33349609375,2443.33349609375,429.599975585938
9147,2022/02/22,2333.33349609375,2360,2310,2330,840
9147,2022/02/24,2326.66674804688,2343.33349609375,2263.33349609375,2280,821.699951171875
9147,2022/02/25,2333.33349609375,2340,2280,2303.33349609375,816.600036621094
9147,2022/02/28,2300,2326.66674804688,2256.66674804688,2326.66674804688,2441.39990234375
9147,2022/03/01,2370,2400,2356.66674804688,2370,1782.60009765625
9147,2022/03/02,2396.66674804688,2453.33349609375,2376.66674804688,2443.33349609375,1176.30004882813
9147,2022/03/03,2463.33349609375,2463.33349609375,2416.66674804688,2433.33349609375,573.900024414063
9147,2022/03/04,2466.66674804688,2466.66674804688,2416.66674804688,2430,776.699951171875
9147,2022/03/07,2440,2496.66674804688,2430,2486.66674804688,1013.69995117188
9147,2022/03/08,2586.66674804688,2600,2506.66674804688,2536.66674804688,1887.60009765625
9147,2022/03/09,2586.66674804688,2590,2536.66674804688,2560,1112.40002441406
9147,2022/03/10,2686.66674804688,2746.66674804688,2646.66674804688,2713.33349609375,1726.5
9147,2022/03/11,2706.66674804688,2756.66674804688,2660,2696.66674804688,1346.10009765625
9147,2022/03/14,2726.66674804688,2743.33349609375,2683.33349609375,2686.66674804688,784.800048828125
9147,2022/03/15,2700,2723.33349609375,2663.33349609375,2703.33349609375,784.5
9147,2022/03/16,2726.66674804688,2810,2710,2786.66674804688,1074.60009765625
9147,2022/03/17,2833.33349609375,2843.33349609375,2760,2816.66674804688,764.099975585938
9147,2022/03/18,2820,2846.66674804688,2796.66674804688,2833.33349609375,1469.40002441406
9147,2022/03/22,2850,2943.33349609375,2850,2903.33349609375,1108.19995117188
9147,2022/03/23,2803.33349609375,2903.33349609375,2763.33349609375,2886.66674804688,908.400024414063
9147,2022/03/24,2846.66674804688,2930,2836.66674804688,2923.33349609375,660.599975585938
9147,2022/03/25,2923.33349609375,2930,2870,2920,669.599975585938
9147,2022/03/28,2940,2946.66674804688,2900,2910,611.099975585938
9147,2022/03/29,2913.33349609375,2930,2860,2923.33349609375,738.599975585938
9147,2022/03/30,2900,2933.33349609375,2853.33349609375,2913.33349609375,688.5
9147,2022/03/31,2830,2873.33349609375,2800,2806.66674804688,1112.40002441406
9147,2022/04/01,2606.66674804688,2756.66674804688,2606.66674804688,2746.66674804688,1267.80004882813
9147,2022/04/04,2726.66674804688,2743.33349609375,2656.66674804688,2716.66674804688,1042.19995117188
9147,2022/04/05,2706.66674804688,2730,2636.66674804688,2680,961.800048828125
9147,2022/04/06,2666.66674804688,2673.33349609375,2606.66674804688,2616.66674804688,856.800048828125
9147,2022/04/07,2516.66674804688,2603.33349609375,2476.66674804688,2590,1331.10009765625
9147,2022/04/08,2550,2550,2430,2440,1900.5
9147,2022/04/11,2450,2473.33349609375,2413.33349609375,2426.66674804688,860.400024414063
9147,2022/04/12,2386.66674804688,2433.33349609375,2363.33349609375,2376.66674804688,904.199951171875
9147,2022/04/13,2393.33349609375,2453.33349609375,2376.66674804688,2436.66674804688,864.300048828125
9147,2022/04/14,2486.66674804688,2513.33349609375,2460,2480,934.5
9147,2022/04/15,2423.33349609375,2473.33349609375,2423.33349609375,2440,534.599975585938
9147,2022/04/18,2436.66674804688,2443.33349609375,2406.66674804688,2430,373.5
9147,2022/04/19,2463.33349609375,2486.66674804688,2443.33349609375,2470,831.600036621094
9147,2022/04/20,2510,2520,2476.66674804688,2500,593.400024414063
9147,2022/04/21,2486.66674804688,2556.66674804688,2486.66674804688,2543.33349609375,922.199951171875
9147,2022/04/22,2533.33349609375,2570,2533.33349609375,2550,871.800048828125
9147,2022/04/25,2480,2513.33349609375,2463.33349609375,2470,948.300048828125
9147,2022/04/26,2473.33349609375,2490,2450,2480,901.800048828125
9147,2022/04/27,2446.66674804688,2476.66674804688,2436.66674804688,2456.66674804688,1391.69995117188
9147,2022/04/28,2576.66674804688,2576.66674804688,2513.33349609375,2546.66674804688,1252.19995117188
9147,2022/05/02,2530,2583.33349609375,2526.66674804688,2570,661.5
9147,2022/05/06,2663.33349609375,2663.33349609375,2586.66674804688,2640,1406.40002441406
9147,2022/05/09,2663.33349609375,2663.33349609375,2580,2603.33349609375,735
9147,2022/05/10,2563.33349609375,2563.33349609375,2500,2536.66674804688,744
9147,2022/05/11,2520,2533.33349609375,2493.33349609375,2516.66674804688,585
9147,2022/05/12,2466.66674804688,2516.66674804688,2450,2486.66674804688,838.5
9147,2022/05/13,2500,2570,2493.33349609375,2550,1622.39990234375
9147,2022/05/16,2593.33349609375,2610,2553.33349609375,2583.33349609375,892.199951171875
9147,2022/05/17,2563.33349609375,2586.66674804688,2556.66674804688,2566.66674804688,906.600036621094
9147,2022/05/18,2550,2580,2536.66674804688,2543.33349609375,1782
9147,2022/05/19,2493.33349609375,2493.33349609375,2440,2463.33349609375,1804.5
9147,2022/05/20,2426.66674804688,2443.33349609375,2406.66674804688,2426.66674804688,1458.30004882813
9147,2022/05/23,2456.66674804688,2486.66674804688,2450,2480,882.900024414063
9147,2022/05/24,2493.33349609375,2500,2456.66674804688,2480,961.800048828125
9147,2022/05/25,2473.33349609375,2506.66674804688,2470,2480,893.400024414063
9147,2022/05/26,2500,2523.33349609375,2483.33349609375,2483.33349609375,777
9147,2022/05/27,2490,2493.33349609375,2450,2466.66674804688,856.5
9147,2022/05/30,2483.33349609375,2496.66674804688,2456.66674804688,2486.66674804688,1468.80004882813
9147,2022/05/31,2500,2500,2466.66674804688,2483.33349609375,1875.30004882813
9147,2022/06/01,2500,2600,2496.66674804688,2596.66674804688,1052.10009765625
9147,2022/06/02,2586.66674804688,2586.66674804688,2526.66674804688,2570,754.800048828125
9147,2022/06/03,2583.33349609375,2616.66674804688,2563.33349609375,2583.33349609375,840
9147,2022/06/06,2593.33349609375,2646.66674804688,2586.66674804688,2630,861
9147,2022/06/07,2636.66674804688,2640,2566.66674804688,2576.66674804688,1454.40002441406
9147,2022/06/08,2610,2626.66674804688,2590,2610,859.5
9147,2022/06/09,2593.33349609375,2626.66674804688,2583.33349609375,2606.66674804688,883.199951171875
9147,2022/06/10,2586.66674804688,2610,2576.66674804688,2590,877.199951171875
9147,2022/06/13,2580,2603.33349609375,2573.33349609375,2583.33349609375,511.5
9147,2022/06/14,2553.33349609375,2560,2530,2553.33349609375,763.5
9147,2022/06/15,2563.33349609375,2570,2536.66674804688,2536.66674804688,940.5
9147,2022/06/16,2566.66674804688,2593.33349609375,2556.66674804688,2583.33349609375,833.699951171875
9147,2022/06/17,2523.33349609375,2553.33349609375,2466.66674804688,2466.66674804688,2367
9147,2022/06/20,2493.33349609375,2500,2460,2473.33349609375,657.300048828125
9147,2022/06/21,2473.33349609375,2536.66674804688,2473.33349609375,2520,598.200012207031
9147,2022/06/22,2520,2523.33349609375,2473.33349609375,2483.33349609375,950.400024414063
9147,2022/06/23,2500,2526.66674804688,2486.66674804688,2493.33349609375,735
9147,2022/06/24,2493.33349609375,2536.66674804688,2486.66674804688,2530,614.400024414063
9147,2022/06/27,2550,2556.66674804688,2523.33349609375,2543.33349609375,616.200012207031
9147,2022/06/28,2540,2573.33349609375,2520,2566.66674804688,1899.30004882813
9147,2022/06/29,2456.66674804688,2490,2450,2470,2034
9147,2022/06/30,2500,2506.66674804688,2453.33349609375,2456.66674804688,1054.5
9147,2022/07/01,2446.66674804688,2473.33349609375,2400,2410,864.300048828125
9147,2022/07/04,2423.33349609375,2443.33349609375,2403.33349609375,2426.66674804688,491.400024414063
9147,2022/07/05,2460,2460,2373.33349609375,2393.33349609375,906.600036621094
9147,2022/07/06,2386.66674804688,2390,2310,2320,1028.40002441406
9147,2022/07/07,2330,2360,2306.66674804688,2353.33349609375,1112.69995117188
9147,2022/07/08,2430,2523.33349609375,2430,2506.66674804688,2107.2001953125
9147,2022/07/11,2513.33349609375,2520,2473.33349609375,2516.66674804688,934.800048828125
9147,2022/07/12,2483.33349609375,2493.33349609375,2436.66674804688,2443.33349609375,801.600036621094
9147,2022/07/13,2450,2496.66674804688,2450,2463.33349609375,768
9147,2022/07/14,2460,2500,2456.66674804688,2493.33349609375,593.099975585938
9147,2022/07/15,2516.66674804688,2516.66674804688,2483.33349609375,2513.33349609375,592.800048828125
9147,2022/07/19,2530,2530,2490,2520,673.5
9147,2022/07/20,2530,2560,2516.66674804688,2560,1149.90002441406
9147,2022/07/21,2550,2566.66674804688,2546.66674804688,2560,740.700012207031
9147,2022/07/22,2560,2580,2543.33349609375,2570,1092.60009765625
9147,2022/07/25,2583.33349609375,2610,2573.33349609375,2610,1110.90002441406
9147,2022/07/26,2576.66674804688,2600,2560,2586.66674804688,902.100036621094
9147,2022/07/27,2590,2610,2566.66674804688,2610,961.5
9147,2022/07/28,2603.33349609375,2630,2590,2610,3114.60009765625
9147,2022/07/29,2613.33349609375,2646.66674804688,2593.33349609375,2633.33349609375,1731.89990234375
9147,2022/08/01,2626.66674804688,2626.66674804688,2536.66674804688,2550,1475.10009765625
9147,2022/08/02,2546.66674804688,2570,2526.66674804688,2556.66674804688,718.800048828125
9147,2022/08/03,2533.33349609375,2550,2510,2526.66674804688,947.400024414063
9147,2022/08/04,2430,2483.33349609375,2430,2453.33349609375,1267.80004882813
9147,2022/08/05,2460,2496.66674804688,2443.33349609375,2490,1048.80004882813
9147,2022/08/08,2490,2526.66674804688,2486.66674804688,2513.33349609375,870.600036621094
9147,2022/08/09,2533.33349609375,2550,2500,2503.33349609375,699.900024414063
9147,2022/08/10,2530,2550,2493.33349609375,2536.66674804688,1092
9147,2022/08/12,2630,2743.33349609375,2623.33349609375,2743.33349609375,3330.60009765625
9147,2022/08/15,2710,2716.66674804688,2670,2676.66674804688,1071
9147,2022/08/16,2666.66674804688,2716.66674804688,2663.33349609375,2713.33349609375,882.900024414063
9147,2022/08/17,2713.33349609375,2713.33349609375,2676.66674804688,2700,982.199951171875
9147,2022/08/18,2666.66674804688,2670,2640,2656.66674804688,868.800048828125
9147,2022/08/19,2583.33349609375,2623.33349609375,2573.33349609375,2606.66674804688,1251.60009765625
9147,2022/08/22,2603.33349609375,2620,2590,2606.66674804688,794.400024414063
9147,2022/08/23,2613.33349609375,2613.33349609375,2580,2583.33349609375,691.800048828125
9147,2022/08/24,2603.33349609375,2620,2570,2580,878.699951171875
9147,2022/08/25,2606.66674804688,2610,2583.33349609375,2606.66674804688,586.800048828125
9147,2022/08/26,2610,2620,2576.66674804688,2580,817.5
9147,2022/08/29,2510,2543.33349609375,2506.66674804688,2530,856.199951171875
9147,2022/08/30,2570,2570,2536.66674804688,2543.33349609375,684.300048828125
9147,2022/08/31,2576.66674804688,2586.66674804688,2553.33349609375,2563.33349609375,1525.5
9147,2022/09/01,2563.33349609375,2570,2533.33349609375,2540,939.600036621094
9147,2022/09/02,2566.66674804688,2570,2533.33349609375,2560,902.100036621094
9147,2022/09/05,2533.33349609375,2536.66674804688,2496.66674804688,2513.33349609375,1054.19995117188
9147,2022/09/06,2530,2533.33349609375,2486.66674804688,2493.33349609375,1062.90002441406
9147,2022/09/07,2483.33349609375,2506.66674804688,2460,2493.33349609375,849.900024414063
9147,2022/09/08,2496.66674804688,2536.66674804688,2496.66674804688,2516.66674804688,1178.40002441406
9147,2022/09/09,2506.66674804688,2533.33349609375,2500,2523.33349609375,983.100036621094
9147,2022/09/12,2546.66674804688,2556.66674804688,2520,2536.66674804688,1112.40002441406
9147,2022/09/13,2556.66674804688,2580,2553.33349609375,2576.66674804688,865.800048828125
9147,2022/09/14,2526.66674804688,2566.66674804688,2520,2556.66674804688,992.100036621094
9147,2022/09/15,2576.66674804688,2586.66674804688,2530,2540,820.800048828125
9147,2022/09/16,2490,2496.66674804688,2410,2413.33349609375,2799
9147,2022/09/20,2416.66674804688,2446.66674804688,2406.66674804688,2413.33349609375,1441.19995117188
9147,2022/09/21,2383.33349609375,2440,2380,2426.66674804688,1607.39990234375
9147,2022/09/22,2446.66674804688,2460,2433.33349609375,2446.66674804688,1158.90002441406
9147,2022/09/26,2423.33349609375,2446.66674804688,2406.66674804688,2413.33349609375,1067.40002441406
9147,2022/09/27,2436.66674804688,2456.66674804688,2430,2440,1053.90002441406
9147,2022/09/28,2490,2490,2413.33349609375,2446.66674804688,1701.89990234375
9147,2022/09/29,2423.33349609375,2473.33349609375,2423.33349609375,2473.33349609375,1251.30004882813
9147,2022/09/30,2433.33349609375,2476.66674804688,2426.66674804688,2453.33349609375,1089
9147,2022/10/03,2450,2483.33349609375,2416.66674804688,2480,1000.5
9147,2022/10/04,2526.66674804688,2540,2506.66674804688,2540,991.199951171875
9147,2022/10/05,2543.33349609375,2560,2513.33349609375,2523.33349609375,1309.5
9147,2022/10/06,2543.33349609375,2570,2530,2553.33349609375,874.5
9147,2022/10/07,2516.66674804688,2530,2490,2500,1093.19995117188
9147,2022/10/11,2496.66674804688,2496.66674804688,2436.66674804688,2466.66674804688,1226.10009765625
9147,2022/10/12,2463.33349609375,2473.33349609375,2446.66674804688,2446.66674804688,1068.30004882813
9147,2022/10/13,2446.66674804688,2460,2433.33349609375,2450,888
9147,2022/10/14,2496.66674804688,2510,2473.33349609375,2490,1332.30004882813
9147,2022/10/17,2460,2483.33349609375,2450,2450,1181.69995117188
9147,2022/10/18,2473.33349609375,2490,2466.66674804688,2466.66674804688,868.800048828125
9147,2022/10/19,2466.66674804688,2490,2450,2476.66674804688,583.200012207031
9147,2022/10/20,2463.33349609375,2483.33349609375,2446.66674804688,2480,1086.60009765625
9147,2022/10/21,2453.33349609375,2463.33349609375,2430,2450,928.5
9147,2022/10/24,2466.66674804688,2473.33349609375,2436.66674804688,2443.33349609375,758.700012207031
9147,2022/10/25,2460,2473.33349609375,2443.33349609375,2460,924.300048828125
9147,2022/10/26,2466.66674804688,2480,2443.33349609375,2443.33349609375,837.900024414063
9147,2022/10/27,2440,2463.33349609375,2430,2440,861.300048828125
9147,2022/10/28,2426.66674804688,2450,2423.33349609375,2436.66674804688,2473.5
9147,2022/10/31,2460,2490,2453.33349609375,2490,933
9147,2022/11/01,2506.66674804688,2530,2500,2530,732
9147,2022/11/02,2516.66674804688,2533.33349609375,2480,2496.66674804688,871.800048828125
9147,2022/11/04,2466.66674804688,2476.66674804688,2406.66674804688,2433.33349609375,1578.89990234375
9147,2022/11/07,2460,2500,2443.33349609375,2490,989.699951171875
9147,2022/11/08,2500,2523.33349609375,2490,2520,894.900024414063
9147,2022/11/09,2526.66674804688,2546.66674804688,2520,2536.66674804688,1226.10009765625
9147,2022/11/10,2543.33349609375,2543.33349609375,2486.66674804688,2496.66674804688,1323.60009765625
9147,2022/11/11,2536.66674804688,2543.33349609375,2520,2543.33349609375,1096.5
9147,2022/11/14,2526.66674804688,2583.33349609375,2526.66674804688,2560,821.100036621094
9147,2022/11/15,2570,2586.66674804688,2553.33349609375,2573.33349609375,562.800048828125
9147,2022/11/16,2583.33349609375,2586.66674804688,2553.33349609375,2586.66674804688,632.099975585938
9147,2022/11/17,2573.33349609375,2620,2570,2610,630
9147,2022/11/18,2616.66674804688,2640,2606.66674804688,2620,616.800048828125
9147,2022/11/21,2626.66674804688,2636.66674804688,2606.66674804688,2616.66674804688,517.200012207031
9147,2022/11/22,2653.33349609375,2660,2630,2646.66674804688,754.800048828125
9147,2022/11/24,2653.33349609375,2683.33349609375,2650,2680,670.800048828125
9147,2022/11/25,2683.33349609375,2716.66674804688,2680,2703.33349609375,624.300048828125
9147,2022/11/28,2693.33349609375,2716.66674804688,2690,2710,628.800048828125
9147,2022/11/29,2700,2710,2686.66674804688,2700,645.900024414063
9147,2022/11/30,2690,2723.33349609375,2663.33349609375,2696.66674804688,2141.10009765625
9147,2022/12/01,2730,2730,2670,2673.33349609375,671.700012207031
9147,2022/12/02,2686.66674804688,2686.66674804688,2630,2646.66674804688,816.900024414063
9147,2022/12/05,2626.66674804688,2643.33349609375,2596.66674804688,2640,638.400024414063
9147,2022/12/06,2646.66674804688,2663.33349609375,2640,2650,528.900024414063
9147,2022/12/07,2630,2683.33349609375,2630,2670,743.400024414063
9147,2022/12/08,2660,2690,2630,2683.33349609375,1099.80004882813
9147,2022/12/09,2716.66674804688,2720,2693.33349609375,2700,982.800048828125
9147,2022/12/12,2686.66674804688,2713.33349609375,2673.33349609375,2680,614.099975585938
9147,2022/12/13,2690,2696.66674804688,2646.66674804688,2646.66674804688,860.400024414063
9147,2022/12/14,2660,2673.33349609375,2646.66674804688,2663.33349609375,738.599975585938
9147,2022/12/15,2653.33349609375,2683.33349609375,2650,2670,799.5
9147,2022/12/16,2643.33349609375,2663.33349609375,2626.66674804688,2630,875.100036621094
9147,2022/12/19,2616.66674804688,2650,2610,2633.33349609375,549.300048828125
9147,2022/12/20,2653.33349609375,2663.33349609375,2593.33349609375,2606.66674804688,816
9147,2022/12/21,2596.66674804688,2630,2583.33349609375,2620,785.699951171875
9147,2022/12/22,2636.66674804688,2636.66674804688,2613.33349609375,2620,472.5
9147,2022/12/23,2616.66674804688,2640,2616.66674804688,2626.66674804688,431.700012207031
9147,2022/12/26,2630,2646.66674804688,2620,2626.66674804688,375.900024414063
9147,2022/12/27,2640,2650,2616.66674804688,2633.33349609375,559.800048828125
9147,2022/12/28,2610,2623.33349609375,2576.66674804688,2583.33349609375,968.100036621094
9147,2022/12/29,2526.66674804688,2533.33349609375,2496.66674804688,2523.33349609375,649.200012207031
9147,2022/12/30,2530,2540,2513.33349609375,2513.33349609375,493.200012207031
9147,2023/01/04,2486.66674804688,2486.66674804688,2420,2420,992.400024414063
9147,2023/01/05,2436.66674804688,2440,2386.66674804688,2403.33349609375,779.100036621094
9147,2023/01/06,2400,2423.33349609375,2396.66674804688,2400,629.700012207031
9147,2023/01/10,2416.66674804688,2430,2396.66674804688,2400,762.900024414063
9147,2023/01/11,2396.66674804688,2416.66674804688,2396.66674804688,2413.33349609375,766.200012207031
9147,2023/01/12,2423.33349609375,2430,2400,2406.66674804688,756.900024414063
9147,2023/01/13,2393.33349609375,2416.66674804688,2393.33349609375,2410,714.599975585938
9147,2023/01/16,2390,2393.33349609375,2350,2353.33349609375,887.100036621094
9147,2023/01/17,2356.66674804688,2390,2346.66674804688,2383.33349609375,696.900024414063
9147,2023/01/18,2383.33349609375,2420,2370,2420,755.700012207031
9147,2023/01/19,2393.33349609375,2403.33349609375,2370,2383.33349609375,746.700012207031
9147,2023/01/20,2400,2400,2366.66674804688,2386.66674804688,513.300048828125
9147,2023/01/23,2410,2420,2390,2410,503.099975585938
9147,2023/01/24,2426.66674804688,2450,2416.66674804688,2446.66674804688,541.200012207031
9147,2023/01/25,2440,2450,2423.33349609375,2450,472.5
9147,2023/01/26,2456.66674804688,2466.66674804688,2450,2460,496.800018310547
9147,2023/01/27,2473.33349609375,2476.66674804688,2440,2453.33349609375,489.300018310547
9147,2023/01/30,2463.33349609375,2486.66674804688,2460,2476.66674804688,815.699951171875
9147,2023/01/31,2493.33349609375,2506.66674804688,2483.33349609375,2503.33349609375,760.800048828125
9147,2023/02/01,2516.66674804688,2523.33349609375,2483.33349609375,2483.33349609375,503.400024414063
9147,2023/02/02,2516.66674804688,2516.66674804688,2456.66674804688,2456.66674804688,442.800018310547
9147,2023/02/03,2463.33349609375,2493.33349609375,2450,2483.33349609375,500.400024414063
9147,2023/02/06,2500,2503.33349609375,2466.66674804688,2476.66674804688,481.800018310547
9147,2023/02/07,2490,2506.66674804688,2483.33349609375,2503.33349609375,696.300048828125
9147,2023/02/08,2516.66674804688,2516.66674804688,2480,2493.33349609375,497.099975585938
9147,2023/02/09,2466.66674804688,2473.33349609375,2460,2466.66674804688,403.200012207031
9147,2023/02/10,2466.66674804688,2486.66674804688,2453.33349609375,2486.66674804688,636.900024414063
9147,2023/02/13,2476.66674804688,2483.33349609375,2443.33349609375,2476.66674804688,385.5
9147,2023/02/14,2476.66674804688,2483.33349609375,2453.33349609375,2473.33349609375,629.099975585938
9147,2023/02/15,2486.66674804688,2506.66674804688,2443.33349609375,2446.66674804688,1003.5
9147,2023/02/16,2456.66674804688,2490,2456.66674804688,2473.33349609375,778.800048828125
9147,2023/02/17,2500,2523.33349609375,2493.33349609375,2513.33349609375,1028.10009765625
9147,2023/02/20,2530,2553.33349609375,2516.66674804688,2553.33349609375,834.300048828125
9147,2023/02/21,2536.66674804688,2550,2523.33349609375,2546.66674804688,557.400024414063
9147,2023/02/22,2543.33349609375,2566.66674804688,2526.66674804688,2540,942
9147,2023/02/24,2543.33349609375,2560,2526.66674804688,2550,651.300048828125
9147,2023/02/27,2553.33349609375,2556.66674804688,2526.66674804688,2553.33349609375,480.599975585938
9147,2023/02/28,2560,2590,2523.33349609375,2533.33349609375,1267.80004882813
9147,2023/03/01,2570,2613.33349609375,2563.33349609375,2576.66674804688,1313.40002441406
9147,2023/03/02,2576.66674804688,2620,2576.66674804688,2606.66674804688,834.900024414063
9147,2023/03/03,2610,2623.33349609375,2576.66674804688,2620,884.100036621094
9147,2023/03/06,2633.33349609375,2643.33349609375,2613.33349609375,2616.66674804688,525.300048828125
9147,2023/03/07,2600,2640,2600,2636.66674804688,646.200012207031
9147,2023/03/08,2630,2650,2626.66674804688,2643.33349609375,639
9147,2023/03/09,2656.66674804688,2683.33349609375,2653.33349609375,2660,604.200012207031
9147,2023/03/10,2650,2666.66674804688,2623.33349609375,2626.66674804688,1027.5
9147,2023/03/13,2620,2633.33349609375,2583.33349609375,2596.66674804688,491.700012207031
9147,2023/03/14,2546.66674804688,2560,2530,2546.66674804688,1222.19995117188
9147,2023/03/15,2566.66674804688,2566.66674804688,2543.33349609375,2563.33349609375,865.800048828125
9147,2023/03/16,2523.33349609375,2563.33349609375,2520,2546.66674804688,903.900024414063
9147,2023/03/17,2576.66674804688,2603.33349609375,2560,2600,1246.5
9147,2023/03/20,2580,2580,2490,2500,784.5
9147,2023/03/22,2546.66674804688,2546.66674804688,2510,2533.33349609375,741.900024414063
9147,2023/03/23,2540,2563.33349609375,2506.66674804688,2550,839.100036621094
9147,2023/03/24,2546.66674804688,2553.33349609375,2520,2530,783.900024414063
9147,2023/03/27,2566.66674804688,2590,2550,2583.33349609375,782.400024414063
9147,2023/03/28,2630,2640,2580,2603.33349609375,1212.60009765625
9147,2023/03/29,2613.33349609375,2666.66674804688,2603.33349609375,2666.66674804688,1036.5
9147,2023/03/30,2666.66674804688,2693.33349609375,2656.66674804688,2680,720.300048828125
9147,2023/03/31,2683.33349609375,2690,2653.33349609375,2656.66674804688,1163.10009765625
9147,2023/04/03,2623.33349609375,2680,2620,2680,1007.10003662109
9147,2023/04/04,2666.66674804688,2666.66674804688,2620,2626.66674804688,1285.19995117188
9147,2023/04/05,2610,2633.33349609375,2556.66674804688,2566.66674804688,1121.10009765625
9147,2023/04/06,2570,2580,2536.66674804688,2546.66674804688,837.900024414063
9147,2023/04/07,2536.66674804688,2546.66674804688,2526.66674804688,2536.66674804688,621.900024414063
9147,2023/04/10,2553.33349609375,2560,2533.33349609375,2540,479.400024414063
9147,2023/04/11,2553.33349609375,2613.33349609375,2553.33349609375,2576.66674804688,936.900024414063
9147,2023/04/12,2576.66674804688,2613.33349609375,2573.33349609375,2596.66674804688,804.300048828125
9147,2023/04/13,2623.33349609375,2630,2590,2593.33349609375,719.700012207031
9147,2023/04/14,2543.33349609375,2573.33349609375,2540,2573.33349609375,1273.5
9147,2023/04/17,2590,2600,2566.66674804688,2576.66674804688,620.700012207031
9147,2023/04/18,2583.33349609375,2586.66674804688,2556.66674804688,2560,909.900024414063
9147,2023/04/19,2576.66674804688,2626.66674804688,2566.66674804688,2610,924.900024414063
9147,2023/04/20,2600,2640,2600,2610,974.100036621094
9147,2023/04/21,2610,2653.33349609375,2603.33349609375,2636.66674804688,744.300048828125
9147,2023/04/24,2640,2650,2610,2620,383.400024414063
9147,2023/04/25,2656.66674804688,2660,2630,2633.33349609375,465.900024414063
9147,2023/04/26,2613.33349609375,2630,2590,2606.66674804688,741.300048828125
9147,2023/04/27,2600,2620,2593.33349609375,2610,689.400024414063
9147,2023/04/28,2613.33349609375,2653.33349609375,2613.33349609375,2653.33349609375,874.5
9147,2023/05/01,2666.66674804688,2703.33349609375,2666.66674804688,2683.33349609375,758.400024414063
9147,2023/05/02,2696.66674804688,2720,2686.66674804688,2706.66674804688,880.199951171875
9147,2023/05/08,2710,2743.33349609375,2700,2720,1033.80004882813
9147,2023/05/09,2750,2763.33349609375,2733.33349609375,2743.33349609375,1034.10009765625
9147,2023/05/10,2740,2770,2723.33349609375,2766.66674804688,858.600036621094
9147,2023/05/11,2740,2763.33349609375,2733.33349609375,2763.33349609375,652.200012207031
9147,2023/05/12,2780,2790,2743.33349609375,2763.33349609375,1285.5
9147,2023/05/15,2753.33349609375,2760,2640,2696.66674804688,1645.20007324219
9147,2023/05/16,2716.66674804688,2736.66674804688,2696.66674804688,2713.33349609375,1132.80004882813
9147,2023/05/17,2720,2750,2710,2746.66674804688,940.199951171875
9147,2023/05/18,2766.66674804688,2766.66674804688,2700,2720,1065
9147,2023/05/19,2740,2786.66674804688,2733.33349609375,2766.66674804688,1107
9147,2023/05/22,2766.66674804688,2783.33349609375,2753.33349609375,2783.33349609375,853.5
9147,2023/05/23,2793.33349609375,2823.33349609375,2753.33349609375,2773.33349609375,992.100036621094
9147,2023/05/24,2803.33349609375,2810,2766.66674804688,2780,716.400024414063
9147,2023/05/25,2760,2783.33349609375,2740,2776.66674804688,717.900024414063
9147,2023/05/26,2770,2770,2726.66674804688,2733.33349609375,1009.80004882813
9147,2023/05/29,2756.66674804688,2763.33349609375,2733.33349609375,2740,654.300048828125
9147,2023/05/30,2726.66674804688,2743.33349609375,2690,2693.33349609375,636.900024414063
9147,2023/05/31,2673.33349609375,2696.66674804688,2610,2610,4245.2998046875
9147,2023/06/01,2630,2653.33349609375,2623.33349609375,2640,886.5
9147,2023/06/02,2660,2673.33349609375,2640,2666.66674804688,882.300048828125
9147,2023/06/05,2697.66674804688,2716.66674804688,2688.33349609375,2714.33349609375,868.5
9147,2023/06/06,2690,2735,2679.33349609375,2733.66674804688,894.600036621094
9147,2023/06/07,2761,2761,2713.66674804688,2716.66674804688,1570.80004882813
9147,2023/06/08,2722,2722.33349609375,2688.33349609375,2707.66674804688,924.900024414063
9147,2023/06/09,2701.66674804688,2713.33349609375,2676.33349609375,2688.33349609375,1399.19995117188
9147,2023/06/12,2706.66674804688,2719.33349609375,2680.33349609375,2698.33349609375,858
9147,2023/06/13,2700,2732,2696.66674804688,2724,1020.30004882813
9147,2023/06/14,2738.33349609375,2756.66674804688,2719.33349609375,2755,1029.30004882813
9147,2023/06/15,2767,2786.66674804688,2750.66674804688,2780.66674804688,1117.5
9147,2023/06/16,2776,2813.66674804688,2763.33349609375,2808,1796.70007324219
9147,2023/06/19,2812.33349609375,2823.33349609375,2751,2766,1220.10009765625
9147,2023/06/20,2762.33349609375,2767,2744,2764.66674804688,825.300048828125
9147,2023/06/21,2718,2785.66674804688,2710,2767,997.800048828125
9147,2023/06/22,2798.33349609375,2833,2798.33349609375,2819.66674804688,945.300048828125
9147,2023/06/23,2809,2826,2756.66674804688,2777.33349609375,832.199951171875
9147,2023/06/26,2781.66674804688,2790,2751.33349609375,2770.66674804688,645.900024414063
9147,2023/06/27,2770.66674804688,2781,2744,2771,789
9147,2023/06/28,2765,2812.66674804688,2759.33349609375,2812.66674804688,1107.90002441406
9147,2023/06/29,2762.66674804688,2780,2731.33349609375,2736.33349609375,870.600036621094
9147,2023/06/30,2717,2724.33349609375,2682,2701.33349609375,1115.69995117188
9147,2023/07/03,2712.66674804688,2739.66674804688,2711.66674804688,2733.66674804688,867.900024414063
9147,2023/07/04,2728,2735.33349609375,2698.33349609375,2708.66674804688,963.900024414063
9147,2023/07/05,2707,2732.33349609375,2691.33349609375,2731.33349609375,1087.19995117188
9147,2023/07/06,2709,2737.66674804688,2693.66674804688,2714,926.100036621094
9147,2023/07/07,2687,2709.33349609375,2663.33349609375,2690,933
9147,2023/07/10,2692.66674804688,2713,2680.33349609375,2689.66674804688,990.900024414063
9147,2023/07/11,2716.33349609375,2726.33349609375,2688.66674804688,2702,957.900024414063
9147,2023/07/12,2706.33349609375,2706.33349609375,2671,2689,647.099975585938
9147,2023/07/13,2672,2701,2663.66674804688,2689,743.400024414063
9147,2023/07/14,2688.66674804688,2722.66674804688,2675.66674804688,2691.66674804688,959.100036621094
9147,2023/07/18,2693.66674804688,2706,2678,2695,579
9147,2023/07/19,2709,2727.66674804688,2694.33349609375,2727.66674804688,807.600036621094
9147,2023/07/20,2728,2749.66674804688,2716,2721.66674804688,609.599975585938
9147,2023/07/21,2721.66674804688,2728.33349609375,2703,2723.33349609375,683.400024414063
9147,2023/07/24,2732,2747.33349609375,2725.33349609375,2740,627
9147,2023/07/25,2747,2765,2740,2757.33349609375,832.199951171875
9147,2023/07/26,2742,2753,2718.66674804688,2751.33349609375,726
9147,2023/07/27,2742.66674804688,2775.33349609375,2738,2770.33349609375,773.400024414063
9147,2023/07/28,2740,2768.66674804688,2719,2764.66674804688,2762.7001953125
9147,2023/07/31,2783.33349609375,2805.33349609375,2760,2778.33349609375,1161
9147,2023/08/01,2772.33349609375,2803.66674804688,2766.66674804688,2801.66674804688,699
9147,2023/08/02,2776.66674804688,2798,2756,2764.66674804688,702.300048828125
9147,2023/08/03,2749,2756.33349609375,2699,2706.33349609375,1139.69995117188
9147,2023/08/04,2685.66674804688,2728,2684,2720,759.900024414063
9147,2023/08/07,2710,2743,2682.33349609375,2743,830.400024414063
9147,2023/08/08,2762,2792.66674804688,2762,2791.66674804688,760.800048828125
9147,2023/08/09,2762,2787.66674804688,2757.66674804688,2787.33349609375,815.100036621094
9147,2023/08/10,2648,2656,2577,2637,2421.89990234375
9147,2023/08/14,2633.33349609375,2640,2581.33349609375,2592.33349609375,1584.89990234375
9147,2023/08/15,2594,2611,2580,2597,1101.60009765625
9147,2023/08/16,2550,2550,2511,2514.33349609375,1745.10009765625
9147,2023/08/17,2500,2509,2484.33349609375,2498.33349609375,1494.90002441406
9147,2023/08/18,2450,2457.66674804688,2424.33349609375,2443.66674804688,1832.39990234375
9147,2023/08/21,2444,2471.66674804688,2422.33349609375,2423.33349609375,1312.80004882813
9147,2023/08/22,2408.66674804688,2460.33349609375,2405.33349609375,2456.33349609375,1447.80004882813
9147,2023/08/23,2455.66674804688,2460.66674804688,2441.33349609375,2460,768
9147,2023/08/24,2439,2466.33349609375,2436,2458.66674804688,744.300048828125
9147,2023/08/25,2442,2459,2425.66674804688,2437.66674804688,1219.80004882813
9147,2023/08/28,2462.33349609375,2491.33349609375,2459,2486,804.600036621094
9147,2023/08/29,2493.66674804688,2525.33349609375,2491.66674804688,2519,1057.5
9147,2023/08/30,2522.33349609375,2553.33349609375,2521.33349609375,2540.66674804688,1058.10009765625
9147,2023/08/31,2533.66674804688,2553.33349609375,2519.33349609375,2523,1549.5
9147,2023/09/01,2523,2557.33349609375,2515.66674804688,2544.33349609375,1135.80004882813
9147,2023/09/04,2578.33349609375,2609,2577.33349609375,2596.66674804688,1287
9147,2023/09/05,2600,2603,2567.33349609375,2577,710.400024414063
9147,2023/09/06,2573,2584,2534.33349609375,2538,1485.60009765625
9147,2023/09/07,2538.66674804688,2541.66674804688,2521,2527.33349609375,1148.10009765625
9147,2023/09/08,2507.66674804688,2524,2496.66674804688,2503.66674804688,1398
9147,2023/09/11,2517.66674804688,2522,2468,2477.33349609375,1212.60009765625
9147,2023/09/12,2466.66674804688,2512.66674804688,2455,2509,1825.80004882813
9147,2023/09/13,2525.66674804688,2563,2525.66674804688,2554.66674804688,1588.80004882813
9147,2023/09/14,2566.66674804688,2566.66674804688,2535.33349609375,2561,1306.5
9147,2023/09/15,2578.33349609375,2615.66674804688,2570,2597.66674804688,1938.30004882813
9147,2023/09/19,2569.33349609375,2604.33349609375,2559,2590,1307.69995117188
9147,2023/09/20,2604.33349609375,2622,2598.66674804688,2600.66674804688,1237.5
9147,2023/09/21,2609.66674804688,2622.66674804688,2593.66674804688,2600,860.100036621094
9147,2023/09/22,2584.66674804688,2631.66674804688,2576.33349609375,2620.33349609375,1273.5
9147,2023/09/25,2630,2639.66674804688,2604.66674804688,2626.33349609375,684
9147,2023/09/26,2620.33349609375,2626.33349609375,2598,2610,778.800048828125
9147,2023/09/27,2596.66674804688,2641.33349609375,2589.33349609375,2638,1154.10009765625
9147,2023/09/28,2620,2642.33349609375,2594.33349609375,2606.66674804688,1196.69995117188
9147,2023/09/29,2615.66674804688,2622,2593.33349609375,2601,1193.69995117188
9147,2023/10/02,2601.33349609375,2640,2584.66674804688,2589.33349609375,788.400024414063
9147,2023/10/03,2585,2593.33349609375,2531.33349609375,2542.33349609375,906.600036621094
9147,2023/10/04,2529.33349609375,2539.66674804688,2498,2505.66674804688,987.900024414063
9147,2023/10/05,2515.33349609375,2563,2515.33349609375,2554.66674804688,897.300048828125
9147,2023/10/06,2547.66674804688,2575.33349609375,2544.66674804688,2556.33349609375,823.5
9147,2023/10/10,2593.33349609375,2603,2583.66674804688,2590.66674804688,732.300048828125
9147,2023/10/11,2551.66674804688,2591,2548.66674804688,2578.66674804688,872.699951171875
9147,2023/10/12,2584.33349609375,2625.66674804688,2577.66674804688,2624.33349609375,969
9147,2023/10/13,2588.33349609375,2600,2561.66674804688,2573,966.900024414063
9147,2023/10/16,2568,2575.66674804688,2543,2558,554.099975585938
9147,2023/10/17,2566.66674804688,2576,2543.33349609375,2564,801.300048828125
9147,2023/10/18,2563,2563.33349609375,2538.66674804688,2560.33349609375,619.800048828125
9147,2023/10/19,2526.33349609375,2558.33349609375,2517,2548.66674804688,629.400024414063
9147,2023/10/20,2534.66674804688,2543.66674804688,2519.66674804688,2526.66674804688,600.900024414063
9147,2023/10/23,2528.33349609375,2561,2528.33349609375,2539.66674804688,709.800048828125
9147,2023/10/24,2531,2536.33349609375,2493.33349609375,2528.66674804688,809.699951171875
9147,2023/10/25,2534,2550,2513.33349609375,2514.33349609375,750.300048828125
9147,2023/10/26,2500,2515.33349609375,2498,2511,555.300048828125
9147,2023/10/27,2526.66674804688,2568,2523.33349609375,2563.66674804688,681.900024414063
9147,2023/10/30,2556.66674804688,2561.33349609375,2527.33349609375,2538.33349609375,796.199951171875
9147,2023/10/31,2548.66674804688,2577,2545,2573,907.5
9147,2023/11/01,2601.33349609375,2627.33349609375,2601.33349609375,2620.33349609375,909.300048828125
9147,2023/11/02,2633.33349609375,2637.66674804688,2569,2571.66674804688,649.800048828125
9147,2023/11/06,2597.33349609375,2601,2546,2558.66674804688,899.400024414063
9147,2023/11/07,2563.33349609375,2569.33349609375,2511.33349609375,2512,910.199951171875
9147,2023/11/08,2529.66674804688,2530,2490,2494.66674804688,1066.19995117188
9147,2023/11/09,2494.66674804688,2542.66674804688,2492.33349609375,2531,693.900024414063
9147,2023/11/10,2541.33349609375,2567.66674804688,2533,2567.66674804688,838.5
9147,2023/11/13,2560,2564.66674804688,2509.33349609375,2534.33349609375,858.600036621094
9147,2023/11/14,2503,2570.66674804688,2499.66674804688,2543.33349609375,1694.10009765625
9147,2023/11/15,2554,2568,2536.66674804688,2547.33349609375,968.699951171875
9147,2023/11/16,2542.33349609375,2548.66674804688,2504.66674804688,2508,1692.60009765625
9147,2023/11/17,2506.33349609375,2545,2501.66674804688,2542.66674804688,1262.69995117188
9147,2023/11/20,2542.66674804688,2548.33349609375,2505.66674804688,2527,1029.90002441406
9147,2023/11/21,2509.33349609375,2542.33349609375,2507,2538,1239
9147,2023/11/22,2528,2594.66674804688,2521.33349609375,2589.33349609375,1301.40002441406
9147,2023/11/24,2588.66674804688,2620,2573,2618,1230.90002441406
9147,2023/11/27,2615,2635.33349609375,2606.66674804688,2620.66674804688,1016.10003662109
9147,2023/11/28,2632.66674804688,2646.66674804688,2600,2646,1486.80004882813
9147,2023/11/29,2643.33349609375,2682,2635.33349609375,2643,1294.5
9147,2023/11/30,2612,2696.66674804688,2608.66674804688,2690.33349609375,3396.2998046875
9147,2023/12/01,2681.66674804688,2681.66674804688,2636.66674804688,2647.66674804688,1138.5
9147,2023/12/04,2636.66674804688,2649.66674804688,2612,2640.33349609375,833.699951171875
9147,2023/12/05,2662,2672.33349609375,2630.66674804688,2644.66674804688,935.100036621094
9147,2023/12/06,2662,2679.33349609375,2644.66674804688,2678,974.699951171875
9147,2023/12/07,2636.66674804688,2659.66674804688,2636.66674804688,2648.66674804688,955.5
9147,2023/12/08,2645,2660.33349609375,2620.66674804688,2646.66674804688,1199.10009765625
9147,2023/12/11,2641.66674804688,2665.33349609375,2631,2663.33349609375,657.599975585938
9147,2023/12/12,2681,2690.33349609375,2648.66674804688,2651.33349609375,858.300048828125
9147,2023/12/13,2644.33349609375,2650.66674804688,2624.66674804688,2642.66674804688,932.100036621094
9147,2023/12/14,2643,2658,2602.66674804688,2611.66674804688,837.600036621094
9147,2023/12/15,2608.33349609375,2669,2603,2646.33349609375,1525.5
9147,2023/12/18,2643.33349609375,2643.33349609375,2602.66674804688,2629.33349609375,646.800048828125
9147,2023/12/19,2622.66674804688,2636.33349609375,2607.66674804688,2622.66674804688,800.100036621094
9147,2023/12/20,2623.33349609375,2658,2620,2637.33349609375,755.400024414063
9147,2023/12/21,2630,2640.33349609375,2611.33349609375,2618.66674804688,468.900024414063
9147,2023/12/22,2633.33349609375,2665,2624.66674804688,2663.66674804688,823.199951171875
9147,2023/12/25,2690,2708.33349609375,2675.66674804688,2692,856.199951171875
9147,2023/12/26,2693.33349609375,2709.66674804688,2666,2684.66674804688,1023.30004882813
9147,2023/12/27,2706,2710.66674804688,2687,2709.66674804688,940.800048828125
9147,2023/12/28,2635.66674804688,2649.33349609375,2606,2649.33349609375,1113
9147,2023/12/29,2656,2680,2653.66674804688,2671.33349609375,808.199951171875
9147,2024/01/04,2699.33349609375,2755.66674804688,2681,2740.33349609375,1848.60009765625
9147,2024/01/05,2742,2757,2731.33349609375,2750.66674804688,1387.5
9147,2024/01/09,2763.33349609375,2794.33349609375,2751.66674804688,2793.33349609375,984.300048828125
9147,2024/01/10,2803.33349609375,2824.66674804688,2797.33349609375,2820.66674804688,1002
9147,2024/01/11,2826.66674804688,2839.66674804688,2790,2814.33349609375,1046.69995117188
9147,2024/01/12,2872,2872.33349609375,2815,2842,1245
9147,2024/01/15,2833,2912.66674804688,2816.66674804688,2900.66674804688,979.800048828125
9147,2024/01/16,2902.33349609375,2919,2885.66674804688,2886.33349609375,1161.90002441406
9147,2024/01/17,2886.33349609375,2912.33349609375,2863.33349609375,2867,782.699951171875
9147,2024/01/18,2889.33349609375,2908,2878.33349609375,2890,691.5
9147,2024/01/19,2906.66674804688,2924.66674804688,2888.33349609375,2895.66674804688,879.600036621094
9147,2024/01/22,2889.33349609375,2969.33349609375,2889.33349609375,2957.33349609375,1442.69995117188
9147,2024/01/23,2965.66674804688,2983.33349609375,2903.66674804688,2905.33349609375,1045.80004882813
9147,2024/01/24,2892,2926,2890.33349609375,2902,1350
9147,2024/01/25,2883.33349609375,2905,2879.33349609375,2895.33349609375,1402.19995117188
9147,2024/01/26,2893,2916.66674804688,2873.33349609375,2912.33349609375,978
9147,2024/01/29,2926.66674804688,2938,2912.33349609375,2926.66674804688,699
9147,2024/01/30,2917,2924,2891,2902.33349609375,909.600036621094
9147,2024/01/31,2895,2933.66674804688,2878.66674804688,2933.66674804688,727.800048828125
9147,2024/02/01,2940,2940,2895,2916.66674804688,1066.19995117188
9147,2024/02/02,2924.33349609375,2927.66674804688,2887.33349609375,2894.33349609375,1206.90002441406
9147,2024/02/05,2908.66674804688,2931,2900,2922.66674804688,833.100036621094
9147,2024/02/06,2922.66674804688,2927,2877,2877,816.900024414063
9147,2024/02/07,2900.66674804688,2906.66674804688,2879,2889.33349609375,1023.30004882813
9147,2024/02/08,2880.66674804688,2911.66674804688,2862.33349609375,2898.66674804688,794.400024414063
9147,2024/02/09,2905.33349609375,2939.66674804688,2877,2894.66674804688,1093.5
9147,2024/02/13,2896.66674804688,2896.66674804688,2826.66674804688,2841.33349609375,1351.80004882813
9147,2024/02/14,2866.66674804688,2891,2821.33349609375,2874,1858.20007324219
9147,2024/02/15,2724,2812,2716.66674804688,2732,2485.80004882813
9147,2024/02/16,2736,2784.66674804688,2732,2733.66674804688,1522.5
9147,2024/02/19,2737,2743.33349609375,2674.33349609375,2689.33349609375,1450.19995117188
9147,2024/02/20,2691.66674804688,2722,2675,2687,1210.5
9147,2024/02/21,2699.66674804688,2721,2687,2712.33349609375,1377.60009765625
9147,2024/02/22,2700,2749.33349609375,2695,2727.33349609375,1226.10009765625
9147,2024/02/26,2725.33349609375,2736,2655.66674804688,2659.66674804688,1472.69995117188
9147,2024/02/27,2653.66674804688,2661.33349609375,2603.33349609375,2616.33349609375,1658.10009765625
9147,2024/02/28,2623.33349609375,2641.66674804688,2605.66674804688,2623.33349609375,1019.69995117188
9147,2024/02/29,2632,2651.66674804688,2607,2639.66674804688,1628.70007324219
9147,2024/03/01,2681.66674804688,2699.33349609375,2665.66674804688,2679.66674804688,1552.5
9147,2024/03/04,2613.66674804688,2631,2597.33349609375,2607.33349609375,3943.5
9147,2024/03/05,2594,2599.66674804688,2545,2552.33349609375,3384.60009765625
9147,2024/03/06,2541.66674804688,2586.66674804688,2537,2556.66674804688,2185.80004882813
9147,2024/03/07,2575,2598,2561.66674804688,2573.33349609375,2284.5
9147,2024/03/08,2568.66674804688,2573.33349609375,2531,2536.33349609375,2871.60009765625
9147,2024/03/11,2506,2546.33349609375,2494,2521.66674804688,5254.2001953125
9147,2024/03/12,2526.66674804688,2553.33349609375,2502.33349609375,2508.33349609375,6483
9147,2024/03/13,2518.33349609375,2543.33349609375,2497.33349609375,2501.66674804688,2692.2001953125
9147,2024/03/14,2490.33349609375,2523.66674804688,2481,2523.66674804688,2535.89990234375
9147,2024/03/15,2514.33349609375,2526,2489,2494,2994.60009765625
9147,2024/03/18,2540.66674804688,2553.33349609375,2517.66674804688,2541.33349609375,4739.7001953125
9147,2024/03/19,2550.33349609375,2585,2534,2576.33349609375,2287.5
9147,2024/03/21,2576.33349609375,2589.33349609375,2560.33349609375,2572,1782
9147,2024/03/22,2589,2589.33349609375,2556,2577,1635
9147,2024/03/25,2590,2605.66674804688,2572.33349609375,2573.66674804688,1649.70007324219
9147,2024/03/26,2596,2611.66674804688,2574,2580,1962.89990234375
9147,2024/03/27,2590,2611.66674804688,2586.66674804688,2593,1863
9147,2024/03/28,2594.33349609375,2594.66674804688,2553.66674804688,2569.66674804688,2507.10009765625
9147,2024/03/29,2588.33349609375,2595,2574.66674804688,2577.33349609375,1469.69995117188
9147,2024/04/01,2593.33349609375,2608.33349609375,2565,2566.33349609375,1980.89990234375
9147,2024/04/02,2570,2573.33349609375,2545.33349609375,2560.66674804688,1857.30004882813
9147,2024/04/03,2553.66674804688,2576.66674804688,2544.33349609375,2562,2193.89990234375
9147,2024/04/04,2566.66674804688,2570,2541,2541,2064.60009765625
9147,2024/04/05,2532.33349609375,2542.33349609375,2517.66674804688,2519,1532.10009765625
9147,2024/04/08,2529.33349609375,2598.33349609375,2527.66674804688,2595,2176.5
9147,2024/04/09,2600,2605.66674804688,2575,2597.66674804688,1551.60009765625
9147,2024/04/10,2614.66674804688,2629.33349609375,2609.33349609375,2614.33349609375,1479.60009765625
9147,2024/04/11,2591.33349609375,2621.33349609375,2586.66674804688,2621.33349609375,1519.19995117188
9147,2024/04/12,2623.33349609375,2646.33349609375,2618.33349609375,2640,1443
9147,2024/04/15,2626.66674804688,2692,2626.66674804688,2692,2019.30004882813
9147,2024/04/16,2685.66674804688,2697.33349609375,2670.33349609375,2685.66674804688,1854.60009765625
9147,2024/04/17,2683.33349609375,2687.33349609375,2631,2647,1764.60009765625
9147,2024/04/18,2659,2673.66674804688,2640,2651.66674804688,1673.70007324219
9147,2024/04/19,2633.33349609375,2651.66674804688,2607,2622,1904.10009765625
9147,2024/04/22,2672,2685,2656.66674804688,2673.33349609375,1339.80004882813
9147,2024/04/23,2683,2710.33349609375,2677.66674804688,2702.33349609375,1412.10009765625
9147,2024/04/24,2683.33349609375,2728.33349609375,2683.33349609375,2724.66674804688,1194.90002441406
9147,2024/04/25,2723.66674804688,2723.66674804688,2695.33349609375,2700.66674804688,1025.10009765625
9147,2024/04/26,2687.66674804688,2715.66674804688,2687.66674804688,2707.66674804688,1043.40002441406
9147,2024/04/30,2707.66674804688,2707.66674804688,2680.33349609375,2688.66674804688,1940.70007324219
9147,2024/05/01,2692.66674804688,2697.33349609375,2661.66674804688,2689.33349609375,1192.80004882813
9147,2024/05/02,2691,2693,2653.33349609375,2672.33349609375,1016.69995117188
9147,2024/05/07,2655,2672,2640,2651.33349609375,1313.10009765625
9147,2024/05/08,2651.66674804688,2652.33349609375,2614.33349609375,2617.66674804688,1210.5
9147,2024/05/09,2616,2655.66674804688,2612,2625.66674804688,1208.40002441406
9147,2024/05/10,2650,2658.33349609375,2628.66674804688,2658.33349609375,1203.30004882813
9147,2024/05/13,2650.33349609375,2651.33349609375,2624,2641,1408.80004882813
9147,2024/05/14,2591,2627.66674804688,2560.33349609375,2603.33349609375,3208.7998046875
9147,2024/05/15,2620,2655,2557.33349609375,2567.33349609375,2557.80004882813
9147,2024/05/16,2562.33349609375,2565,2504,2522.33349609375,2215.2001953125
9147,2024/05/17,2521.33349609375,2527.33349609375,2490.33349609375,2500.33349609375,1793.39990234375
9147,2024/05/20,2526.66674804688,2560,2509.33349609375,2521.33349609375,1753.20007324219
9147,2024/05/21,2526.66674804688,2543,2517.66674804688,2535.33349609375,1505.10009765625
9147,2024/05/22,2534.33349609375,2560,2523,2546.33349609375,1461
9147,2024/05/23,2535.66674804688,2572,2535.66674804688,2559.66674804688,1083
9147,2024/05/24,2548.33349609375,2571.33349609375,2535.66674804688,2560.66674804688,1026.60009765625
9147,2024/05/27,2560.66674804688,2565.66674804688,2522.66674804688,2546.33349609375,914.699951171875
9147,2024/05/28,2550,2560.33349609375,2538.33349609375,2545.66674804688,1167.60009765625
9147,2024/05/29,2544,2557.66674804688,2536.66674804688,2536.66674804688,1017
9147,2024/05/30,2533.33349609375,2538.33349609375,2503,2515,1478.40002441406
9147,2024/05/31,2533.33349609375,2586,2529.66674804688,2582.33349609375,2782.2001953125
9147,2024/06/03,2581.33349609375,2637.66674804688,2581,2596,1501.80004882813
9147,2024/06/04,2567.33349609375,2578.66674804688,2550.66674804688,2568.66674804688,1220.69995117188
9147,2024/06/05,2561.66674804688,2561.66674804688,2514,2517,1755.89990234375
9147,2024/06/06,2517,2521.66674804688,2497,2508.33349609375,1440.90002441406
9147,2024/06/07,2523.33349609375,2539.66674804688,2520.33349609375,2525.66674804688,1343.40002441406
9147,2024/06/10,2531.33349609375,2559.33349609375,2529,2548.33349609375,972.900024414063
9147,2024/06/11,2548.33349609375,2565.33349609375,2533.33349609375,2534.66674804688,1120.5
9147,2024/06/12,2534.66674804688,2548.33349609375,2503,2510,1507.19995117188
9147,2024/06/13,2506.66674804688,2506.66674804688,2431.66674804688,2434,2539.80004882813
9147,2024/06/14,2410.33349609375,2460.33349609375,2409.66674804688,2441.33349609375,2595.89990234375
9147,2024/06/17,2446.66674804688,2446.66674804688,2418,2425,1577.10009765625
9147,2024/06/18,2437,2452.66674804688,2425.66674804688,2450.33349609375,1417.5
9147,2024/06/19,2465.66674804688,2487.66674804688,2462.66674804688,2474,1562.10009765625
9147,2024/06/20,2468.33349609375,2470,2441.33349609375,2470,1395.30004882813
9147,2024/06/21,2476,2489,2471,2471,1965.30004882813
9147,2024/06/24,2476.66674804688,2496,2471.66674804688,2472.66674804688,1317.60009765625
9147,2024/06/25,2488,2528.33349609375,2488,2526.33349609375,1678.80004882813
9147,2024/06/26,2529,2533,2499.33349609375,2499.33349609375,2003.70007324219
9147,2024/06/27,2456.33349609375,2481,2440.66674804688,2470,1975.20007324219
9147,2024/06/28,2480,2481.33349609375,2455.66674804688,2471.66674804688,1337.10009765625
9147,2024/07/01,2482,2496,2477,2484,1193.69995117188
9147,2024/07/02,2483.66674804688,2486.66674804688,2463.33349609375,2485,1187.40002441406
9147,2024/07/03,2466.66674804688,2479,2456.33349609375,2470.66674804688,1353.90002441406
9147,2024/07/04,2461.66674804688,2475,2461.33349609375,2471.66674804688,968.699951171875
9147,2024/07/05,2488.33349609375,2488.33349609375,2443.33349609375,2444,1456.19995117188
9147,2024/07/08,2453.33349609375,2460.66674804688,2437,2442.33349609375,1086.90002441406
9147,2024/07/09,2438.33349609375,2438.66674804688,2394,2394,1868.70007324219
9147,2024/07/10,2390,2416.66674804688,2384,2413.33349609375,1335.60009765625
9147,2024/07/11,2433.33349609375,2461,2427.33349609375,2455.33349609375,1287.30004882813
9147,2024/07/12,2438.66674804688,2455,2437.33349609375,2442,1302
9147,2024/07/16,2440,2442.33349609375,2403.33349609375,2405,1245.60009765625
9147,2024/07/17,2418,2450.33349609375,2413,2444,1012.80004882813
9147,2024/07/18,2460.33349609375,2479,2446.66674804688,2464.66674804688,1302.90002441406
9147,2024/07/19,2466.66674804688,2468,2420.66674804688,2424,892.5
9147,2024/07/22,2426.66674804688,2431,2404,2415.33349609375,1139.40002441406
9147,2024/07/23,2435,2437.66674804688,2410,2412,974.100036621094
9147,2024/07/24,2413,2413.33349609375,2373,2379.33349609375,1440.90002441406
9147,2024/07/25,2367,2405.66674804688,2364.33349609375,2397.66674804688,1588.5
9147,2024/07/26,2416.33349609375,2428,2386,2410.66674804688,1300.19995117188
9147,2024/07/29,2433.33349609375,2451.33349609375,2430.33349609375,2442.33349609375,1231.5
9147,2024/07/30,2432.66674804688,2435.66674804688,2411.66674804688,2434,3049.5
9147,2024/07/31,2450,2486.66674804688,2438.66674804688,2486.66674804688,1550.39990234375
9147,2024/08/01,2463.33349609375,2463.33349609375,2399.66674804688,2421,918.300048828125
9147,2024/08/02,2371,2391.33349609375,2334,2367.33349609375,1843.5
9147,2024/08/05,2284,2300.33349609375,2134,2150.33349609375,2963.7001953125
9147,2024/08/06,2283.66674804688,2348.33349609375,2271,2313.33349609375,2084.10009765625
9147,2024/08/07,2259,2358.33349609375,2246.66674804688,2334,1521.30004882813
9147,2024/08/08,2301,2363.33349609375,2301,2310,1382.10009765625
9147,2024/08/09,2341,2341,2276.66674804688,2297.33349609375,1625.10009765625
9147,2024/08/13,2207,2250.33349609375,2184.66674804688,2239,3728.40014648438
9147,2024/08/14,2276.66674804688,2321,2276.66674804688,2320,2125.5
9147,2024/08/15,2306.66674804688,2336.33349609375,2287,2332.33349609375,1683.89990234375
9147,2024/08/16,2348.33349609375,2365.33349609375,2320.33349609375,2365.33349609375,1785.60009765625
9147,2024/08/19,2366.66674804688,2373.33349609375,2328.33349609375,2372.66674804688,1457.10009765625
9147,2024/08/20,2400,2425.33349609375,2377,2420,1579.80004882813
9147,2024/08/21,2425,2425,2387.66674804688,2412.33349609375,1617.60009765625
9147,2024/08/22,2395,2415.66674804688,2368.66674804688,2406,1588.80004882813
9147,2024/08/23,2416.66674804688,2457.66674804688,2408.33349609375,2453.33349609375,1398
9147,2024/08/26,2447.33349609375,2470.66674804688,2443,2460,1617.30004882813
9147,2024/08/27,2479.66674804688,2491,2470,2477.33349609375,1960.5
9147,2024/08/28,2477,2493.33349609375,2473.33349609375,2488.33349609375,1977.30004882813
9147,2024/08/29,2488,2493,2460.66674804688,2478,2257.2001953125
9147,2024/08/30,2478,2503,2448.33349609375,2478,21102
9147,2024/09/02,2468.66674804688,2478.33349609375,2443.66674804688,2448.66674804688,1562.39990234375
9147,2024/09/03,2450,2507,2448.33349609375,2500,1907.70007324219
9147,2024/09/04,2457,2474.33349609375,2447.66674804688,2451.66674804688,1722.89990234375
9147,2024/09/05,2401.66674804688,2469.33349609375,2401.66674804688,2439.33349609375,2051.39990234375
9147,2024/09/06,2436,2462.33349609375,2425,2426.66674804688,1430.40002441406
9147,2024/09/09,2385.66674804688,2406.66674804688,2331.66674804688,2366.66674804688,1583.10009765625
9147,2024/09/10,2382,2399,2370,2395.33349609375,2067
9147,2024/09/11,2387,2399,2324,2342,1942.5
9147,2024/09/12,2351,2363.66674804688,2331.66674804688,2354,1703.70007324219
9147,2024/09/13,2330.33349609375,2353.66674804688,2307,2311,1730.39990234375
9147,2024/09/17,2307.33349609375,2386.66674804688,2303.33349609375,2385.33349609375,1609.20007324219
9147,2024/09/18,2388.33349609375,2413,2370.33349609375,2398,1339.19995117188
9147,2024/09/19,2428.66674804688,2453,2419,2420,1026.60009765625
9147,2024/09/20,2435,2455.33349609375,2421.33349609375,2429.66674804688,3005.10009765625
9147,2024/09/24,2438,2459.66674804688,2432.66674804688,2456,1530
9147,2024/09/25,2456,2473.66674804688,2444.33349609375,2473.66674804688,1438.19995117188
9147,2024/09/26,2482.66674804688,2492,2467.66674804688,2492,1816.5
9147,2024/09/27,2516.33349609375,2548,2495.66674804688,2538.33349609375,1414.5
9147,2024/09/30,2500.33349609375,2525.33349609375,2495.66674804688,2513.66674804688,1715.10009765625
9147,2024/10/01,2538.33349609375,2538.33349609375,2505.66674804688,2532,1073.40002441406
9147,2024/10/02,2540,2570,2532.33349609375,2562,1559.39990234375
9147,2024/10/03,2573,2594.66674804688,2570,2581,1489.19995117188
9147,2024/10/04,2583.33349609375,2586.33349609375,2557.33349609375,2557.66674804688,1075.5
9147,2024/10/07,2566.66674804688,2575.33349609375,2552.66674804688,2565.33349609375,1020
9147,2024/10/08,2561.66674804688,2599.66674804688,2557.33349609375,2585.33349609375,1509
9147,2024/10/09,2585.33349609375,2598,2572.66674804688,2587,901.800048828125
9147,2024/10/10,2596.66674804688,2608.66674804688,2590,2596.66674804688,1060.80004882813
9147,2024/10/11,2600,2600,2581.33349609375,2583,867.900024414063
9147,2024/10/15,2583,2597.66674804688,2567,2579,948.900024414063
9147,2024/10/16,2590,2611.66674804688,2586,2592,1459.80004882813
9147,2024/10/17,2584.66674804688,2605.33349609375,2580.33349609375,2588,1189.19995117188
9147,2024/10/18,2605.66674804688,2610.66674804688,2589.33349609375,2591.33349609375,1143
9147,2024/10/21,2581.66674804688,2581.66674804688,2534,2544.33349609375,955.5
9147,2024/10/22,2533.33349609375,2535,2506,2527.33349609375,1237.19995117188
9147,2024/10/23,2504,2524.33349609375,2485.66674804688,2494.33349609375,785.400024414063
9147,2024/10/24,2468.33349609375,2494.33349609375,2453.33349609375,2492.33349609375,1037.69995117188
9147,2024/10/25,2462.66674804688,2488.66674804688,2456.33349609375,2464.33349609375,820.5
9147,2024/10/28,2458.66674804688,2503.66674804688,2456.33349609375,2496.33349609375,977.100036621094
9147,2024/10/29,2491.66674804688,2505.33349609375,2486.66674804688,2498.66674804688,864
9147,2024/10/30,2496,2521,2494.33349609375,2503,2352.60009765625
9147,2024/10/31,2510,2525.66674804688,2491.33349609375,2511,895.199951171875
9147,2024/11/01,2473.33349609375,2501,2469,2492.66674804688,754.5
9147,2024/11/05,2491.66674804688,2492.33349609375,2447.33349609375,2466.66674804688,1035
9147,2024/11/06,2466.66674804688,2492.33349609375,2462.66674804688,2466.66674804688,976.5
9147,2024/11/07,2473.66674804688,2497.33349609375,2465.66674804688,2490.66674804688,1067.10009765625
9147,2024/11/08,2496,2496.66674804688,2452.66674804688,2452.66674804688,1067.10009765625
9147,2024/11/11,2448.66674804688,2479.33349609375,2445.66674804688,2470.33349609375,1125.60009765625
9147,2024/11/12,2470.33349609375,2490,2455,2466.66674804688,1118.10009765625
9147,2024/11/13,2468,2496.33349609375,2429.33349609375,2467.66674804688,1619.39990234375
9147,2024/11/14,2472,2492.66674804688,2454.66674804688,2454.66674804688,839.100036621094
9147,2024/11/15,2453.66674804688,2468.33349609375,2444.33349609375,2444.33349609375,563.400024414063
9147,2024/11/18,2433.66674804688,2486.33349609375,2432.33349609375,2472,837.900024414063
9147,2024/11/19,2479.33349609375,2497.33349609375,2474,2489.33349609375,622.5
9147,2024/11/20,2477.66674804688,2486.33349609375,2445.33349609375,2446.66674804688,663.300048828125
9147,2024/11/21,2450.33349609375,2456.66674804688,2441.33349609375,2454.66674804688,470.099975585938
9147,2024/11/22,2445,2461,2443.66674804688,2455.66674804688,694.800048828125
9147,2024/11/25,2481.66674804688,2535.66674804688,2473.33349609375,2530.33349609375,1835.39990234375
9147,2024/11/26,2528,2545,2519,2532.66674804688,903
9147,2024/11/27,2521,2528.33349609375,2493.66674804688,2522.33349609375,988.800048828125
9147,2024/11/28,2530,2550,2517.66674804688,2550,882
9147,2024/11/29,2563.33349609375,2610.66674804688,2559.66674804688,2597,1626
9147,2024/12/02,2593.33349609375,2593.66674804688,2563.33349609375,2576,1264.5
9147,2024/12/03,2563.33349609375,2573,2544,2560.66674804688,1464.90002441406
9147,2024/12/04,2550,2555.66674804688,2525.33349609375,2535.66674804688,1368.30004882813
9147,2024/12/05,2535.33349609375,2564.33349609375,2526,2558.33349609375,742.800048828125
9147,2024/12/06,2573.66674804688,2573.66674804688,2557.33349609375,2566,805.800048828125
9147,2024/12/09,2569.33349609375,2597,2562.66674804688,2593.66674804688,786.300048828125
9147,2024/12/10,2608,2608,2570.33349609375,2579,903.300048828125
9147,2024/12/11,2586,2586.66674804688,2573.33349609375,2582,611.400024414063
9147,2024/12/12,2592.66674804688,2594.66674804688,2574.66674804688,2578.33349609375,1021.80004882813
9147,2024/12/13,2557.66674804688,2568.33349609375,2515,2527.66674804688,1358.10009765625
9147,2024/12/16,2512.33349609375,2513,2458,2458.33349609375,2003.70007324219
9147,2024/12/17,2454.66674804688,2465.33349609375,2450,2450,1357.80004882813
9147,2024/12/18,2432.66674804688,2449,2421.66674804688,2421.66674804688,1554.60009765625
9147,2024/12/19,2398.33349609375,2436.66674804688,2397,2413.33349609375,1599
9147,2024/12/20,2411.66674804688,2436.66674804688,2406,2414,2973.60009765625
9147,2024/12/23,2417.33349609375,2429.33349609375,2406.33349609375,2423.66674804688,913.5
9147,2024/12/24,2423.66674804688,2436.33349609375,2412.66674804688,2412.66674804688,876.300048828125
9147,2024/12/25,2418.33349609375,2424.33349609375,2408,2418.66674804688,881.100036621094
9147,2024/12/26,2424.33349609375,2442.33349609375,2422,2441,923.400024414063
9147,2024/12/27,2390,2418.5,2385,2418.5,870.900024414063
9147,2024/12/30,2418.5,2418.5,2379,2393,1096.30004882813
9147,2025/01/06,2405,2446,2399.5,2428.5,1517.40002441406
9147,2025/01/07,2430,2447,2406,2434,1358.40002441406
9147,2025/01/08,2430.5,2444.5,2417,2435.5,1051.09997558594
9147,2025/01/09,2412.5,2424,2396.5,2415.5,828
9147,2025/01/10,2432.5,2450,2408.5,2436,1131
9147,2025/01/14,2449.5,2464.5,2426.5,2438.5,1092.30004882813
9147,2025/01/15,2448,2463,2437,2448.5,880.799987792969
9147,2025/01/16,2432,2439,2411,2425,1072.20007324219
9147,2025/01/17,2411,2421.5,2388.5,2404.5,782.400024414063
9147,2025/01/20,2415,2426,2407.5,2417,449.100006103516
9147,2025/01/21,2430,2444,2422.5,2441,510.399993896484
9147,2025/01/22,2434.5,2447,2420,2436.5,628.900024414063
9147,2025/01/23,2409,2472,2403,2458,765.100036621094
9147,2025/01/24,2476.5,2488,2464.5,2475.5,672.700012207031
9147,2025/01/27,2497,2513.5,2485,2513.5,741.600036621094
9147,2025/01/28,2520,2526,2510,2514.5,577.400024414063
9147,2025/01/29,2491,2506.5,2481.5,2506.5,626.200012207031
9147,2025/01/30,2525,2530,2499.5,2522,922.299987792969
9147,2025/01/31,2516,2523,2497,2519,769.700012207031
9147,2025/02/03,2482.5,2488.5,2443.5,2457.5,1069.20007324219
9147,2025/02/04,2480,2491.5,2448,2464,769.299987792969
9147,2025/02/05,2459.5,2459.5,2412.5,2418.5,720.799987792969
9147,2025/02/06,2430,2455,2430,2445.5,716.700012207031
9147,2025/02/07,2446,2464,2441,2456.5,667.600036621094
9147,2025/02/10,2468,2497.5,2468,2482,834.400024414063
9147,2025/02/12,2529.5,2529.5,2491.5,2498.5,856.799987792969
9147,2025/02/13,2520,2527,2506.5,2527,1001.90002441406
9147,2025/02/14,2503.5,2529,2502.5,2504.5,1011.90002441406
9147,2025/02/17,2598,2712,2596.5,2712,5099.89990234375
9147,2025/02/18,2680,2688,2600.5,2644,1940.80004882813
9147,2025/02/19,2670,2686.5,2664.5,2670,1784.90002441406
9147,2025/02/20,2658,2674,2638.5,2665.5,1445
9147,2025/02/21,2654.5,2692.5,2644,2657,1803.09997558594
9147,2025/02/25,2626,2653,2612.5,2653,1273.09997558594
9147,2025/02/26,2670,2685,2626,2660,1242.30004882813
9147,2025/02/27,2629.5,2670,2628.5,2670,980.5
9147,2025/02/28,2690,2690,2636.5,2660,1563
9147,2025/03/03,2661.5,2695,2636.5,2695,1582.40002441406
9147,2025/03/04,2695,2695,2633,2659.5,1464.59997558594
9147,2025/03/05,2687,2693,2661.5,2677.5,1291.90002441406
9147,2025/03/06,2690,2751,2681.5,2751,1575.20007324219
9147,2025/03/07,2715,2727.5,2699,2715,1240.09997558594
9147,2025/03/10,2718,2750,2713,2745.5,1458.90002441406
9147,2025/03/11,2695.5,2704,2638.5,2664,1771.70007324219
9147,2025/03/12,2690.5,2724,2684.5,2700.5,1391.5
9147,2025/03/13,2730,2739.5,2708.5,2728.5,1064.40002441406
9147,2025/03/14,2707,2719.5,2695,2718,1136.70007324219
9147,2025/03/17,2718,2739.5,2711,2732,766.400024414063
9147,2025/03/18,2753,2767,2741.5,2761.5,1205.40002441406
9147,2025/03/19,2761.5,2792,2760.5,2784,1109.80004882813
9147,2025/03/21,2760,2796.5,2760,2783,1555.70007324219
9147,2025/03/24,2795,2797.5,2773,2789.5,672.100036621094
9147,2025/03/25,2806.5,2824.5,2790,2802.5,1132.90002441406
9147,2025/03/26,2832,2843,2814.5,2825,1605.70007324219
9147,2025/03/27,2825,2836,2801.5,2821.5,1189.5
9147,2025/03/28,2825,2825,2783.5,2807,1392.5
9147,2025/03/31,2757,2757,2696,2720,1123.80004882813
9147,2025/04/01,2732.5,2746,2707.5,2717,933.900024414063
9147,2025/04/02,2720,2727.5,2694.5,2712.5,949.799987792969
9147,2025/04/03,2598.5,2648,2593.5,2648,1170
9147,2025/04/04,2561.5,2607.5,2513,2555.5,1540.40002441406
9147,2025/04/07,2390,2456,2355.5,2421,1589
9147,2025/04/08,2471,2523,2459,2511.5,1308.80004882813
9147,2025/04/09,2509.5,2512,2412,2442,1272.40002441406
9147,2025/04/10,2569.5,2591,2542.5,2578,1019.90002441406
9147,2025/04/11,2502.5,2559.5,2485,2548,806.799987792969
9147,2025/04/14,2534.5,2546,2509,2509,920.400024414063
9147,2025/04/15,2533,2534,2504,2518,804.700012207031
9147,2025/04/16,2535,2545.5,2510,2525,832
9147,2025/04/17,2528,2542.5,2510.5,2541.5,755.400024414063
9147,2025/04/18,2550,2572,2531,2572,724.700012207031
9147,2025/04/21,2558.5,2563.5,2523,2551.5,734.400024414063
9147,2025/04/22,2536,2555,2525,2555,728.600036621094
9147,2025/04/23,2597.5,2600,2578.5,2578.5,929.200012207031
9147,2025/04/24,2605,2612,2561.5,2572.5,1209.59997558594
9147,2025/04/25,2572.5,2600,2560.5,2586.5,1112.40002441406
9147,2025/04/28,2588,2603,2573,2582.5,816.200012207031
9147,2025/04/30,2592,2592,2534,2547.5,1536.70007324219
9147,2025/05/01,2561.5,2569.5,2540,2552,940.600036621094
9147,2025/05/02,2557,2578.5,2554,2560.5,1021.79998779297
9147,2025/05/07,2551.5,2572.5,2548,2568,1229.80004882813
9147,2025/05/08,2583.5,2584.5,2543,2563.5,879
9147,2025/05/09,2580.5,2590,2552,2584.5,1183.70007324219
9147,2025/05/12,2590,2610.5,2582,2599,920.799987792969
9147,2025/05/13,2601,2629,2591,2604,1924
9147,2025/05/14,2610,2670.5,2607,2640,2520.40014648438
9147,2025/05/15,2611,2692,2611,2664,1617.80004882813
9147,2025/05/16,2663,2688.5,2648.5,2685,1117.5
9147,2025/05/19,2647,2674.5,2625.5,2667,693.100036621094
9147,2025/05/20,2683.5,2683.5,2632.5,2643.5,819.100036621094
9147,2025/05/21,2665,2670,2631.5,2638,728.5
9147,2025/05/22,2607,2611,2588,2611,1186.5
9147,2025/05/23,2611.5,2634,2603,2609.5,829.200012207031
9147,2025/05/26,2615,2637.5,2611,2629,581.799987792969
9147,2025/05/27,2628.5,2643.5,2623.5,2634.5,640.5
9147,2025/05/28,2639.5,2658,2635,2650,848.5
9147,2025/05/29,2647,2685.5,2643.5,2679.5,768.799987792969
9147,2025/05/30,2670,2691.5,2666,2677.5,1223.5
9147,2025/06/02,2667.5,2690.5,2665.5,2687.5,678
9147,2025/06/03,2699,2736,2687.5,2725,1058
9147,2025/06/04,2724.5,2738.5,2714,2726,724.400024414063
9147,2025/06/05,2726,2754,2726,2731.5,867.600036621094
9147,2025/06/06,2747,2767,2743,2756,742.600036621094
9147,2025/06/09,2769,2773.5,2742,2745,770.799987792969
9147,2025/06/10,2745,2749.5,2708,2712.5,831.5
9147,2025/06/11,2720.5,2739,2716,2735,931.200012207031
9147,2025/06/12,2760,2778.5,2752.5,2761.5,1108.20007324219
9147,2025/06/13,2762.5,2783.5,2746,2774,1172.59997558594
9147,2025/06/16,2780,2802,2775,2786,1100.80004882813
9147,2025/06/17,2765,2778,2755,2778,716.299987792969
9147,2025/06/18,2774,2779.5,2767,2778.5,780
9147,2025/06/19,2780,2788,2765.5,2785,925.400024414063
9147,2025/06/20,2785,2803.5,2783.5,2800,2776.5
9147,2025/06/23,2821.5,2832,2798.5,2807,828.5
9147,2025/06/24,2830.5,2857.5,2818,2823.5,1258.59997558594
9147,2025/06/25,2821.5,2830,2800,2818,1280
9147,2025/06/26,2825.5,2865.5,2825.5,2856,1370
9147,2025/06/27,2850,2861,2819,2843.5,2118.80004882813
9147,2025/06/30,2893.5,2921,2851,2892.5,2052.5
9147,2025/07/01,2886.5,2914,2879,2914,1053.40002441406
9147,2025/07/02,2914,2968,2904.5,2963,1074.59997558594
9147,2025/07/03,2950,3010,2940.5,3005,1362.80004882813
9147,2025/07/04,2999.5,3030,2992.5,3014,1239.90002441406
9147,2025/07/07,3080,3107,3061,3097,1721.59997558594
9147,2025/07/08,3092,3148,3090,3142,1592.20007324219
9147,2025/07/09,3158,3250,3157,3213,1741.30004882813
9147,2025/07/10,3200,3202,3166,3196,1421.90002441406
9147,2025/07/11,3212,3260,3197,3215,1186.80004882813
9147,2025/07/14,3215,3245,3211,3220,900.100036621094
9147,2025/07/15,3223,3241,3203,3213,921
9147,2025/07/16,3243,3243,3208,3230,1014.60003662109
9147,2025/07/17,3213,3238,3207,3238,868.900024414063
9147,2025/07/18,3244,3271,3244,3250,1133.90002441406
9147,2025/07/22,3250,3258,3206,3214,1258.70007324219
9147,2025/07/23,3229,3303,3226,3294,1262.90002441406
9147,2025/07/24,3311,3356,3305,3343,1009.20001220703
9147,2025/07/25,3336,3390,3321,3384,786.900024414063
9147,2025/07/28,3370,3378,3333,3333,871.700012207031
9147,2025/07/29,3308,3308,3268,3286,951.400024414063
9147,2025/07/30,3281,3313,3275,3310,757.400024414063
9147,2025/07/31,3315,3337,3300,3316,828.299987792969
9147,2025/08/01,3320,3359,3301,3352,781.799987792969
9147,2025/08/04,3297,3336,3286,3336,729.400024414063
9147,2025/08/05,3348,3392,3335,3381,691.100036621094
9147,2025/08/06,3395,3419,3381,3385,751.600036621094
9147,2025/08/07,3380,3444,3374,3442,840.799987792969
9147,2025/08/08,3442,3456,3426,3451,1273.20007324219
9147,2025/08/12,3106,3106,3011,3025,4613.2001953125
9147,2025/08/13,3060,3130,3054,3128,2687.19995117188
9147,2025/08/14,3112,3135,3095,3135,1153.70007324219
9147,2025/08/15,3116,3133,3106,3125,996.900024414063
9147,2025/08/18,3125,3160,3105,3116,1005
9147,2025/08/19,3108,3119,3078,3116,988
9147,2025/08/20,3150,3206,3123,3172,1384.20007324219
9147,2025/08/21,3153,3205,3140,3192,593.100036621094
9147,2025/08/22,3194,3252,3184,3250,797
9147,2025/08/25,3249,3266,3207,3208,890.299987792969
9147,2025/08/26,3202,3229,3177,3229,1184.09997558594
9147,2025/08/27,3239,3280,3235,3263,895.600036621094
9147,2025/08/28,3263,3300,3253,3289,1342.20007324219
9147,2025/08/29,3258,3299,3235,3235,999.700012207031
9147,2025/09/01,3235,3279,3234,3235,817
9147,2025/09/02,3260,3287,3249,3276,789
9147,2025/09/03,3284,3344,3284,3332,1287.20007324219
9147,2025/09/04,3332,3383,3332,3382,1177.09997558594
9147,2025/09/05,3382,3399,3351,3384,867.400024414063
9147,2025/09/08,3390,3458,3388,3453,1038.09997558594
9147,2025/09/09,3465,3482,3426,3426,851.100036621094
9147,2025/09/10,3426,3454,3412,3442,919.299987792969
9147,2025/09/11,3442,3478,3426,3458,769.299987792969
9147,2025/09/12,3483,3499,3452,3452,840.600036621094
9147,2025/09/16,3424,3484,3420,3475,892
9147,2025/09/17,3460,3460,3389,3399,966.600036621094
9147,2025/09/18,3400,3420,3362,3385,1019.70001220703
9147,2025/09/19,3385,3465,3385,3401,3340
9147,2025/09/22,3393,3430,3387,3392,865.200012207031
9147,2025/09/24,3435,3435,3327,3345,1154.5
9147,2025/09/25,3368,3372,3341,3341,944
9147,2025/09/26,3360,3376,3340,3370,865.600036621094
9147,2025/09/29,3510,3510,3349,3371,1332.90002441406
9147,2025/09/30,3344,3380,3328,3361,960.5
9147,2025/10/01,3371,3391,3300,3319,1379.09997558594
9147,2025/10/02,3323,3349,3252,3290,1136.30004882813
9147,2025/10/03,3273,3308,3273,3277,848.799987792969
9147,2025/10/06,3333,3363,3319,3335,989.400024414063
9147,2025/10/07,3344,3381,3338,3370,1001.40002441406
9147,2025/10/08,3361,3386,3352,3365,791.700012207031
9147,2025/10/09,3365,3408,3365,3402,690.200012207031
9147,2025/10/10,3368,3414,3359,3402,988.100036621094
9147,2025/10/14,3344,3405,3344,3363,1107.59997558594
9147,2025/10/15,3399,3412,3339,3358,851.299987792969
9147,2025/10/16,3364,3395,3338,3338,512.700012207031
9147,2025/10/17,3320,3352,3320,3345,561.299987792969
9147,2025/10/20,3390,3390,3362,3370,568.600036621094
9147,2025/10/21,3370,3388,3363,3368,559.5
9147,2025/10/22,3368,3392,3353,3385,759.700012207031
9147,2025/10/23,3385,3392,3339,3339,818.299987792969
9147,2025/10/24,3340,3369,3329,3329,846.5
9147,2025/10/27,3339,3362,3336,3356,1169.70007324219
9147,2025/10/28,3355,3374,3315,3315,1127.40002441406
9147,2025/10/29,3304,3324,3242,3248,935.700012207031
9147,2025/10/30,3230,3248,3195,3242,1023.79998779297
9147,2025/10/31,3253,3290,3246,3277,923.5
9147,2025/11/04,3277,3318,3260,3288,945.100036621094
9147,2025/11/05,3312,3331,3240,3289,875.700012207031
9147,2025/11/06,3289,3295,3257,3269,778.299987792969
9147,2025/11/07,3275,3300,3262,3300,651.600036621094
9147,2025/11/10,3325,3332,3302,3318,458.399993896484
9147,2025/11/11,3310,3319,3263,3280,575.5
9147,2025/11/12,3280,3306,3251,3268,859.400024414063
9147,2025/11/13,3238,3401,3220,3401,1993.80004882813
9147,2025/11/14,3407,3408,3317,3336,1124.5
9147,2025/11/17,3298,3317,3252,3291,750.900024414063
9147,2025/11/18,3263,3286,3215,3226,742.100036621094
9147,2025/11/19,3275,3276,3218,3218,831.799987792969
9147,2025/11/20,3244,3254,3180,3198,924.799987792969
9147,2025/11/21,3178,3247,3169,3247,1178
9147,2025/11/25,3285,3296,3257,3292,1190.30004882813
9147,2025/11/26,3285,3302,3255,3288,981.600036621094
9147,2025/11/27,3288,3337,3279,3315,804.299987792969
9147,2025/11/28,3310,3319,3285,3312,833.900024414063
9147,2025/12/01,3316,3324,3239,3261,920.600036621094
9147,2025/12/02,3259,3288,3244,3267,601.700012207031
9147,2025/12/03,3246,3288,3240,3258,690.400024414063
9147,2025/12/04,3240,3260,3213,3241,823.400024414063
9147,2025/12/05,3241,3249,3203,3213,589.200012207031
9147,2025/12/08,3253,3330,3240,3291,791.400024414063
9147,2025/12/09,3297,3321,3287,3311,1022.20001220703
9147,2025/12/10,3299,3337,3291,3328,1051
9147,2025/12/11,3328,3328,3267,3267,1045
9147,2025/12/12,3290,3311,3260,3268,1035.70007324219
9147,2025/12/15,3266,3349,3258,3349,652.400024414063
9147,2025/12/16,3349,3356,3320,3321,610.700012207031
9147,2025/12/17,3336,3342,3266,3267,715.100036621094
9147,2025/12/18,3298,3332,3285,3330,1013.20001220703
9147,2025/12/19,3333,3345,3306,3332,937.5
9147,2025/12/22,3329,3340,3311,3319,570.400024414063
9147,2025/12/23,3304,3359,3301,3347,578.700012207031
9147,2025/12/24,3348,3380,3338,3359,589.700012207031
9147,2025/12/25,3370,3370,3326,3339,421.300018310547
9147,2025/12/26,3343,3362,3322,3340,588.299987792969
9147,2025/12/29,3296,3396,3284,3377,2651.80004882813
9147,2025/12/30,3371,3399,3351,3351,547.5
