1332
1489
1514
1605
1662
1719
1802
1803
1808
1860
1861
1878
1885
1893
1911
1928
1951
1963
2002
2222
2267
2269
2317
2331
2371
2413
2432
2433
2502
2503
2531
2579
2585
2670
2678
2726
2801
2802
2871
2897
3003
3038
3063
3064
3086
3088
3092
3099
3105
3116
3132
3197
3289
3293
3382
3391
3401
3405
3407
3436
3474
3635
3655
3659
3687
3778
3923
3941
3993
4042
4046
4061
4088
4114
4151
4180
4182
4183
4202
4204
4208
4259
4272
4324
4369
4373
4384
4385
4403
4443
4503
4506
4507
4527
4528
4536
4543
4568
4587
4612
4613
4661
4666
4676
4680
4732
4751
4755
4768
4901
4911
4912
4927
4980
5016
5019
5020
5076
5110
5333
5406
5411
5471
5541
5602
5711
5726
5727
5741
5830
5831
5844
5929
5938
5991
6113
6141
6178
6254
6268
6315
6323
6326
6330
6407
6417
6448
6460
6473
6479
6526
6544
6594
6632
6674
6703
6723
6724
6752
6754
6762
6770
6845
6849
6869
6902
6923
6952
6963
6965
6971
6976
6981
6988
6996
7013
7167
7182
7186
7202
7203
7220
7259
7261
7267
7269
7270
7272
7276
7282
7327
7337
7419
7453
7552
7616
7630
7649
7731
7733
7747
7752
7762
7867
7912
7936
7951
7956
8015
8058
8086
8088
8153
8233
8252
8253
8267
8304
8306
8308
8331
8334
8358
8359
8368
8410
8418
8439
8473
8593
8601
8604
8697
8725
8750
8795
8801
8802
8804
9001
9005
9006
9007
9009
9020
9021
9023
9041
9042
9048
9064
9076
9107
9143
9147
9201
9202
9301
9412
9418
9433
9468
9502
9503
9506
9507
9508
9509
9513
9603
9616
9684
9697
9843
9962
268A
409A
429A
