1332
1357
1414
1417
1419
1478
1489
1514
1518
1540
1545
1605
1662
1671
1717
1719
1720
1721
1801
1802
1803
1808
1812
1821
1833
1860
1861
1878
1885
1893
1898
1911
1925
1928
1929
1942
1951
1963
2002
2120
2127
2157
2160
2168
2170
2201
2212
2222
2267
2269
2281
2282
2296
2317
2331
2371
2389
2411
2413
2432
2433
2471
2492
2501
2502
2503
2510
2531
2579
2585
2587
2670
2678
2695
2700
2726
2730
2768
2782
2784
2801
2802
2806
2809
2811
2871
2897
2914
2931
2980
3003
3036
3038
3048
3063
3064
3086
3088
3092
3097
3099
3105
3110
3116
3132
3133
3167
3173
3182
3186
3197
3234
3242
3252
3289
3292
3293
3295
3296
3309
3382
3387
3391
3397
3401
3402
3405
3407
3431
3436
3452
3474
3479
3481
3482
3548
3563
3565
3623
3626
3635
3655
3659
3660
3661
3687
3692
3696
3697
3765
3778
3834
3864
3903
3905
3923
3941
3962
3989
3993
3994
4004
4005
4021
4023
4028
4042
4043
4046
4061
4062
4063
4072
4088
4091
4114
4151
4165
4168
4180
4182
4183
4186
4188
4202
4204
4205
4206
4208
4246
4251
4259
4272
4293
4301
4307
4316
4324
4326
4369
4373
4375
4384
4385
4403
4431
4443
4449
4452
4475
4478
4480
4483
4493
4499
4502
4503
4506
4507
4519
4523
4527
4528
4530
4536
4543
4544
4565
4568
4578
4587
4592
4612
4613
4631
4661
4665
4666
4676
4680
4681
4684
4689
4691
4704
4732
4751
4755
4768
4776
4784
4800
4814
4825
4839
4887
4889
4901
4902
4911
4912
4927
4928
4967
4974
4980
4996
5016
5017
5019
5020
5021
5032
5076
5101
5105
5108
5110
5201
5202
5210
5214
5232
5233
5246
5253
5262
5285
5301
5332
5333
5334
5401
5406
5410
5411
5445
5449
5471
5541
5597
5602
5631
5706
5711
5713
5721
5726
5727
5741
5801
5802
5803
5830
5831
5832
5838
5844
5901
5929
5930
5938
5970
5976
5991
6005
6027
6036
6037
6062
6070
6098
6113
6141
6146
6178
6191
6201
6203
6208
6232
6240
6254
6268
6269
6301
6302
6305
6306
6315
6323
6324
6326
6330
6345
6361
6367
6376
6383
6407
6417
6425
6448
6460
6465
6471
6472
6473
6474
6479
6481
6486
6501
6503
6504
6506
6523
6525
6526
6532
6544
6586
6592
6594
6619
6632
6644
6645
6674
6701
6702
6703
6723
6724
6728
6750
6752
6753
6754
6758
6762
6768
6770
6785
6814
6845
6849
6857
6869
6871
6890
6902
6920
6923
6951
6952
6954
6957
6958
6963
6965
6971
6976
6981
6986
6988
6996
6997
7003
7004
7011
7012
7013
7014
7033
7071
7082
7150
7167
7172
7180
7181
7182
7186
7189
7202
7203
7205
7220
7231
7240
7245
7250
7259
7261
7267
7269
7270
7272
7276
7282
7327
7337
7383
7419
7453
7459
7532
7545
7550
7552
7593
7611
7616
7630
7638
7649
7685
7701
7713
7717
7730
7731
7733
7735
7741
7744
7747
7751
7752
7762
7776
7780
7794
7803
7806
7832
7867
7868
7872
7906
7911
7912
7927
7936
7949
7951
7956
7970
7974
7992
7995
8001
8002
8015
8016
8020
8031
8035
8053
8056
8058
8086
8088
8113
8136
8137
8150
8153
8174
8214
8233
8252
8253
8267
8304
8306
8308
8309
8316
8331
8334
8338
8346
8354
8358
8359
8368
8377
8381
8383
8410
8411
8416
8418
8425
8439
8473
8515
8524
8544
8550
8570
8584
8585
8591
8593
8595
8600
8601
8604
8616
8630
8697
8698
8714
8715
8725
8750
8766
8783
8795
8801
8802
8804
8830
8848
8876
8954
8957
8984
9001
9005
9006
9007
9009
9020
9021
9022
9023
9024
9041
9042
9048
9064
9069
9076
9090
9101
9104
9107
9143
9147
9201
9202
9211
9235
9278
9279
9284
9301
9324
9338
9381
9412
9418
9432
9433
9467
9468
9474
9501
9502
9503
9504
9505
9506
9507
9508
9509
9513
9517
9519
9531
9532
9533
9552
9602
9603
9616
9627
9684
9697
9706
9719
9735
9757
9763
9766
9831
9837
9842
9843
9861
9887
9962
9983
9984
9989












.N225
141A
176A
268A
2USDJPY
31#GCmain
31#NVDA
366A
409A
429A
CC#BTC
NK225main
